,0,1,2,3,4,5,6,7,8,9,10,11,12,13,14,15,16,17,18,19,20,21,22,23,24,25,26,27,28,29,30,31,32,33,34,35,36,37,38,39,40,41,42,43,44,45,46,47,48,49,50,51,52,53,54,55,56,57,58,59,60,61,62,63,64,65,66,67,68,69,70,71,72,73,74,75,76,77,78,79,80,81,82,83,84,85,86,87,88,89,90,91,92,93,94,95,96,97,98,99,100,101,102,103,104,105,106,107,108,109,110,111,112,113,114,115,116,117,118,119,120,121,122,123,124,125,126,127,128,129,130,131,132,133,134,135,136,137,138,139,140,141,142,143,144,145,146,147,148,149,150,151,152,153,154,155,156,157,158,159,160,161,162,163,164,165,166,167,168,169,170,171,172,173,174,175,176,177,178,179,180,181,182,183,184,185,186,187,188,189,190,191,192,193,194,195,196,197,198,199,200,201,202,203,204,205,206,207,208,209,210,211,212,213,214,215,216,217,218,219,220,221,222,223,224,225,226,227,228,229,230,231,232,233,234,235,236,237,238,239,240,241,242,243,244,245,246,247,248,249,250,251,252,253,254,255,256,257,258,259,260,261,262,263,264,265,266,267,268,269,270,271,272,273,274,275,276,277,278,279,280,281,282,283,284,285,286,287,288,289,290,291,292,293,294,295,296,297,298,299,300,301,302,303,304,305,306,307,308,309,310,311,312,313,314,315,316,317,318,319,320,321,322,323,324,325,326,327,328,329,330,331,332,333,334,335,336,337,338,339,340,341,342,343,344,345,346,347,348,349,350,351,352,353,354,355,356,357,358,359,360,361,362,363,364,365,366,367,368,369,370,371,372,373,374,375,376,377,378,379,380,381,382,383,384,385,386,387,388,389,390,391,392,393,394,395,396,397,398,399,400,401,402,403,404,405,406,407,408,409,410,411,412,413,414,415,416,417,418,419,420,421,422,423,424,425,426,427,428,429,430,431,432,433,434,435,436,437,438,439,440,441,442,443,444,445,446,447,448,449,450,451,452,453,454,455,456,457,458,459,460,461,462,463,464,465,466,467,468,469,470,471,472,473,474,475,476,477,478,479,480,481,482,483,484,485,486,487,488,489,490,491,492,493,494,495,496,497,498,499,500,501,502,503,504,505,506,507,508,509,510,511,512,513,514,515,516,517,518,519,520,521,522,523,524,525,526,527,528,529,530,531,532,533,534,535,536,537,538,539,540,541,542,543,544,545,546,547,548,549,550,551,552,553,554,555,556,557,558,559,560,561,562,563,564,565,566,567,568,569,570,571,572,573,574,575,576,577,578,579,580,581,582,583,584,585,586,587,588,589,590,591,592,593,594,595,596,597,598,599,600,601,602,603,604,605,606,607,608,609,610,611,612,613,614,615,616,617,618,619,620,621,622,623,624,625,626,627,628,629,630,631,632,633,634,635,636,637,638,639,640,641,642,643,644,645,646,647,648,649,650,651,652,653,654,655,656,657,658,659,660,661,662,663,664,665,666,667,668,669,670,671,672,673,674,675,676,677,678,679,680,681,682,683,684,685,686,687,688,689,690,691,692,693,694,695,696,697,698,699,700,701,702,703,704,705,706,707,708,709,710,711,712,713,714,715,716,717,718,719,720,721,722,723,724,725,726,727,728,729,730,731,732,733,734,735,736,737,738,739,740,741,742,743,744,745,746,747,748,749,750,751,752,753,754,755,756,757,758,759,760,761,762,763,764,765,766,767,768,769,770,771,772,773,774,775,776,777,778,779,780,781,782,783,784,785,786,787,788,789,790,791,792,793,794,795,796,797,798,799,800,801,802,803,804,805,806,807,808,809,810,811,812,813,814,815,816,817,818,819,820,821,822,823,824,825,826,827,828,829,830,831,832,833,834,835,836,837,838,839,840,841,842,843,844,845,846,847,848,849,850,851,852,853,854,855,856,857,858,859,860,861,862,863,864,865,866,867,868,869,870,871,872,873,874,875,876,877,878,879,880,881,882,883,884,885,886,887,888,889,890,891,892,893,894,895,896,897,898,899,900,901,902,903,904,905,906,907,908,909,910,911,912,913,914,915,916,917,918,919,920,921,922,923,924,925,926,927,928,929,930,931,932,933,934,935,936,937,938,939,940,941,942,943,944,945,946,947,948,949,950,951,952,953,954,955,956,957,958,959,960,961,962,963,964,965,966,967,968,969,970,971,972,973,974,975,976,977,978,979,980,981,982,983,984,985,986,987,988,989,990,991,992,993,994,995,996,997,998,999,1000,1001,1002,1003,1004,1005,1006,1007,1008,1009,1010,1011,1012,1013,1014,1015,1016,1017,1018,1019,1020,1021,1022,1023,1024,1025,1026,1027,1028,1029,1030,1031,1032,1033,1034,1035,1036,1037,1038,1039,1040,1041,1042,1043,1044,1045,1046,1047,1048,1049,1050,1051,1052,1053,1054,1055,1056,1057,1058,1059,1060,1061,1062,1063,1064,1065,1066,1067,1068,1069,1070,1071,1072,1073,1074,1075,1076,1077,1078,1079,1080,1081,1082,1083,1084,1085,1086,1087,1088,1089,1090,1091,1092,1093,1094,1095,1096,1097,1098,1099,1100,1101,1102,1103,1104,1105,1106,1107,1108,1109,1110,1111,1112,1113,1114,1115,1116,1117,1118,1119,1120,1121,1122,1123,1124,1125,1126,1127,1128,1129,1130,1131,1132,1133,1134,1135,1136,1137,1138,1139,1140,1141,1142,1143,1144,1145,1146,1147,1148,1149,1150,1151,1152,1153,1154,1155,1156,1157,1158,1159,1160,1161,1162,1163,1164,1165,1166,1167,1168,1169,1170,1171,1172,1173,1174,1175,1176,1177,1178,1179,1180,1181,1182,1183,1184,1185,1186,1187,1188,1189,1190,1191,1192,1193,1194,1195,1196,1197,1198,1199,1200,1201,1202,1203,1204,1205,1206,1207,1208,1209,1210,1211,1212,1213,1214,1215,1216,1217,1218,1219,1220,1221,1222,1223,1224,1225,1226,1227,1228,1229,1230,1231,1232,1233,1234,1235,1236,1237,1238,1239,1240,1241,1242,1243,1244,1245,1246,1247,1248,1249,1250,1251,1252,1253,1254,1255,1256,1257,1258,1259,1260,1261,1262,1263,1264,1265,1266,1267,1268,1269,1270,1271,1272,1273,1274,1275,1276,1277,1278,1279,1280,1281,1282,1283,1284,1285,1286,1287,1288,1289,1290,1291,1292,1293,1294,1295,1296,1297,1298,1299,1300,1301,1302,1303,1304,1305,1306,1307,1308,1309,1310,1311,1312,1313,1314,1315,1316,1317,1318,1319,1320,1321,1322,1323,1324,1325,1326,1327,1328,1329,1330,1331,1332,1333,1334,1335,1336,1337,1338,1339,1340,1341,1342,1343,1344,1345,1346,1347,1348,1349,1350,1351,1352,1353,1354,1355,1356,1357,1358,1359,1360,1361,1362,1363,1364,1365,1366,1367,1368,1369,1370,1371,1372,1373,1374,1375,1376,1377,1378,1379,1380,1381,1382,1383,1384,1385,1386,1387,1388,1389,1390,1391,1392,1393,1394,1395,1396,1397,1398,1399,1400,1401,1402,1403,1404,1405,1406,1407,1408,1409,1410,1411,1412,1413,1414,1415,1416,1417,1418,1419,1420,1421,1422,1423,1424,1425,1426,1427,1428,1429,1430,1431,1432,1433,1434,1435,1436,1437,1438,1439,1440,1441,1442,1443,1444,1445,1446,1447,1448,1449,1450,1451,1452,1453,1454,1455,1456,1457,1458,1459,1460,1461,1462,1463,1464,1465,1466,1467,1468,1469,1470,1471,1472,1473,1474,1475,1476,1477,1478,1479,1480,1481,1482,1483,1484,1485,1486,1487,1488,1489,1490,1491,1492,1493,1494,1495,1496,1497,1498,1499,1500,1501,1502,1503,1504,1505,1506,1507,1508,1509,1510,1511,1512,1513,1514,1515,1516,1517,1518,1519,1520,1521,1522,1523,1524,1525,1526,1527,1528,1529,1530,1531,1532,1533,1534,1535,1536,1537,1538,1539,1540,1541,1542,1543,1544,1545,1546,1547,1548,1549,1550,1551,1552,1553,1554,1555,1556,1557,1558,1559,1560,1561,1562,1563,1564,1565,1566,1567,1568,1569,1570,1571,1572,1573,1574,1575,1576,1577,1578,1579,1580,1581,1582,1583,1584,1585,1586,1587,1588,1589,1590,1591,1592,1593,1594,1595,1596,1597,1598,1599,1600,1601,1602,1603,1604,1605,1606,1607,1608,1609,1610,1611,1612,1613,1614,1615,1616,1617,1618,1619,1620,1621,1622,1623,1624,1625,1626,1627,1628,1629,1630,1631,1632,1633,1634,1635,1636,1637,1638,1639,1640,1641,1642,1643,1644,1645,1646,1647,1648,1649,1650,1651,1652,1653,1654,1655,1656,1657,1658,1659,1660,1661,1662,1663,1664,1665,1666,1667,1668,1669,1670,1671,1672,1673,1674,1675,1676,1677,1678,1679,1680,1681,1682,1683,1684,1685,1686,1687,1688,1689,1690,1691,1692,1693,1694,1695,1696,1697,1698,1699,1700,1701,1702,1703,1704,1705,1706,1707,1708,1709,1710,1711,1712,1713,1714,1715,1716,1717,1718,1719,1720,1721,1722,1723,1724,1725,1726,1727,1728,1729,1730,1731,1732,1733,1734,1735,1736,1737,1738,1739,1740,1741,1742,1743,1744,1745,1746,1747,1748,1749,1750,1751,1752,1753,1754,1755,1756,1757,1758,1759,1760,1761,1762,1763,1764,1765,1766,1767,1768,1769,1770,1771,1772,1773,1774,1775,1776,1777,1778,1779,1780,1781,1782,1783,1784,1785,1786,1787,1788,1789,1790,1791,1792,1793,1794,1795,1796,1797,1798,1799,1800,1801,1802,1803,1804,1805,1806,1807,1808,1809,1810,1811,1812,1813,1814,1815,1816,1817,1818,1819,1820,1821,1822,1823,1824,1825,1826,1827,1828,1829,1830,1831,1832,1833,1834,1835,1836,1837,1838,1839,1840,1841,1842,1843,1844,1845,1846,1847,1848,1849,1850,1851,1852,1853,1854,1855,1856,1857,1858,1859,1860,1861,1862,1863,1864,1865,1866,1867,1868,1869,1870,1871,1872,1873,1874,1875,1876,1877,1878,1879,1880,1881,1882,1883,1884,1885,1886,1887,1888,1889,1890,1891,1892,1893,1894,1895,1896,1897,1898,1899,1900,1901,1902,1903,1904,1905,1906,1907,1908,1909,1910,1911,1912,1913,1914,1915,1916,1917,1918,1919,1920,1921,1922,1923,1924,1925,1926,1927,1928,1929,1930,1931,1932,1933,1934,1935,1936,1937,1938,1939,1940,1941,1942,1943,1944,1945,1946,1947,1948,1949,1950,1951,1952,1953,1954,1955,1956,1957,1958,1959,1960,1961,1962,1963,1964,1965,1966,1967,1968,1969,1970,1971,1972,1973,1974,1975,1976,1977,1978,1979,1980,1981,1982,1983,1984,1985,1986,1987,1988,1989,1990,1991,1992,1993,1994,1995,1996,1997,1998,1999,2000,2001,2002,2003,2004,2005,2006,2007,2008,2009,2010,2011,2012,2013,2014,2015,2016,2017,2018,2019,2020,2021,2022,2023,2024,2025,2026,2027,2028,2029,2030,2031,2032,2033,2034,2035,2036,2037,2038,2039,2040,2041,2042,2043,2044,2045,2046,2047,2048,2049,2050,2051,2052,2053,2054,2055,2056,2057,2058,2059,2060,2061,2062,2063,2064,2065,2066,2067,2068,2069,2070,2071,2072,2073,2074,2075,2076,2077,2078,2079,2080,2081,2082,2083,2084,2085,2086,2087,2088,2089,2090,2091,2092,2093,2094,2095,2096,2097,2098,2099,2100,2101,2102,2103,2104,2105,2106,2107,2108,2109,2110,2111,2112,2113,2114,2115,2116,2117,2118,2119,2120,2121,2122,2123,2124,2125,2126,2127,2128,2129,2130,2131,2132,2133,2134,2135,2136,2137,2138,2139,2140,2141,2142,2143,2144,2145,2146,2147,2148,2149,2150,2151,2152,2153,2154,2155,2156,2157,2158,2159,2160,2161,2162,2163,2164,2165,2166,2167,2168,2169,2170,2171,2172,2173,2174,2175,2176,2177,2178,2179,2180,2181,2182,2183,2184,2185,2186,2187,2188,2189,2190,2191,2192,2193,2194,2195,2196,2197,2198,2199,2200,2201,2202,2203,2204,2205,2206,2207,2208,2209,2210,2211,2212,2213,2214,2215,2216,2217,2218,2219,2220,2221,2222,2223,2224,2225,2226,2227,2228,2229,2230,2231,2232,2233,2234,2235,2236,2237,2238,2239,2240,2241,2242,2243,2244,2245,2246,2247,2248,2249,2250,2251,2252,2253,2254,2255,2256,2257,2258,2259,2260,2261,2262,2263,2264,2265,2266,2267,2268,2269,2270,2271,2272,2273,2274,2275,2276,2277,2278,2279,2280,2281,2282,2283,2284,2285,2286,2287,2288,2289,2290,2291,2292,2293,2294,2295,2296,2297,2298,2299,2300,2301,2302,2303,2304,2305,2306,2307,2308,2309,2310,2311,2312,2313,2314,2315,2316,2317,2318,2319,2320,2321,2322,2323,2324,2325,2326,2327,2328,2329,2330,2331,2332,2333,2334,2335,2336,2337,2338,2339,2340,2341,2342,2343,2344,2345,2346,2347,2348,2349,2350,2351,2352,2353,2354,2355,2356,2357,2358,2359,2360,2361,2362,2363,2364,2365,2366,2367,2368,2369,2370,2371,2372,2373,2374,2375,2376,2377,2378,2379,2380,2381,2382,2383,2384,2385,2386,2387,2388,2389,2390,2391,2392,2393,2394,2395,2396,2397,2398,2399,2400,2401,2402,2403,2404,2405,2406,2407,2408,2409,2410,2411,2412,2413,2414,2415,2416,2417,2418,2419,2420,2421,2422,2423,2424,2425,2426,2427,2428,2429,2430,2431,2432,2433,2434,2435,2436,2437,2438,2439,2440,2441,2442,2443,2444,2445,2446,2447,2448,2449,2450,2451,2452,2453,2454,2455,2456,2457,2458,2459,2460,2461,2462,2463,2464,2465,2466,2467,2468,2469,2470,2471,2472,2473,2474,2475,2476,2477,2478,2479,2480,2481,2482,2483,2484,2485,2486,2487,2488,2489,2490,2491,2492,2493,2494,2495,2496,2497,2498,2499,2500,2501,2502,2503,2504,2505,2506,2507,2508,2509,2510,2511,2512,2513,2514,2515,2516,2517,2518,2519,2520,2521,2522,2523,2524,2525,2526,2527,2528,2529,2530,2531,2532,2533,2534,2535,2536,2537,2538,2539,2540,2541,2542,2543,2544,2545,2546,2547,2548,2549,2550,2551,2552,2553,2554,2555,2556,2557,2558,2559,2560,2561,2562,2563,2564,2565,2566,2567,2568,2569,2570,2571,2572,2573,2574,2575,2576,2577,2578,2579,2580,2581,2582,2583,2584,2585,2586,2587,2588,2589,2590,2591,2592,2593,2594,2595,2596,2597,2598,2599,2600,2601,2602,2603,2604,2605,2606,2607,2608,2609,2610,2611,2612,2613,2614,2615,2616,2617,2618,2619,2620,2621,2622,2623,2624,2625,2626,2627,2628,2629,2630,2631,2632,2633,2634,2635,2636,2637,2638,2639,2640,2641,2642,2643,2644,2645,2646,2647,2648,2649,2650,2651,2652,2653,2654,2655,2656,2657,2658,2659,2660,2661,2662,2663,2664,2665,2666,2667,2668,2669,2670,2671,2672,2673,2674,2675,2676,2677,2678,2679,2680,2681,2682,2683,2684,2685,2686,2687,2688,2689,2690,2691,2692,2693,2694,2695,2696,2697,2698,2699,2700,2701,2702,2703,2704,2705,2706,2707,2708,2709,2710,2711,2712,2713,2714,2715,2716,2717,2718,2719,2720,2721,2722,2723,2724,2725,2726,2727,2728,2729,2730,2731,2732,2733,2734,2735,2736,2737,2738,2739,2740,2741,2742,2743,2744,2745,2746,2747,2748,2749,2750,2751,2752,2753,2754,2755,2756,2757,2758,2759,2760,2761,2762,2763,2764,2765,2766,2767,2768,2769,2770,2771,2772,2773,2774,2775,2776,2777,2778,2779,2780,2781,2782,2783,2784,2785,2786,2787,2788,2789,2790,2791,2792,2793,2794,2795,2796,2797,2798,2799,2800,2801,2802,2803,2804,2805,2806,2807,2808,2809,2810,2811,2812,2813,2814,2815,2816,2817,2818,2819,2820,2821,2822,2823,2824,2825,2826,2827,2828,2829,2830,2831,2832,2833,2834,2835,2836,2837,2838,2839,2840,2841,2842,2843,2844,2845,2846,2847,2848,2849,2850,2851,2852,2853,2854,2855,2856,2857,2858,2859,2860,2861,2862,2863,2864,2865,2866,2867,2868,2869,2870,2871,2872,2873,2874,2875,2876,2877,2878,2879,2880,2881,2882,2883,2884,2885,2886,2887,2888,2889,2890,2891,2892,2893,2894,2895,2896,2897,2898,2899,2900,2901,2902,2903,2904,2905,2906,2907,2908,2909,2910,2911,2912,2913,2914,2915,2916,2917,2918,2919,2920,2921,2922,2923,2924,2925,2926,2927,2928,2929,2930,2931,2932,2933,2934,2935,2936,2937,2938,2939,2940,2941,2942,2943,2944,2945,2946,2947,2948,2949,2950,2951,2952,2953,2954,2955,2956,2957,2958,2959,2960,2961,2962,2963,2964,2965,2966,2967,2968,2969,2970,2971,2972,2973,2974,2975,2976,2977,2978,2979,2980,2981,2982,2983,2984,2985,2986,2987,2988,2989,2990,2991,2992,2993,2994,2995,2996,2997,2998,2999,3000,3001,3002,3003,3004,3005,3006,3007,3008,3009,3010,3011,3012,3013,3014,3015,3016,3017,3018,3019,3020,3021,3022,3023,3024,3025,3026,3027,3028,3029,3030,3031,3032,3033,3034,3035,3036,3037,3038,3039,3040,3041,3042,3043,3044,3045,3046,3047,3048,3049,3050,3051,3052,3053,3054,3055,3056,3057,3058,3059,3060,3061,3062,3063,3064,3065,3066,3067,3068,3069,3070,3071,3072,3073,3074,3075,3076,3077,3078,3079,3080,3081,3082,3083,3084,3085,3086,3087,3088,3089,3090,3091,3092,3093,3094,3095,3096,3097,3098,3099,3100,3101,3102,3103,3104,3105,3106,3107,3108,3109,3110,3111,3112,3113,3114,3115,3116,3117,3118,3119,3120,3121,3122,3123,3124,3125,3126,3127,3128,3129,3130,3131,3132,3133,3134,3135,3136,3137,3138,3139,3140,3141,3142,3143,3144,3145,3146,3147,3148,3149,3150,3151,3152,3153,3154,3155,3156,3157,3158,3159,3160,3161,3162,3163,3164,3165,3166,3167,3168,3169,3170,3171,3172,3173,3174,3175,3176,3177,3178,3179,3180,3181,3182,3183,3184,3185,3186,3187,3188,3189,3190,3191,3192,3193,3194,3195,3196,3197,3198,3199,3200,3201,3202,3203,3204,3205,3206,3207,3208,3209,3210,3211,3212,3213,3214,3215,3216,3217,3218,3219,3220,3221,3222,3223,3224,3225,3226,3227,3228,3229,3230,3231,3232,3233,3234,3235,3236,3237,3238,3239,3240,3241,3242,3243,3244,3245,3246,3247,3248,3249,3250,3251,3252,3253,3254,3255,3256,3257,3258,3259,3260,3261,3262,3263,3264,3265,3266,3267,3268,3269,3270,3271,3272,3273,3274,3275,3276,3277,3278,3279,3280,3281,3282,3283,3284,3285,3286,3287,3288,3289,3290,3291,3292,3293,3294,3295,3296,3297,3298,3299,3300,3301,3302,3303,3304,3305,3306,3307,3308,3309,3310,3311,3312,3313,3314,3315,3316,3317,3318,3319,3320,3321,3322,3323,3324,3325,3326,3327,3328,3329,3330,3331,3332,3333,3334,3335,3336,3337,3338,3339,3340,3341,3342,3343,3344,3345,3346,3347,3348,3349,3350,3351,3352,3353,3354,3355,3356,3357,3358,3359,3360,3361,3362,3363,3364,3365,3366,3367,3368,3369,3370,3371,3372,3373,3374,3375,3376,3377,3378,3379,3380,3381,3382,3383,3384,3385,3386,3387,3388,3389,3390,3391,3392,3393,3394,3395,3396,3397,3398,3399,3400,3401,3402,3403,3404,3405,3406,3407,3408,3409,3410,3411,3412,3413,3414,3415,3416,3417,3418,3419,3420,3421,3422,3423,3424,3425,3426,3427,3428,3429,3430,3431,3432,3433,3434,3435,3436,3437,3438,3439,3440,3441,3442,3443,3444,3445,3446,3447,3448,3449,3450,3451,3452,3453,3454,3455,3456,3457,3458,3459,3460,3461,3462,3463,3464,3465,3466,3467,3468,3469,3470,3471,3472,3473,3474,3475,3476,3477,3478,3479,3480,3481,3482,3483,3484,3485,3486,3487,3488,3489,3490,3491,3492,3493,3494,3495,3496,3497,3498,3499,3500,3501,3502,3503,3504,3505,3506,3507,3508,3509,3510,3511,3512,3513,3514,3515,3516,3517,3518,3519,3520,3521,3522,3523,3524,3525,3526,3527,3528,3529,3530,3531,3532,3533,3534,3535,3536,3537,3538,3539,3540,3541,3542,3543,3544,3545,3546,3547,3548,3549,3550,3551,3552,3553,3554,3555,3556,3557,3558,3559,3560,3561,3562,3563,3564,3565,3566,3567,3568,3569,3570,3571,3572,3573,3574,3575,3576,3577,3578,3579,3580,3581,3582,3583,3584,3585,3586,3587,3588,3589,3590,3591,3592,3593,3594,3595,3596,3597,3598,3599,3600,3601,3602,3603,3604,3605,3606,3607,3608,3609,3610,3611,3612,3613,3614,3615,3616,3617,3618,3619,3620,3621,3622,3623,3624,3625,3626,3627,3628,3629,3630,3631,3632,3633,3634,3635,3636,3637,3638,3639,3640,3641,3642,3643,3644,3645,3646,3647,3648,3649,3650,3651,3652,3653,3654,3655,3656,3657,3658,3659,3660,3661,3662,3663,3664,3665,3666,3667,3668,3669,3670,3671,3672,3673,3674,3675,3676,3677,3678,3679,3680,3681,3682,3683,3684,3685,3686,3687,3688,3689,3690,3691,3692,3693,3694,3695,3696,3697,3698,3699,3700,3701,3702,3703,3704,3705,3706,3707,3708,3709,3710,3711,3712,3713,3714,3715,3716,3717,3718,3719,3720,3721,3722,3723,3724,3725,3726,3727,3728,3729,3730,3731,3732,3733,3734,3735,3736,3737,3738,3739,3740,3741,3742,3743,3744,3745,3746,3747,3748,3749,3750,3751,3752,3753,3754,3755,3756,3757,3758,3759,3760,3761,3762,3763,3764,3765,3766,3767,3768,3769,3770,3771,3772,3773,3774,3775,3776,3777,3778,3779,3780,3781,3782,3783,3784,3785,3786,3787,3788,3789,3790,3791,3792,3793,3794,3795,3796,3797,3798,3799,3800,3801,3802,3803,3804,3805,3806,3807,3808,3809,3810,3811,3812,3813,3814,3815,3816,3817,3818,3819,3820,3821,3822,3823,3824,3825,3826,3827,3828,3829,3830,3831,3832,3833,3834,3835,3836,3837,3838,3839,3840,3841,3842,3843,3844,3845,3846,3847,3848,3849,3850,3851,3852,3853,3854,3855,3856,3857,3858,3859,3860,3861,3862,3863,3864,3865,3866,3867,3868,3869,3870,3871,3872,3873,3874,3875,3876,3877,3878,3879,3880,3881,3882,3883,3884,3885,3886,3887,3888,3889,3890,3891,3892,3893,3894,3895,3896,3897,3898,3899,3900,3901,3902,3903,3904,3905,3906,3907,3908,3909,3910,3911,3912,3913,3914,3915,3916,3917,3918,3919,3920,3921,3922,3923,3924,3925,3926,3927,3928,3929,3930,3931,3932,3933,3934,3935,3936,3937,3938,3939,3940,3941,3942,3943,3944,3945,3946,3947,3948,3949,3950,3951,3952,3953,3954,3955,3956,3957,3958,3959,3960,3961,3962,3963,3964,3965,3966,3967,3968,3969,3970,3971,3972,3973,3974,3975,3976,3977,3978,3979,3980,3981,3982,3983,3984,3985,3986,3987,3988,3989,3990,3991,3992,3993,3994,3995,3996,3997,3998,3999,4000,4001,4002,4003,4004,4005,4006,4007,4008,4009,4010,4011,4012,4013,4014,4015,4016,4017,4018,4019,4020,4021,4022,4023,4024,4025,4026,4027,4028,4029,4030,4031,4032,4033,4034,4035,4036,4037,4038,4039,4040,4041,4042,4043,4044,4045,4046,4047,4048,4049,4050,4051,4052,4053,4054,4055,4056,4057,4058,4059,4060,4061,4062,4063,4064,4065,4066,4067,4068,4069,4070,4071,4072,4073,4074,4075,4076,4077,4078,4079,4080,4081,4082,4083,4084,4085,4086,4087,4088,4089,4090,4091,4092,4093,4094,4095,4096,4097,4098,4099,4100,4101,4102,4103,4104,4105,4106,4107,4108,4109,4110,4111,4112,4113,4114,4115,4116,4117,4118,4119,4120,4121,4122,4123,4124,4125,4126,4127,4128,4129,4130,4131,4132,4133,4134,4135,4136,4137,4138,4139,4140,4141,4142,4143,4144,4145,4146,4147,4148,4149,4150,4151,4152,4153,4154,4155,4156,4157,4158,4159,4160,4161,4162,4163,4164,4165,4166,4167,4168,4169,4170,4171,4172,4173,4174,4175,4176,4177,4178,4179,4180,4181,4182,4183,4184,4185,4186,4187,4188,4189,4190,4191,4192,4193,4194,4195,4196,4197,4198,4199,4200,4201,4202,4203,4204,4205,4206,4207,4208,4209,4210,4211,4212,4213,4214,4215,4216,4217,4218,4219,4220,4221,4222,4223,4224,4225,4226,4227,4228,4229,4230,4231,4232,4233,4234,4235,4236,4237,4238,4239,4240,4241,4242,4243,4244,4245,4246,4247,4248,4249,4250,4251,4252,4253,4254,4255,4256,4257,4258,4259,4260,4261,4262,4263,4264,4265,4266,4267,4268,4269,4270,4271,4272,4273,4274,4275,4276,4277,4278,4279,4280,4281,4282,4283,4284,4285,4286,4287,4288,4289,4290,4291,4292,4293,4294,4295,4296,4297,4298,4299,4300,4301,4302,4303,4304,4305,4306,4307,4308,4309,4310,4311,4312,4313,4314,4315,4316,4317,4318,4319,4320,4321,4322,4323,4324,4325,4326,4327,4328,4329,4330,4331,4332,4333,4334,4335,4336,4337,4338,4339,4340,4341,4342,4343,4344,4345,4346,4347,4348,4349,4350,4351,4352,4353,4354,4355,4356,4357,4358,4359,4360,4361,4362,4363,4364,4365,4366,4367,4368,4369,4370,4371,4372,4373,4374,4375,4376,4377,4378,4379,4380,4381,4382,4383,4384,4385,4386,4387,4388,4389,4390,4391,4392,4393,4394,4395,4396,4397,4398,4399,4400,4401,4402,4403,4404,4405,4406,4407,4408,4409,4410,4411,4412,4413,4414,4415,4416,4417,4418,4419,4420,4421,4422,4423,4424,4425,4426,4427,4428,4429,4430,4431,4432,4433,4434,4435,4436,4437,4438,4439,4440,4441,4442,4443,4444,4445,4446,4447,4448,4449,4450,4451,4452,4453,4454,4455,4456,4457,4458,4459,4460,4461,4462,4463,4464,4465,4466,4467,4468,4469,4470,4471,4472,4473,4474,4475,4476,4477,4478,4479,4480,4481,4482,4483,4484,4485,4486,4487,4488,4489,4490,4491,4492,4493,4494,4495,4496,4497,4498,4499,4500,4501,4502,4503,4504,4505,4506,4507,4508,4509,4510,4511,4512,4513,4514,4515,4516,4517,4518,4519,4520,4521,4522,4523,4524,4525,4526,4527,4528,4529,4530,4531,4532,4533,4534,4535,4536,4537,4538,4539,4540,4541,4542,4543,4544,4545,4546,4547,4548,4549,4550,4551,4552,4553,4554,4555,4556,4557,4558,4559,4560,4561,4562,4563,4564,4565,4566,4567,4568,4569,4570,4571,4572,4573,4574,4575,4576,4577,4578,4579,4580,4581,4582,4583,4584,4585,4586,4587,4588,4589,4590,4591,4592,4593,4594,4595,4596,4597,4598,4599,4600,4601,4602,4603,4604,4605,4606,4607,4608,4609,4610,4611,4612,4613,4614,4615,4616,4617,4618,4619,4620,4621,4622,4623,4624,4625,4626,4627,4628,4629,4630,4631,4632,4633,4634,4635,4636,4637,4638,4639,4640,4641,4642,4643,4644,4645,4646,4647,4648,4649,4650,4651,4652,4653,4654,4655,4656,4657,4658,4659,4660,4661,4662,4663,4664,4665,4666,4667,4668,4669,4670,4671,4672,4673,4674,4675,4676,4677,4678,4679,4680,4681,4682,4683,4684,4685,4686,4687,4688,4689,4690,4691,4692,4693,4694,4695,4696,4697,4698,4699,4700,4701,4702,4703,4704,4705,4706,4707,4708,4709,4710,4711,4712,4713,4714,4715,4716,4717,4718,4719,4720,4721,4722,4723,4724,4725,4726,4727,4728,4729,4730,4731,4732,4733,4734,4735,4736,4737,4738,4739,4740,4741,4742,4743,4744,4745,4746,4747,4748,4749,4750,4751,4752,4753,4754,4755,4756,4757,4758,4759,4760,4761,4762,4763,4764,4765,4766,4767,4768,4769,4770,4771,4772,4773,4774,4775,4776,4777,4778,4779,4780,4781,4782,4783,4784,4785,4786,4787,4788,4789,4790,4791,4792,4793,4794,4795,4796,4797,4798,4799,4800,4801,4802,4803,4804,4805,4806,4807,4808,4809,4810,4811,4812,4813,4814,4815,4816,4817,4818,4819,4820,4821,4822,4823,4824,4825,4826,4827,4828,4829,4830,4831,4832,4833,4834,4835,4836,4837,4838,4839,4840,4841,4842,4843,4844,4845,4846,4847,4848,4849,4850,4851,4852,4853,4854,4855,4856,4857,4858,4859,4860,4861,4862,4863,4864,4865,4866,4867,4868,4869,4870,4871,4872,4873,4874,4875,4876,4877,4878,4879,4880,4881,4882,4883,4884,4885,4886,4887,4888,4889,4890,4891,4892,4893,4894,4895,4896,4897,4898,4899,4900,4901,4902,4903,4904,4905,4906,4907,4908,4909,4910,4911,4912,4913,4914,4915,4916,4917,4918,4919,4920,4921,4922,4923,4924,4925,4926,4927,4928,4929,4930,4931,4932,4933,4934,4935,4936,4937,4938,4939,4940,4941,4942,4943,4944,4945,4946,4947,4948,4949,4950,4951,4952,4953,4954,4955,4956,4957,4958,4959,4960,4961,4962,4963,4964,4965,4966,4967,4968,4969,4970,4971,4972,4973,4974,4975,4976,4977,4978,4979,4980,4981,4982,4983,4984,4985,4986,4987,4988,4989,4990,4991,4992,4993,4994,4995,4996,4997,4998,4999,5000,5001,5002,5003,5004,5005,5006,5007,5008,5009,5010,5011,5012,5013,5014,5015,5016,5017,5018,5019,5020,5021,5022,5023,5024,5025,5026,5027,5028,5029,5030,5031,5032,5033,5034,5035,5036,5037,5038,5039,5040,5041,5042,5043,5044,5045,5046,5047,5048,5049,5050,5051,5052,5053,5054,5055,5056,5057,5058,5059,5060,5061,5062,5063,5064,5065,5066,5067,5068,5069,5070,5071,5072,5073,5074,5075,5076,5077,5078,5079,5080,5081,5082,5083,5084,5085,5086,5087,5088,5089,5090,5091,5092,5093,5094,5095,5096,5097,5098,5099,5100,5101,5102,5103,5104,5105,5106,5107,5108,5109,5110,5111,5112,5113,5114,5115,5116,5117,5118,5119,5120,5121,5122,5123,5124,5125,5126,5127,5128,5129,5130,5131,5132,5133,5134,5135,5136,5137,5138,5139,5140,5141,5142,5143,5144,5145,5146,5147,5148,5149,5150,5151,5152,5153,5154,5155,5156,5157,5158,5159,5160,5161,5162,5163,5164,5165,5166,5167,5168,5169,5170,5171,5172,5173,5174,5175,5176,5177,5178,5179,5180,5181,5182,5183,5184,5185,5186,5187,5188,5189,5190,5191,5192,5193,5194,5195,5196,5197,5198,5199,5200,5201,5202,5203,5204,5205,5206,5207,5208,5209,5210,5211,5212,5213,5214,5215,5216,5217,5218,5219,5220,5221,5222,5223,5224,5225,5226,5227,5228,5229,5230,5231,5232,5233,5234,5235,5236,5237,5238,5239,5240,5241,5242,5243,5244,5245,5246,5247,5248,5249,5250,5251,5252,5253,5254,5255,5256,5257,5258,5259,5260,5261,5262,5263,5264,5265,5266,5267,5268,5269,5270,5271,5272,5273,5274,5275,5276,5277,5278,5279,5280,5281,5282,5283,5284,5285,5286,5287,5288,5289,5290,5291,5292,5293,5294,5295,5296,5297,5298,5299,5300,5301,5302,5303,5304,5305,5306,5307,5308,5309,5310,5311,5312,5313,5314,5315,5316,5317,5318,5319,5320,5321,5322,5323,5324,5325,5326,5327,5328,5329,5330,5331,5332,5333,5334,5335,5336,5337,5338,5339,5340,5341,5342,5343,5344,5345,5346,5347,5348,5349,5350,5351,5352,5353,5354,5355,5356,5357,5358,5359,5360,5361,5362,5363,5364,5365,5366,5367,5368,5369,5370,5371,5372,5373,5374,5375,5376,5377,5378,5379,5380,5381,5382,5383,5384,5385,5386,5387,5388,5389,5390,5391,5392,5393,5394,5395,5396,5397,5398,5399,5400,5401,5402,5403,5404,5405,5406,5407,5408,5409,5410,5411,5412,5413,5414,5415,5416,5417,5418,5419,5420,5421,5422,5423,5424,5425,5426,5427,5428,5429,5430,5431,5432,5433,5434,5435,5436,5437,5438,5439,5440,5441,5442,5443,5444,5445,5446,5447,5448,5449,5450,5451,5452,5453,5454,5455,5456,5457,5458,5459,5460,5461,5462,5463,5464,5465,5466,5467,5468,5469,5470,5471,5472,5473,5474,5475,5476,5477,5478,5479,5480,5481,5482,5483,5484,5485,5486,5487,5488,5489,5490,5491,5492,5493,5494,5495,5496,5497,5498,5499,5500,5501,5502,5503,5504,5505,5506,5507,5508,5509,5510,5511,5512,5513,5514,5515,5516,5517,5518,5519,5520,5521,5522,5523,5524,5525,5526,5527,5528,5529,5530,5531,5532,5533,5534,5535,5536,5537,5538,5539,5540,5541,5542,5543,5544,5545,5546,5547,5548,5549,5550,5551,5552,5553,5554,5555,5556,5557,5558,5559,5560,5561,5562,5563,5564,5565,5566,5567,5568,5569,5570,5571,5572,5573,5574,5575,5576,5577,5578,5579,5580,5581,5582,5583,5584,5585,5586,5587,5588,5589,5590,5591,5592,5593,5594,5595,5596,5597,5598,5599,5600,5601,5602,5603,5604,5605,5606,5607,5608,5609,5610,5611,5612,5613,5614,5615,5616,5617,5618,5619,5620,5621,5622,5623,5624,5625,5626,5627,5628,5629,5630,5631,5632,5633,5634,5635,5636,5637,5638,5639,5640,5641,5642,5643,5644,5645,5646,5647,5648,5649,5650,5651,5652,5653,5654,5655,5656,5657,5658,5659,5660,5661,5662,5663,5664,5665,5666,5667,5668,5669,5670,5671,5672,5673,5674,5675,5676,5677,5678,5679,5680,5681,5682,5683,5684,5685,5686,5687,5688,5689,5690,5691,5692,5693,5694,5695,5696,5697,5698,5699,5700,5701,5702,5703,5704,5705,5706,5707,5708,5709,5710,5711,5712,5713,5714,5715,5716,5717,5718,5719,5720,5721,5722,5723,5724,5725,5726,5727,5728,5729,5730,5731,5732,5733,5734,5735,5736,5737,5738,5739,5740,5741,5742,5743,5744,5745,5746,5747,5748,5749,5750,5751,5752,5753,5754,5755,5756,5757,5758,5759,5760,5761,5762,5763,5764,5765,5766,5767,5768,5769,5770,5771,5772,5773,5774,5775,5776,5777,5778,5779,5780,5781,5782,5783,5784,5785,5786,5787,5788,5789,5790,5791,5792,5793,5794,5795,5796,5797,5798,5799,5800,5801,5802,5803,5804,5805,5806,5807,5808,5809,5810,5811,5812,5813,5814,5815,5816,5817,5818,5819,5820,5821,5822,5823,5824,5825,5826,5827,5828,5829,5830,5831,5832,5833,5834,5835,5836,5837,5838,5839,5840,5841,5842,5843,5844,5845,5846,5847,5848,5849,5850,5851,5852,5853,5854,5855,5856,5857,5858,5859,5860,5861,5862,5863,5864,5865,5866,5867,5868,5869,5870,5871,5872,5873,5874,5875,5876,5877,5878,5879,5880,5881,5882,5883,5884,5885,5886,5887,5888,5889,5890,5891,5892,5893,5894,5895,5896,5897,5898,5899,5900,5901,5902,5903,5904,5905,5906,5907,5908,5909,5910,5911,5912,5913,5914,5915,5916,5917,5918,5919,5920,5921,5922,5923,5924,5925,5926,5927,5928,5929,5930,5931,5932,5933,5934,5935,5936,5937,5938,5939,5940,5941,5942,5943,5944,5945,5946,5947,5948,5949,5950,5951,5952,5953,5954,5955,5956,5957,5958,5959,5960,5961,5962,5963,5964,5965,5966,5967,5968,5969,5970,5971,5972,5973,5974,5975,5976,5977,5978,5979,5980,5981,5982,5983,5984,5985,5986,5987,5988,5989,5990,5991,5992,5993,5994,5995,5996,5997,5998,5999,6000,6001,6002,6003,6004,6005,6006,6007,6008,6009,6010,6011,6012,6013,6014,6015,6016,6017,6018,6019,6020,6021,6022,6023,6024,6025,6026,6027,6028,6029,6030,6031,6032,6033,6034,6035,6036,6037,6038,6039,6040,6041,6042,6043,6044,6045,6046,6047,6048,6049,6050,6051,6052,6053,6054,6055,6056,6057,6058,6059,6060,6061,6062,6063,6064,6065,6066,6067,6068,6069,6070,6071,6072,6073,6074,6075,6076,6077,6078,6079,6080,6081,6082,6083,6084,6085,6086,6087,6088,6089,6090,6091,6092,6093,6094,6095,6096,6097,6098,6099,6100,6101,6102,6103,6104,6105,6106,6107,6108,6109,6110,6111,6112,6113,6114,6115,6116,6117,6118,6119,6120,6121,6122,6123,6124,6125,6126,6127,6128,6129,6130,6131,6132,6133,6134,6135,6136,6137,6138,6139,6140,6141,6142,6143,6144,6145,6146,6147,6148,6149,6150,6151,6152,6153,6154,6155,6156,6157,6158,6159,6160,6161,6162,6163,6164,6165,6166,6167,6168,6169,6170,6171,6172,6173,6174,6175,6176,6177,6178,6179,6180,6181,6182,6183,6184,6185,6186,6187,6188,6189,6190,6191,6192,6193,6194,6195,6196,6197,6198,6199,6200,6201,6202,6203,6204,6205,6206,6207,6208,6209,6210,6211,6212,6213,6214,6215,6216,6217,6218,6219,6220,6221,6222,6223,6224,6225,6226,6227,6228,6229,6230,6231,6232,6233,6234,6235,6236,6237,6238,6239,6240,6241,6242,6243,6244,6245,6246,6247,6248,6249,6250,6251,6252,6253,6254,6255,6256,6257,6258,6259,6260,6261,6262,6263,6264,6265,6266,6267,6268,6269,6270,6271,6272,6273,6274,6275,6276,6277,6278,6279,6280,6281,6282,6283,6284,6285,6286,6287,6288,6289,6290,6291,6292,6293,6294,6295,6296,6297,6298,6299,6300,6301,6302,6303,6304,6305,6306,6307,6308,6309,6310,6311,6312,6313,6314,6315,6316,6317,6318,6319,6320,6321,6322,6323,6324,6325,6326,6327,6328,6329,6330,6331,6332,6333,6334,6335,6336,6337,6338,6339,6340,6341,6342,6343,6344,6345,6346,6347,6348,6349,6350,6351,6352,6353,6354,6355,6356,6357,6358,6359,6360,6361,6362,6363,6364,6365,6366,6367,6368,6369,6370,6371,6372,6373,6374,6375,6376,6377,6378,6379,6380,6381,6382,6383,6384,6385,6386,6387,6388,6389,6390,6391,6392,6393,6394,6395,6396,6397,6398,6399,6400,6401,6402,6403,6404,6405,6406,6407,6408,6409,6410,6411,6412,6413,6414,6415,6416,6417,6418,6419,6420,6421,6422,6423,6424,6425,6426,6427,6428,6429,6430,6431,6432,6433,6434,6435,6436,6437,6438,6439,6440,6441,6442,6443,6444,6445,6446,6447,6448,6449,6450,6451,6452,6453,6454,6455,6456,6457,6458,6459,6460,6461,6462,6463,6464,6465,6466,6467,6468,6469,6470,6471,6472,6473,6474,6475,6476,6477,6478,6479,6480,6481,6482,6483,6484,6485,6486,6487,6488,6489,6490,6491,6492,6493,6494,6495,6496,6497,6498,6499,6500,6501,6502,6503,6504,6505,6506,6507,6508,6509,6510,6511,6512,6513,6514,6515,6516,6517,6518,6519,6520,6521,6522,6523,6524,6525,6526,6527,6528,6529,6530,6531,6532,6533,6534,6535,6536,6537,6538,6539,6540,6541,6542,6543,6544,6545,6546,6547,6548,6549,6550,6551,6552,6553,6554,6555,6556,6557,6558,6559,6560,6561,6562,6563,6564,6565,6566,6567,6568,6569,6570,6571,6572,6573,6574,6575,6576,6577,6578,6579,6580,6581,6582,6583,6584,6585,6586,6587,6588,6589,6590,6591,6592,6593,6594,6595,6596,6597,6598,6599,6600,6601,6602,6603,6604,6605,6606,6607,6608,6609,6610,6611,6612,6613,6614,6615,6616,6617,6618,6619,6620,6621,6622,6623,6624,6625,6626,6627,6628,6629,6630,6631,6632,6633,6634,6635,6636,6637,6638,6639,6640,6641,6642,6643,6644,6645,6646,6647,6648,6649,6650,6651,6652,6653,6654,6655,6656,6657,6658,6659,6660,6661,6662,6663,6664,6665,6666,6667,6668,6669,6670,6671,6672,6673,6674,6675,6676,6677,6678,6679,6680,6681,6682,6683,6684,6685,6686,6687,6688,6689,6690,6691,6692,6693,6694,6695,6696,6697,6698,6699,6700,6701,6702,6703,6704,6705,6706,6707,6708,6709,6710,6711,6712,6713,6714,6715,6716,6717,6718,6719,6720,6721,6722,6723,6724,6725,6726,6727,6728,6729,6730,6731,6732,6733,6734,6735,6736,6737,6738,6739,6740,6741,6742,6743,6744,6745,6746,6747,6748,6749,6750,6751,6752,6753,6754,6755,6756,6757,6758,6759,6760,6761,6762,6763,6764,6765,6766,6767,6768,6769,6770,6771,6772,6773,6774,6775,6776,6777,6778,6779,6780,6781,6782,6783,6784,6785,6786,6787,6788,6789,6790,6791,6792,6793,6794,6795,6796,6797,6798,6799,6800,6801,6802,6803,6804,6805,6806,6807,6808,6809,6810,6811,6812,6813,6814,6815,6816,6817,6818,6819,6820,6821,6822,6823,6824,6825,6826,6827,6828,6829,6830,6831,6832,6833,6834,6835,6836,6837,6838,6839,6840,6841,6842,6843,6844,6845,6846,6847,6848,6849,6850,6851,6852,6853,6854,6855,6856,6857,6858,6859,6860,6861,6862,6863,6864,6865,6866,6867,6868,6869,6870,6871,6872,6873,6874,6875,6876,6877,6878,6879,6880,6881,6882,6883,6884,6885,6886,6887,6888,6889,6890,6891,6892,6893,6894,6895,6896,6897,6898,6899,6900,6901,6902,6903,6904,6905,6906,6907,6908,6909,6910,6911,6912,6913,6914,6915,6916,6917,6918,6919,6920,6921,6922,6923,6924,6925,6926,6927,6928,6929,6930,6931,6932,6933,6934,6935,6936,6937,6938,6939,6940,6941,6942,6943,6944,6945,6946,6947,6948,6949,6950,6951,6952,6953,6954,6955,6956,6957,6958,6959,6960,6961,6962,6963,6964,6965,6966,6967,6968,6969,6970,6971,6972,6973,6974,6975,6976,6977,6978,6979,6980,6981,6982,6983,6984,6985,6986,6987,6988,6989,6990,6991,6992,6993,6994,6995,6996,6997,6998,6999,7000,7001,7002,7003,7004,7005,7006,7007,7008,7009,7010,7011,7012,7013,7014,7015,7016,7017,7018,7019,7020,7021,7022,7023,7024,7025,7026,7027,7028,7029,7030,7031,7032,7033,7034,7035,7036,7037,7038,7039,7040,7041,7042,7043,7044,7045,7046,7047,7048,7049,7050,7051,7052,7053,7054,7055,7056,7057,7058,7059,7060,7061,7062,7063,7064,7065,7066,7067,7068,7069,7070,7071,7072,7073,7074,7075,7076,7077,7078,7079,7080,7081,7082,7083,7084,7085,7086,7087,7088,7089,7090,7091,7092,7093,7094,7095,7096,7097,7098,7099,7100,7101,7102,7103,7104,7105,7106,7107,7108,7109,7110,7111,7112,7113,7114,7115,7116,7117,7118,7119,7120,7121,7122,7123,7124,7125,7126,7127,7128,7129,7130,7131,7132,7133,7134,7135,7136,7137,7138,7139,7140,7141,7142,7143,7144,7145,7146,7147,7148,7149,7150,7151,7152,7153,7154,7155,7156,7157,7158,7159,7160,7161,7162,7163,7164,7165,7166,7167,7168,7169,7170,7171,7172,7173,7174,7175,7176,7177,7178,7179,7180,7181,7182,7183,7184,7185,7186,7187,7188,7189,7190,7191,7192,7193,7194,7195,7196,7197,7198,7199,7200,7201,7202,7203,7204,7205,7206,7207,7208,7209,7210,7211,7212,7213,7214,7215,7216,7217,7218,7219,7220,7221,7222,7223,7224,7225,7226,7227,7228,7229,7230,7231,7232,7233,7234,7235,7236,7237,7238,7239,7240,7241,7242,7243,7244,7245,7246,7247,7248,7249,7250,7251,7252,7253,7254,7255,7256,7257,7258,7259,7260,7261,7262,7263,7264,7265,7266,7267,7268,7269,7270,7271,7272,7273,7274,7275,7276,7277,7278,7279,7280,7281,7282,7283,7284,7285,7286,7287,7288,7289,7290,7291,7292,7293,7294,7295,7296,7297,7298,7299,7300,7301,7302,7303,7304,7305,7306,7307,7308,7309,7310,7311,7312,7313,7314,7315,7316,7317,7318,7319,7320,7321,7322,7323,7324,7325,7326,7327,7328,7329,7330,7331,7332,7333,7334,7335,7336,7337,7338,7339,7340,7341,7342,7343,7344,7345,7346,7347,7348,7349,7350,7351,7352,7353,7354,7355,7356,7357,7358,7359,7360,7361,7362,7363,7364,7365,7366,7367,7368,7369,7370,7371,7372,7373,7374,7375,7376,7377,7378,7379,7380,7381,7382,7383,7384,7385,7386,7387,7388,7389,7390,7391,7392,7393,7394,7395,7396,7397,7398,7399,7400,7401,7402,7403,7404,7405,7406,7407,7408,7409,7410,7411,7412,7413,7414,7415,7416,7417,7418,7419,7420,7421,7422,7423,7424,7425,7426,7427,7428,7429,7430,7431,7432,7433,7434,7435,7436,7437,7438,7439,7440,7441,7442,7443,7444,7445,7446,7447,7448,7449,7450,7451,7452,7453,7454,7455,7456,7457,7458,7459,7460,7461,7462,7463,7464,7465,7466,7467,7468,7469,7470,7471,7472,7473,7474,7475,7476,7477,7478,7479,7480,7481,7482,7483,7484,7485,7486,7487,7488,7489,7490,7491,7492,7493,7494,7495,7496,7497,7498,7499,7500,7501,7502,7503,7504,7505,7506,7507,7508,7509,7510,7511,7512,7513,7514,7515,7516,7517,7518,7519,7520,7521,7522,7523,7524,7525,7526,7527,7528,7529,7530,7531,7532,7533,7534,7535,7536,7537,7538,7539,7540,7541,7542,7543,7544,7545,7546,7547,7548,7549,7550,7551,7552,7553,7554,7555,7556,7557,7558,7559,7560,7561,7562,7563,7564,7565,7566,7567,7568,7569,7570,7571,7572,7573,7574,7575,7576,7577,7578,7579,7580,7581,7582,7583,7584,7585,7586,7587,7588,7589,7590,7591,7592,7593,7594,7595,7596,7597,7598,7599,7600,7601,7602,7603,7604,7605,7606,7607,7608,7609,7610,7611,7612,7613,7614,7615,7616,7617,7618,7619,7620,7621,7622,7623,7624,7625,7626,7627,7628,7629,7630,7631,7632,7633,7634,7635,7636,7637,7638,7639,7640,7641,7642,7643,7644,7645,7646,7647,7648,7649,7650,7651,7652,7653,7654,7655,7656,7657,7658,7659,7660,7661,7662,7663,7664,7665,7666,7667,7668,7669,7670,7671,7672,7673,7674,7675,7676,7677,7678,7679,7680,7681,7682,7683,7684,7685,7686,7687,7688,7689,7690,7691,7692,7693,7694,7695,7696,7697,7698,7699,7700,7701,7702,7703,7704,7705,7706,7707,7708,7709,7710,7711,7712,7713,7714,7715,7716,7717,7718,7719,7720,7721,7722,7723,7724,7725,7726,7727,7728,7729,7730,7731,7732,7733,7734,7735,7736,7737,7738,7739,7740,7741,7742,7743,7744,7745,7746,7747,7748,7749,7750,7751,7752,7753,7754,7755,7756,7757,7758,7759,7760,7761,7762,7763,7764,7765,7766,7767,7768,7769,7770,7771,7772,7773,7774,7775,7776,7777,7778,7779,7780,7781,7782,7783,7784,7785,7786,7787,7788,7789,7790,7791,7792,7793,7794,7795,7796,7797,7798,7799,7800,7801,7802,7803,7804,7805,7806,7807,7808,7809,7810,7811,7812,7813,7814,7815,7816,7817,7818,7819,7820,7821,7822,7823,7824,7825,7826,7827,7828,7829,7830,7831,7832,7833,7834,7835,7836,7837,7838,7839,7840,7841,7842,7843,7844,7845,7846,7847,7848,7849,7850,7851,7852,7853,7854,7855,7856,7857,7858,7859,7860,7861,7862,7863,7864,7865,7866,7867,7868,7869,7870,7871,7872,7873,7874,7875,7876,7877,7878,7879,7880,7881,7882,7883,7884,7885,7886,7887,7888,7889,7890,7891,7892,7893,7894,7895,7896,7897,7898,7899,7900,7901,7902,7903,7904,7905,7906,7907,7908,7909,7910,7911,7912,7913,7914,7915,7916,7917,7918,7919,7920,7921,7922,7923,7924,7925,7926,7927,7928,7929,7930,7931,7932,7933,7934,7935,7936,7937,7938,7939,7940,7941,7942,7943,7944,7945,7946,7947,7948,7949,7950,7951,7952,7953,7954,7955,7956,7957,7958,7959,7960,7961,7962,7963,7964,7965,7966,7967,7968,7969,7970,7971,7972,7973,7974,7975,7976,7977,7978,7979,7980,7981,7982,7983,7984,7985,7986,7987,7988,7989,7990,7991,7992,7993,7994,7995,7996,7997,7998,7999,8000,8001,8002,8003,8004,8005,8006,8007,8008,8009,8010,8011,8012,8013,8014,8015,8016,8017,8018,8019,8020,8021,8022,8023,8024,8025,8026,8027,8028,8029,8030,8031,8032,8033,8034,8035,8036,8037,8038,8039,8040,8041,8042,8043,8044,8045,8046,8047,8048,8049,8050,8051,8052,8053,8054,8055,8056,8057,8058,8059,8060,8061,8062,8063,8064,8065,8066,8067,8068,8069,8070,8071,8072,8073,8074,8075,8076,8077,8078,8079,8080,8081,8082,8083,8084,8085,8086,8087,8088,8089,8090,8091,8092,8093,8094,8095,8096,8097,8098,8099,8100,8101,8102,8103,8104,8105,8106,8107,8108,8109,8110,8111,8112,8113,8114,8115,8116,8117,8118,8119,8120,8121,8122,8123,8124,8125,8126,8127,8128,8129,8130,8131,8132,8133,8134,8135,8136,8137,8138,8139,8140,8141,8142,8143,8144,8145,8146,8147,8148,8149,8150,8151,8152,8153,8154,8155,8156,8157,8158,8159,8160,8161,8162,8163,8164,8165,8166,8167,8168,8169,8170,8171,8172,8173,8174,8175,8176,8177,8178,8179,8180,8181,8182,8183,8184,8185,8186,8187,8188,8189,8190,8191,8192,8193,8194,8195,8196,8197,8198,8199,8200,8201,8202,8203,8204,8205,8206,8207,8208,8209,8210,8211,8212,8213,8214,8215,8216,8217,8218,8219,8220,8221,8222,8223,8224,8225,8226,8227,8228,8229,8230,8231,8232,8233,8234,8235,8236,8237,8238,8239,8240,8241,8242,8243,8244,8245,8246,8247,8248,8249,8250,8251,8252,8253,8254,8255,8256,8257,8258,8259,8260,8261,8262,8263,8264,8265,8266,8267,8268,8269,8270,8271,8272,8273,8274,8275,8276,8277,8278,8279,8280,8281,8282,8283,8284,8285,8286,8287,8288,8289,8290,8291,8292,8293,8294,8295,8296,8297,8298,8299,8300,8301,8302,8303,8304,8305,8306,8307,8308,8309,8310,8311,8312,8313,8314,8315,8316,8317,8318,8319,8320,8321,8322,8323,8324,8325,8326,8327,8328,8329,8330,8331,8332,8333,8334,8335,8336,8337,8338,8339,8340,8341,8342,8343,8344,8345,8346,8347,8348,8349,8350,8351,8352,8353,8354,8355,8356,8357,8358,8359,8360,8361,8362,8363,8364,8365,8366,8367,8368,8369,8370,8371,8372,8373,8374,8375,8376,8377,8378,8379,8380,8381,8382,8383,8384,8385,8386,8387,8388,8389,8390,8391,8392,8393,8394,8395,8396,8397,8398,8399,8400,8401,8402,8403,8404,8405,8406,8407,8408,8409,8410,8411,8412,8413,8414,8415,8416,8417,8418,8419,8420,8421,8422,8423,8424,8425,8426,8427,8428,8429,8430,8431,8432,8433,8434,8435,8436,8437,8438,8439,8440,8441,8442,8443,8444,8445,8446,8447,8448,8449,8450,8451,8452,8453,8454,8455,8456,8457,8458,8459,8460,8461,8462,8463,8464,8465,8466,8467,8468,8469,8470,8471,8472,8473,8474,8475,8476,8477,8478,8479,8480,8481,8482,8483,8484,8485,8486,8487,8488,8489,8490,8491,8492,8493,8494,8495,8496,8497,8498,8499,8500,8501,8502,8503,8504,8505,8506,8507,8508,8509,8510,8511,8512,8513,8514,8515,8516,8517,8518,8519,8520,8521,8522,8523,8524,8525,8526,8527,8528,8529,8530,8531,8532,8533,8534,8535,8536,8537,8538,8539,8540,8541,8542,8543,8544,8545,8546,8547,8548,8549,8550,8551,8552,8553,8554,8555,8556,8557,8558,8559,8560,8561,8562,8563,8564,8565,8566,8567,8568,8569,8570,8571,8572,8573,8574,8575,8576,8577,8578,8579,8580,8581,8582,8583,8584,8585,8586,8587,8588,8589,8590,8591,8592,8593,8594,8595,8596,8597,8598,8599,8600,8601,8602,8603,8604,8605,8606,8607,8608,8609,8610,8611,8612,8613,8614,8615,8616,8617,8618,8619,8620,8621,8622,8623,8624,8625,8626,8627,8628,8629,8630,8631,8632,8633,8634,8635,8636,8637,8638,8639,8640,8641,8642,8643,8644,8645,8646,8647,8648,8649,8650,8651,8652,8653,8654,8655,8656,8657,8658,8659,8660,8661,8662,8663,8664,8665,8666,8667,8668,8669,8670,8671,8672,8673,8674,8675,8676,8677,8678,8679,8680,8681,8682,8683,8684,8685,8686,8687,8688,8689,8690,8691,8692,8693,8694,8695,8696,8697,8698,8699,8700,8701,8702,8703,8704,8705,8706,8707,8708,8709,8710,8711,8712,8713,8714,8715,8716,8717,8718,8719,8720,8721,8722,8723,8724,8725,8726,8727,8728,8729,8730,8731,8732,8733,8734,8735,8736,8737,8738,8739,8740,8741,8742,8743,8744,8745,8746,8747,8748,8749,8750,8751,8752,8753,8754,8755,8756,8757,8758,8759,8760,8761,8762,8763,8764,8765,8766,8767,8768,8769,8770,8771,8772,8773,8774,8775,8776,8777,8778,8779,8780,8781,8782,8783,8784,8785,8786,8787,8788,8789,8790,8791,8792,8793,8794,8795,8796,8797,8798,8799,8800,8801,8802,8803,8804,8805,8806,8807,8808,8809,8810,8811,8812,8813,8814,8815,8816,8817,8818,8819,8820,8821,8822,8823,8824,8825,8826,8827,8828,8829,8830,8831,8832,8833,8834,8835,8836,8837,8838,8839,8840,8841,8842,8843,8844,8845,8846,8847,8848,8849,8850,8851,8852,8853,8854,8855,8856,8857,8858,8859,8860,8861,8862,8863,8864,8865,8866,8867,8868,8869,8870,8871,8872,8873,8874,8875,8876,8877,8878,8879,8880,8881,8882,8883,8884,8885,8886,8887,8888,8889,8890,8891,8892,8893,8894,8895,8896,8897,8898,8899,8900,8901,8902,8903,8904,8905,8906,8907,8908,8909,8910,8911,8912,8913,8914,8915,8916,8917,8918,8919,8920,8921,8922,8923,8924,8925,8926,8927,8928,8929,8930,8931,8932,8933,8934,8935,8936,8937,8938,8939,8940,8941,8942,8943,8944,8945,8946,8947,8948,8949,8950,8951,8952,8953,8954,8955,8956,8957,8958,8959,8960,8961,8962,8963,8964,8965,8966,8967,8968,8969,8970,8971,8972,8973,8974,8975,8976,8977,8978,8979,8980,8981,8982,8983,8984,8985,8986,8987,8988,8989,8990,8991,8992,8993,8994,8995,8996,8997,8998,8999,9000,9001,9002,9003,9004,9005,9006,9007,9008,9009,9010,9011,9012,9013,9014,9015,9016,9017,9018,9019,9020,9021,9022,9023,9024,9025,9026,9027,9028,9029,9030,9031,9032,9033,9034,9035,9036,9037,9038,9039,9040,9041,9042,9043,9044,9045,9046,9047,9048,9049,9050,9051,9052,9053,9054,9055,9056,9057,9058,9059,9060,9061,9062,9063,9064,9065,9066,9067,9068,9069,9070,9071,9072,9073,9074,9075,9076,9077,9078,9079,9080,9081,9082,9083,9084,9085,9086,9087,9088,9089,9090,9091,9092,9093,9094,9095,9096,9097,9098,9099,9100,9101,9102,9103,9104,9105,9106,9107,9108,9109,9110,9111,9112,9113,9114,9115,9116,9117,9118,9119,9120,9121,9122,9123,9124,9125,9126,9127,9128,9129,9130,9131,9132,9133,9134,9135,9136,9137,9138,9139,9140,9141,9142,9143,9144,9145,9146,9147,9148,9149,9150,9151,9152,9153,9154,9155,9156,9157,9158,9159,9160,9161,9162,9163,9164,9165,9166,9167,9168,9169,9170,9171,9172,9173,9174,9175,9176,9177,9178,9179,9180,9181,9182,9183,9184,9185,9186,9187,9188,9189,9190,9191,9192,9193,9194,9195,9196,9197,9198,9199,9200,9201,9202,9203,9204,9205,9206,9207,9208,9209,9210,9211,9212,9213,9214,9215,9216,9217,9218,9219,9220,9221,9222,9223,9224,9225,9226,9227,9228,9229,9230,9231,9232,9233,9234,9235,9236,9237,9238,9239,9240,9241,9242,9243,9244,9245,9246,9247,9248,9249,9250,9251,9252,9253,9254,9255,9256,9257,9258,9259,9260,9261,9262,9263,9264,9265,9266,9267,9268,9269,9270,9271,9272,9273,9274,9275,9276,9277,9278,9279,9280,9281,9282,9283,9284,9285,9286,9287,9288,9289,9290,9291,9292,9293,9294,9295,9296,9297,9298,9299,9300,9301,9302,9303,9304,9305,9306,9307,9308,9309,9310,9311,9312,9313,9314,9315,9316,9317,9318,9319,9320,9321,9322,9323,9324,9325,9326,9327,9328,9329,9330,9331,9332,9333,9334,9335,9336,9337,9338,9339,9340,9341,9342,9343,9344,9345,9346,9347,9348,9349,9350,9351,9352,9353,9354,9355,9356,9357,9358,9359,9360,9361,9362,9363,9364,9365,9366,9367,9368,9369,9370,9371,9372,9373,9374,9375,9376,9377,9378,9379,9380,9381,9382,9383,9384,9385,9386,9387,9388,9389,9390,9391,9392,9393,9394,9395,9396,9397,9398,9399,9400,9401,9402,9403,9404,9405,9406,9407,9408,9409,9410,9411,9412,9413,9414,9415,9416,9417,9418,9419,9420,9421,9422,9423,9424,9425,9426,9427,9428,9429,9430,9431,9432,9433,9434,9435,9436,9437,9438,9439,9440,9441,9442,9443,9444,9445,9446,9447,9448,9449,9450,9451,9452,9453,9454,9455,9456,9457,9458,9459,9460,9461,9462,9463,9464,9465,9466,9467,9468,9469,9470,9471,9472,9473,9474,9475,9476,9477,9478,9479,9480,9481,9482,9483,9484,9485,9486,9487,9488,9489,9490,9491,9492,9493,9494,9495,9496,9497,9498,9499,9500,9501,9502,9503,9504,9505,9506,9507,9508,9509,9510,9511,9512,9513,9514,9515,9516,9517,9518,9519,9520,9521,9522,9523,9524,9525,9526,9527,9528,9529,9530,9531,9532,9533,9534,9535,9536,9537,9538,9539,9540,9541,9542,9543,9544,9545,9546,9547,9548,9549,9550,9551,9552,9553,9554,9555,9556,9557,9558,9559,9560,9561,9562,9563,9564,9565,9566,9567,9568,9569,9570,9571,9572,9573,9574,9575,9576,9577,9578,9579,9580,9581,9582,9583,9584,9585,9586,9587,9588,9589,9590,9591,9592,9593,9594,9595,9596,9597,9598,9599,9600,9601,9602,9603,9604,9605,9606,9607,9608,9609,9610,9611,9612,9613,9614,9615,9616,9617,9618,9619,9620,9621,9622,9623,9624,9625,9626,9627,9628,9629,9630,9631,9632,9633,9634,9635,9636,9637,9638,9639,9640,9641,9642,9643,9644,9645,9646,9647,9648,9649,9650,9651,9652,9653,9654,9655,9656,9657,9658,9659,9660,9661,9662,9663,9664,9665,9666,9667,9668,9669,9670,9671,9672,9673,9674,9675,9676,9677,9678,9679,9680,9681,9682,9683,9684,9685,9686,9687,9688,9689,9690,9691,9692,9693,9694,9695,9696,9697,9698,9699,9700,9701,9702,9703,9704,9705,9706,9707,9708,9709,9710,9711,9712,9713,9714,9715,9716,9717,9718,9719,9720,9721,9722,9723,9724,9725,9726,9727,9728,9729,9730,9731,9732,9733,9734,9735,9736,9737,9738,9739,9740,9741,9742,9743,9744,9745,9746,9747,9748,9749,9750,9751,9752,9753,9754,9755,9756,9757,9758,9759,9760,9761,9762,9763,9764,9765,9766,9767,9768,9769,9770,9771,9772,9773,9774,9775,9776,9777,9778,9779,9780,9781,9782,9783,9784,9785,9786,9787,9788,9789,9790,9791,9792,9793,9794,9795,9796,9797,9798,9799,9800,9801,9802,9803,9804,9805,9806,9807,9808,9809,9810,9811,9812,9813,9814,9815,9816,9817,9818,9819,9820,9821,9822,9823,9824,9825,9826,9827,9828,9829,9830,9831,9832,9833,9834,9835,9836,9837,9838,9839,9840,9841,9842,9843,9844,9845,9846,9847,9848,9849,9850,9851,9852,9853,9854,9855,9856,9857,9858,9859,9860,9861,9862,9863,9864,9865,9866,9867,9868,9869,9870,9871,9872,9873,9874,9875,9876,9877,9878,9879,9880,9881,9882,9883,9884,9885,9886,9887,9888,9889,9890,9891,9892,9893,9894,9895,9896,9897,9898,9899,9900,9901,9902,9903,9904,9905,9906,9907,9908,9909,9910,9911,9912,9913,9914,9915,9916,9917,9918,9919,9920,9921,9922,9923,9924,9925,9926,9927,9928,9929,9930,9931,9932,9933,9934,9935,9936,9937,9938,9939,9940,9941,9942,9943,9944,9945,9946,9947,9948,9949,9950,9951,9952,9953,9954,9955,9956,9957,9958,9959,9960,9961,9962,9963,9964,9965,9966,9967,9968,9969,9970,9971,9972,9973,9974,9975,9976,9977,9978,9979,9980,9981,9982,9983,9984,9985,9986,9987,9988,9989,9990,9991,9992,9993,9994,9995,9996,9997,9998,9999,10000,10001,10002,10003,10004,10005,10006,10007,10008,10009,10010,10011,10012,10013,10014,10015,10016,10017,10018,10019,10020,10021,10022,10023,10024,10025,10026,10027,10028,10029,10030,10031,10032,10033,10034,10035,10036,10037,10038,10039,10040,10041,10042,10043,10044,10045,10046,10047,10048,10049,10050,10051,10052,10053,10054,10055,10056,10057,10058,10059,10060,10061,10062,10063,10064,10065,10066,10067,10068,10069,10070,10071,10072,10073,10074,10075,10076,10077,10078,10079,10080,10081,10082,10083,10084,10085,10086,10087,10088,10089,10090,10091,10092,10093,10094,10095,10096,10097,10098,10099,10100,10101,10102,10103,10104,10105,10106,10107,10108,10109,10110,10111,10112,10113,10114,10115,10116,10117,10118,10119,10120,10121,10122,10123,10124,10125,10126,10127,10128,10129,10130,10131,10132,10133,10134,10135,10136,10137,10138,10139,10140,10141,10142,10143,10144,10145,10146,10147,10148,10149,10150,10151,10152,10153,10154,10155,10156,10157,10158,10159,10160,10161,10162,10163,10164,10165,10166,10167,10168,10169,10170,10171,10172,10173,10174,10175,10176,10177,10178,10179,10180,10181,10182,10183,10184,10185,10186,10187,10188,10189,10190,10191,10192,10193,10194,10195,10196,10197,10198,10199,10200
dx,0.0,-0.0,0.0,0.0,-0.0,0.0,-0.0,-0.0,0.0,0.0,0.0,0.0,0.0,-0.0,0.0,0.0,0.0,0.0,0.0,-0.0,-0.0,-0.0,-0.0,-0.0,0.0,0.0,0.0,0.0,0.0,0.0,0.0,-0.0,-0.0,-0.0,0.0,-0.0,-0.0,0.0,0.0,0.0,-0.0,0.0,0.0,-0.0,-0.0,-0.0,-0.0,-0.0,0.0,-0.0,-0.0,0.0,-0.0,0.0,-0.0,0.0,0.0,0.0,0.0,0.0,0.0,0.0,-0.0,0.0,0.0,0.0,-0.0,0.0,-0.0,0.0,0.0,0.0,-0.0,-0.0,0.0,0.0,0.0,0.0,-0.0,-0.0,-0.0,-0.0,-0.0,-0.0,0.0,0.0,0.0,0.0,-0.0,0.0,0.0,0.0,0.0,-0.0,-0.0,0.0,0.0,-0.0,-0.0,0.0,0.0,0.0,0.0,0.0,0.0,0.0,0.0,0.0,0.0,0.0,0.0,0.0,0.0,0.0,0.0,0.0,0.0,0.0,0.0,0.0,0.0,0.0,0.0,0.0,0.0,0.0,0.0,0.0,0.0,0.0,0.0,0.0,0.0,0.0,0.0,0.0,0.0,0.0,0.0,0.0,0.0,0.0,0.0,0.0,0.0,0.0,0.0,0.0,0.0,0.0,0.0,0.0,0.0,0.0,0.0,0.0,0.0,0.0,0.0,0.0,0.0,0.0,0.0,0.0,0.0,0.0,0.0,0.0,0.0,0.0,0.0,0.0,0.0,0.0,0.0,0.0,0.0,0.0,0.0,0.0,0.0,0.0,0.0,0.0,0.0,0.0,0.0,0.0,0.0,0.0,0.0,0.0,0.0,0.0,0.0,0.0,0.0,0.0,0.0,0.0,0.0,0.0,0.0,0.0,0.0,0.0,0.0,0.0,0.0,0.0,0.0,0.0,0.0,0.0,0.0,0.0,0.0,0.0,0.0,0.0,0.0,0.0,0.0,0.0,0.0,0.0,0.0,0.0,0.0,0.0,0.0,0.0,0.0,0.0,0.0,0.0,0.0,0.0,0.0,0.0,0.0,0.0,0.0,0.0,0.0,0.0,0.0,0.0,0.0,0.0,0.0,0.0,0.0,0.0,0.0,0.0,0.0,0.0,0.0,0.0,0.0,0.0,0.0,0.0,0.0,0.0,0.0,0.0,0.0,0.0,0.0,0.0,0.0,0.0,0.0,0.0,0.0,0.0,0.0,0.0,0.0,0.0,0.0,0.0,0.0,0.0,0.0,0.0,0.0,0.0,0.0,0.0,0.0,0.0,0.0,0.0,0.0,0.0,0.0,0.0,0.0,0.0,0.0,0.0,0.0,0.0,0.0,0.0,0.0,0.0,0.0,0.0,0.0,0.0,0.0,0.0,0.0,0.0,0.0,0.0,0.0,0.0,0.0,0.0,0.0,0.0,0.0,0.0,0.0,0.0,0.0,0.0,0.0,0.0,0.0,0.0,0.0,0.0,0.0,0.0,0.0,0.0,0.0,0.0,0.0,0.0,0.0,0.0,0.0,0.0,0.0,0.0,0.0,0.0,0.0,0.0,0.0,0.0,0.0,0.0,0.0,0.0,0.0,0.0,0.0,0.0,0.0,0.0,0.0,0.0,0.0,0.0,0.0,0.0,0.0,0.0,0.0,0.0,0.0,0.0,0.0,0.0,0.0,0.0,0.0,0.0,0.0,0.0,0.0,0.0,0.0,0.0,0.0,0.0,0.0,0.0,0.0,0.0,0.0,0.0,0.0,0.0,0.0,0.0,0.0,0.0,0.0,0.0,0.0,0.0,0.0,0.0,0.0,0.0,0.0,0.0,0.0,0.0,0.0,0.0,0.0,0.0,0.0,0.0,0.0,0.0,0.0,0.0,0.0,0.0,0.0,0.0,0.0,0.0,0.0,0.0,0.0,0.0,0.0,0.0,0.0,0.0,0.0,0.0,0.0,0.0,0.0,0.0,0.0,0.0,0.0,0.0,0.0,0.0,0.0,0.0,0.0,0.0,0.0,0.0,0.0,0.0,0.0,0.0,0.0,0.0,0.0,0.0,0.0,0.0,0.0,0.0,0.0,0.0,0.0,0.0,0.0,0.0,0.0,0.0,0.0,0.0,0.0,0.0,0.0,0.0,0.0,0.0,0.0,0.0,0.0,0.0,0.0,0.0,0.0,0.0,0.0,0.0,0.0,0.0,0.0,0.0,0.0,0.0,0.0,0.0,0.0,0.0,0.0,0.0,0.0,0.0,0.0,0.0,0.0,0.0,0.0,0.0,0.0,0.0,0.0,0.0,0.0,0.0,0.0,0.0,0.0,0.0,0.0,0.0,0.0,0.0,0.0,0.0,0.0,0.0,0.0,0.0,0.0,0.0,0.0,0.0,0.0,0.0,0.0,0.0,0.0,0.0,0.0,0.0,0.0,0.0,0.0,0.0,0.0,0.0,0.0,0.0,0.0,0.0,0.0,0.0,0.0,0.0,0.0,0.0,0.0,0.0,0.0,0.0,0.0,0.0,0.0,0.0,0.0,0.0,0.0,0.0,0.0,0.0,0.0,0.0,0.0,0.0,0.0,0.0,0.0,0.0,0.0,0.0,0.0,0.0,0.0,0.0,0.0,0.0,0.0,0.0,0.0,0.0,0.0,0.0,0.0,0.0,0.0,0.0,0.0,0.0,0.0,0.0,0.0,0.0,0.0,0.0,0.0,0.0,0.0,0.0,0.0,0.0,0.0,0.0,0.0,0.0,0.0,0.0,0.0,0.0,0.0,0.0,0.0,0.0,0.0,0.0,0.0,0.0,0.0,0.0,0.0,0.0,0.0,0.0,0.0,0.0,0.0,0.0,0.0,0.0,0.0,0.0,0.0,0.0,0.0,0.0,0.0,0.0,0.0,0.0,0.0,0.0,0.0,0.0,0.0,0.0,0.0,0.0,0.0,0.0,0.0,0.0,0.0,0.0,0.0,0.0,0.0,0.0,0.0,0.0,0.0,0.0,0.0,0.0,0.0,0.0,0.0,0.0,0.0,0.0,0.0,0.0,0.0,0.0,0.0,0.0,0.0,0.0,0.0,0.0,0.0,0.0,0.0,0.0,0.0,0.0,0.0,0.0,0.0,0.0,0.0,0.0,0.0,0.0,0.0,0.0,0.0,0.0,0.0,0.0,0.0,0.0,0.0,0.0,0.0,0.0,0.0,0.0,0.0,0.0,0.0,0.0,0.0,0.0,0.0,0.0,0.0,0.0,0.0,0.0,0.0,0.0,0.0,0.0,0.0,0.0,0.0,0.0,0.0,0.0,0.0,0.0,0.0,0.0,0.0,0.0,0.0,0.0,0.0,0.0,0.0,0.0,0.0,0.0,0.0,0.0,0.0,0.0,0.0,0.0,0.0,0.0,0.0,0.0,0.0,0.0,0.0,0.0,0.0,0.0,0.0,0.0,0.0,0.0,0.0,0.0,0.0,0.0,0.0,0.0,0.0,0.0,0.0,0.0,0.0,0.0,0.0,0.0,0.0,0.0,0.0,0.0,0.0,0.0,0.0,0.0,0.0,0.0,0.0,0.0,0.0,0.0,0.0,0.0,0.0,0.0,0.0,0.0,0.0,0.0,0.0,0.0,0.0,0.0,0.0,0.0,0.0,0.0,0.0,0.0,0.0,0.0,0.0,0.0,0.0,0.0,0.0,0.0,0.0,0.0,0.0,0.0,0.0,0.0,0.0,0.0,0.0,0.0,0.0,0.0,0.0,0.0,0.0,0.0,0.0,0.0,0.0,0.0,0.0,0.0,0.0,0.0,0.0,0.0,0.0,0.0,0.0,0.0,0.0,0.0,0.0,0.0,0.0,0.0,0.0,0.0,0.0,0.0,0.0,0.0,0.0,0.0,0.0,0.0,0.0,0.0,0.0,0.0,0.0,0.0,0.0,0.0,0.0,0.0,0.0,0.0,0.0,0.0,0.0,0.0,0.0,0.0,0.0,0.0,0.0,0.0,0.0,0.0,0.0,0.0,0.0,0.0,0.0,0.0,0.0,0.0,0.0,0.0,0.0,0.0,0.0,0.0,0.0,0.0,0.0,0.0,0.0,0.0,0.0,0.0,0.0,0.0,0.0,0.0,0.0,0.0,0.0,0.0,0.0,0.0,0.0,0.0,0.0,0.0,0.0,0.0,0.0,0.0,0.0,0.0,0.0,0.0,0.0,0.0,0.0,0.0,0.0,0.0,0.0,0.0,0.0,0.0,0.0,0.0,0.0,0.0,0.0,0.0,0.0,0.0,0.0,0.0,0.0,0.0,0.0,0.0,0.0,0.0,0.0,0.0,0.0,0.0,0.0,0.0,0.0,0.0,0.0,0.0,0.0,0.0,0.0,0.0,0.0,0.0,0.0,0.0,0.0,0.0,0.0,0.0,0.0,0.0,0.0,0.0,0.0,0.0,0.0,0.0,0.0,0.0,0.0,0.0,0.0,0.0,0.0,0.0,0.0,0.0,0.0,0.0,0.0,0.0,0.0,0.0,0.0,0.0,0.0,0.0,0.0,0.0,0.0,0.0,0.0,0.0,0.0,0.0,0.0,0.0,0.0,0.0,0.0,0.0,0.0,0.0,0.0,0.0,0.0,0.0,0.0,0.0,0.0,0.0,0.0,0.0,0.0,0.0,0.0,0.0,0.0,0.0,0.0,0.0,0.0,0.0,0.0,0.0,0.0,0.0,0.0,0.0,0.0,0.0,0.0,0.0,0.0,0.0,0.0,0.0,0.0,0.0,0.0,0.0,0.0,0.0,0.0,0.0,0.0,0.0,0.0,0.0,0.0,0.0,0.0,0.0,0.0,0.0,0.0,0.0,0.0,0.0,0.0,0.0,0.0,0.0,0.0,0.0,0.0,0.0,0.0,0.0,0.0,0.0,0.0,0.0,0.0,0.0,0.0,0.0,0.0,0.0,0.0,0.0,0.0,0.0,0.0,0.0,0.0,0.0,0.0,0.0,0.0,0.0,0.0,0.0,0.0,0.0,0.0,0.0,0.0,0.0,0.0,0.0,0.0,0.0,0.0,0.0,0.0,0.0,0.0,0.0,0.0,0.0,0.0,0.0,0.0,0.0,0.0,0.0,0.0,0.0,0.0,0.0,0.0,0.0,0.0,0.0,0.0,0.0,0.0,0.0,0.0,0.0,0.0,0.0,0.0,0.0,0.0,0.0,0.0,0.0,0.0,0.0,0.0,0.0,0.0,0.0,0.0,0.0,0.0,0.0,0.0,0.0,0.0,0.0,0.0,0.0,0.0,0.0,0.0,0.0,0.0,0.0,0.0,0.0,0.0,0.0,0.0,0.0,0.0,0.0,0.0,0.0,0.0,0.0,0.0,0.0,0.0,0.0,0.0,0.0,0.0,0.0,0.0,0.0,0.0,0.0,0.0,0.0,0.0,0.0,0.0,0.0,0.0,0.0,0.0,0.0,0.0,0.0,0.0,0.0,0.0,0.0,0.0,0.0,0.0,0.0,0.0,0.0,0.0,0.0,0.0,0.0,0.0,0.0,0.0,0.0,0.0,0.0,0.0,0.0,0.0,0.0,0.0,0.0,0.0,0.0,0.0,0.0,0.0,0.0,0.0,0.0,0.0,0.0,0.0,0.0,0.0,0.0,0.0,0.0,0.0,0.0,0.0,0.0,0.0,0.0,0.0,0.0,0.0,0.0,0.0,0.0,0.0,0.0,0.0,0.0,0.0,0.0,0.0,0.0,0.0,0.0,0.0,0.0,0.0,0.0,0.0,0.0,0.0,0.0,0.0,0.0,0.0,0.0,0.0,0.0,0.0,0.0,0.0,0.0,0.0,0.0,0.0,0.0,0.0,0.0,0.0,0.0,0.0,0.0,0.0,0.0,0.0,0.0,0.0,0.0,0.0,0.0,0.0,0.0,0.0,0.0,0.0,0.0,0.0,0.0,0.0,0.0,0.0,0.0,0.0,0.0,0.0,0.0,0.0,0.0,0.0,0.0,0.0,0.0,0.0,0.0,0.0,0.0,0.0,0.0,0.0,0.0,0.0,0.0,0.0,0.0,0.0,0.0,0.0,0.0,0.0,0.0,0.0,0.0,0.0,0.0,0.0,0.0,0.0,0.0,0.0,0.0,0.0,0.0,0.0,0.0,0.0,0.0,0.0,0.0,0.0,0.0,0.0,0.0,0.0,0.0,0.0,0.0,0.0,0.0,0.0,0.0,0.0,0.0,0.0,0.0,0.0,0.0,0.0,0.0,0.0,0.0,0.0,0.0,0.0,0.0,0.0,0.0,0.0,0.0,0.0,0.0,0.0,0.0,0.0,0.0,0.0,0.0,0.0,0.0,0.0,0.0,0.0,0.0,0.0,0.0,0.0,0.0,0.0,0.0,0.0,0.0,0.0,0.0,0.0,0.0,0.0,0.0,0.0,0.0,0.0,0.0,0.0,0.0,0.0,0.0,0.0,0.0,0.0,0.0,0.0,0.0,0.0,0.0,0.0,0.0,0.0,0.0,0.0,0.0,0.0,0.0,0.0,0.0,0.0,0.0,0.0,0.0,0.0,0.0,0.0,0.0,0.0,0.0,0.0,0.0,0.0,0.0,0.0,0.0,0.0,0.0,0.0,0.0,0.0,0.0,0.0,0.0,0.0,0.0,0.0,0.0,0.0,0.0,0.0,0.0,0.0,0.0,0.0,0.0,0.0,0.0,0.0,0.0,0.0,0.0,0.0,0.0,0.0,0.0,0.0,0.0,0.0,0.0,0.0,0.0,0.0,0.0,0.0,0.0,0.0,0.0,0.0,0.0,0.0,0.0,0.0,0.0,0.0,0.0,0.0,0.0,0.0,0.0,0.0,0.0,0.0,0.0,0.0,0.0,0.0,0.0,0.0,0.0,0.0,0.0,0.0,0.0,0.0,0.0,0.0,0.0,0.0,0.0,0.0,0.0,0.0,0.0,0.0,0.0,0.0,0.0,0.0,0.0,0.0,0.0,0.0,0.0,0.0,0.0,0.0,0.0,0.0,0.0,0.0,0.0,0.0,0.0,0.0,0.0,0.0,0.0,0.0,0.0,0.0,0.0,0.0,0.0,0.0,0.0,0.0,0.0,0.0,0.0,0.0,0.0,0.0,0.0,0.0,0.0,0.0,0.0,0.0,0.0,0.0,0.0,0.0,0.0,0.0,0.0,0.0,0.0,0.0,0.0,0.0,0.0,0.0,0.0,0.0,0.0,0.0,0.0,0.0,0.0,0.0,0.0,0.0,0.0,0.0,0.0,0.0,0.0,0.0,0.0,0.0,0.0,0.0,0.0,0.0,0.0,0.0,0.0,0.0,0.0,0.0,0.0,0.0,0.0,0.0,0.0,0.0,0.0,0.0,0.0,0.0,0.0,0.0,0.0,0.0,0.0,0.0,0.0,0.0,0.0,0.0,0.0,0.0,0.0,0.0,0.0,0.0,0.0,0.0,0.0,0.0,0.0,0.0,0.0,0.0,0.0,0.0,0.0,0.0,0.0,0.0,0.0,0.0,0.0,0.0,0.0,0.0,0.0,0.0,0.0,0.0,0.0,0.0,0.0,0.0,0.0,0.0,0.0,0.0,0.0,0.0,0.0,0.0,0.0,0.0,0.0,0.0,0.0,0.0,0.0,0.0,0.0,0.0,0.0,0.0,0.0,0.0,0.0,0.0,0.0,0.0,0.0,0.0,0.0,0.0,0.0,0.0,0.0,0.0,0.0,0.0,0.0,0.0,0.0,0.0,0.0,0.0,0.0,0.0,0.0,0.0,0.0,0.0,0.0,0.0,0.0,0.0,0.0,0.0,0.0,0.0,0.0,0.0,0.0,0.0,0.0,0.0,0.0,0.0,0.0,0.0,0.0,0.0,0.0,0.0,0.0,0.0,0.0,0.0,0.0,0.0,0.0,0.0,0.0,0.0,0.0,0.0,0.0,0.0,0.0,0.0,0.0,0.0,0.0,0.0,0.0,0.0,0.0,0.0,0.0,0.0,0.0,0.0,0.0,0.0,0.0,0.0,0.0,0.0,0.0,0.0,0.0,0.0,0.0,0.0,0.0,0.0,0.0,0.0,0.0,0.0,0.0,0.0,0.0,0.0,0.0,0.0,0.0,0.0,0.0,0.0,0.0,0.0,0.0,0.0,0.0,0.0,0.0,0.0,0.0,0.0,0.0,0.0,0.0,0.0,0.0,0.0,0.0,0.0,0.0,0.0,0.0,0.0,0.0,0.0,0.0,0.0,0.0,0.0,0.0,0.0,0.0,0.0,0.0,0.0,0.0,0.0,0.0,0.0,0.0,0.0,0.0,0.0,0.0,0.0,0.0,0.0,0.0,0.0,0.0,0.0,0.0,0.0,0.0,0.0,0.0,0.0,0.0,0.0,0.0,0.0,0.0,0.0,0.0,0.0,0.0,0.0,0.0,0.0,0.0,0.0,0.0,0.0,0.0,0.0,0.0,0.0,0.0,0.0,0.0,0.0,0.0,0.0,0.0,0.0,0.0,0.0,0.0,0.0,0.0,0.0,0.0,0.0,0.0,0.0,0.0,0.0,0.0,0.0,0.0,0.0,0.0,0.0,0.0,0.0,0.0,0.0,0.0,0.0,0.0,0.0,0.0,0.0,0.0,0.0,0.0,0.0,0.0,0.0,0.0,0.0,0.0,0.0,0.0,0.0,0.0,0.0,0.0,0.0,0.0,0.0,0.0,0.0,0.0,0.0,0.0,0.0,0.0,0.0,0.0,0.0,0.0,0.0,0.0,0.0,0.0,0.0,0.0,0.0,0.0,0.0,0.0,0.0,0.0,0.0,0.0,0.0,0.0,0.0,0.0,0.0,0.0,0.0,0.0,0.0,0.0,0.0,0.0,0.0,0.0,0.0,0.0,0.0,0.0,0.0,0.0,0.0,0.0,0.0,0.0,0.0,0.0,0.0,0.0,0.0,0.0,0.0,0.0,0.0,0.0,0.0,0.0,0.0,0.0,0.0,0.0,0.0,0.0,0.0,0.0,0.0,0.0,0.0,0.0,0.0,0.0,0.0,0.0,0.0,0.0,0.0,0.0,0.0,0.0,0.0,0.0,0.0,0.0,0.0,0.0,0.0,0.0,0.0,0.0,0.0,0.0,0.0,0.0,0.0,0.0,0.0,0.0,0.0,0.0,0.0,0.0,0.0,0.0,0.0,0.0,0.0,0.0,0.0,0.0,0.0,0.0,0.0,0.0,0.0,0.0,0.0,0.0,0.0,0.0,0.0,0.0,0.0,0.0,0.0,0.0,0.0,0.0,0.0,0.0,0.0,0.0,0.0,0.0,0.0,0.0,0.0,0.0,0.0,0.0,0.0,0.0,0.0,0.0,0.0,0.0,0.0,0.0,0.0,0.0,0.0,0.0,0.0,0.0,0.0,0.0,0.0,0.0,0.0,0.0,0.0,0.0,0.0,0.0,0.0,0.0,0.0,0.0,0.0,0.0,0.0,0.0,0.0,0.0,0.0,0.0,0.0,0.0,0.0,0.0,0.0,0.0,0.0,0.0,0.0,0.0,0.0,0.0,0.0,0.0,0.0,0.0,0.0,0.0,0.0,0.0,0.0,0.0,0.0,0.0,0.0,0.0,0.0,0.0,0.0,0.0,0.0,0.0,0.0,0.0,0.0,0.0,0.0,0.0,0.0,0.0,0.0,0.0,0.0,0.0,0.0,0.0,0.0,0.0,0.0,0.0,0.0,0.0,0.0,0.0,0.0,0.0,0.0,0.0,0.0,0.0,0.0,0.0,0.0,0.0,0.0,0.0,0.0,0.0,0.0,0.0,0.0,0.0,0.0,0.0,0.0,0.0,0.0,0.0,0.0,0.0,0.0,0.0,0.0,0.0,0.0,0.0,0.0,0.0,0.0,0.0,0.0,0.0,0.0,0.0,0.0,0.0,0.0,0.0,0.0,0.0,0.0,0.0,0.0,0.0,0.0,0.0,0.0,0.0,0.0,0.0,0.0,0.0,0.0,0.0,0.0,0.0,0.0,0.0,0.0,0.0,0.0,0.0,0.0,0.0,0.0,0.0,0.0,0.0,0.0,0.0,0.0,0.0,0.0,0.0,0.0,0.0,0.0,0.0,0.0,0.0,0.0,0.0,0.0,0.0,0.0,0.0,0.0,0.0,0.0,0.0,0.0,0.0,0.0,0.0,0.0,0.0,0.0,0.0,0.0,0.0,0.0,0.0,0.0,0.0,0.0,0.0,0.0,0.0,0.0,0.0,0.0,0.0,0.0,0.0,0.0,0.0,0.0,0.0,0.0,0.0,0.0,0.0,0.0,0.0,0.0,0.0,0.0,0.0,0.0,0.0,0.0,0.0,0.0,0.0,0.0,0.0,0.0,0.0,0.0,0.0,0.0,0.0,0.0,0.0,0.0,0.0,0.0,0.0,0.0,0.0,0.0,0.0,0.0,0.0,0.0,0.0,0.0,0.0,0.0,0.0,0.0,0.0,0.0,0.0,0.0,0.0,0.0,0.0,0.0,0.0,0.0,0.0,0.0,0.0,0.0,0.0,0.0,0.0,0.0,0.0,0.0,0.0,0.0,0.0,0.0,0.0,0.0,0.0,0.0,0.0,0.0,0.0,0.0,0.0,0.0,0.0,0.0,0.0,0.0,0.0,0.0,0.0,0.0,0.0,0.0,0.0,0.0,0.0,0.0,0.0,0.0,0.0,0.0,0.0,0.0,0.0,0.0,0.0,0.0,0.0,0.0,0.0,0.0,0.0,0.0,0.0,0.0,0.0,0.0,0.0,0.0,0.0,0.0,0.0,0.0,0.0,0.0,0.0,0.0,0.0,0.0,0.0,0.0,0.0,0.0,0.0,0.0,0.0,0.0,0.0,0.0,0.0,0.0,0.0,0.0,0.0,0.0,0.0,0.0,0.0,0.0,0.0,0.0,0.0,0.0,0.0,0.0,0.0,0.0,0.0,0.0,0.0,0.0,0.0,0.0,0.0,0.0,0.0,0.0,0.0,0.0,0.0,0.0,0.0,0.0,0.0,0.0,0.0,0.0,0.0,0.0,0.0,0.0,0.0,0.0,0.0,0.0,0.0,0.0,0.0,0.0,0.0,0.0,0.0,0.0,0.0,0.0,0.0,0.0,0.0,0.0,0.0,0.0,0.0,0.0,0.0,0.0,0.0,0.0,0.0,0.0,0.0,0.0,0.0,0.0,0.0,0.0,0.0,0.0,0.0,0.0,0.0,0.0,0.0,0.0,0.0,0.0,0.0,0.0,0.0,0.0,0.0,0.0,0.0,0.0,0.0,0.0,0.0,0.0,0.0,0.0,0.0,0.0,0.0,0.0,0.0,0.0,0.0,0.0,0.0,0.0,0.0,0.0,0.0,0.0,0.0,0.0,0.0,0.0,0.0,0.0,0.0,0.0,0.0,0.0,0.0,0.0,0.0,0.0,0.0,0.0,0.0,0.0,0.0,0.0,0.0,0.0,0.0,0.0,0.0,0.0,0.0,0.0,0.0,0.0,0.0,0.0,0.0,0.0,0.0,0.0,0.0,0.0,0.0,0.0,0.0,0.0,0.0,0.0,0.0,0.0,0.0,0.0,0.0,0.0,0.0,0.0,0.0,0.0,0.0,0.0,0.0,0.0,0.0,0.0,0.0,0.0,0.0,0.0,0.0,0.0,0.0,0.0,0.0,0.0,0.0,0.0,0.0,0.0,0.0,0.0,0.0,0.0,0.0,0.0,0.0,0.0,0.0,0.0,0.0,0.0,0.0,0.0,0.0,0.0,0.0,0.0,0.0,0.0,0.0,0.0,0.0,0.0,0.0,0.0,0.0,0.0,0.0,0.0,0.0,0.0,0.0,0.0,0.0,0.0,0.0,0.0,0.0,0.0,0.0,0.0,0.0,0.0,0.0,0.0,0.0,0.0,0.0,0.0,0.0,0.0,0.0,0.0,0.0,0.0,0.0,0.0,0.0,0.0,0.0,0.0,0.0,0.0,0.0,0.0,0.0,0.0,0.0,0.0,0.0,0.0,0.0,0.0,0.0,0.0,0.0,0.0,0.0,0.0,0.0,0.0,0.0,0.0,0.0,0.0,0.0,0.0,0.0,0.0,0.0,0.0,0.0,0.0,0.0,0.0,0.0,0.0,0.0,0.0,0.0,0.0,0.0,0.0,0.0,0.0,0.0,0.0,0.0,0.0,0.0,0.0,0.0,0.0,0.0,0.0,0.0,0.0,0.0,0.0,0.0,0.0,0.0,0.0,0.0,0.0,0.0,0.0,0.0,0.0,0.0,0.0,0.0,0.0,0.0,0.0,0.0,0.0,0.0,0.0,0.0,0.0,0.0,0.0,0.0,0.0,0.0,0.0,0.0,0.0,0.0,0.0,0.0,0.0,0.0,0.0,0.0,0.0,0.0,0.0,0.0,0.0,0.0,0.0,0.0,0.0,0.0,0.0,0.0,0.0,0.0,0.0,0.0,0.0,0.0,0.0,0.0,0.0,0.0,0.0,0.0,0.0,0.0,0.0,0.0,0.0,0.0,0.0,0.0,0.0,0.0,0.0,0.0,0.0,0.0,0.0,0.0,0.0,0.0,0.0,0.0,0.0,0.0,0.0,0.0,0.0,0.0,0.0,0.0,0.0,0.0,0.0,0.0,0.0,0.0,0.0,0.0,0.0,0.0,0.0,0.0,0.0,0.0,0.0,0.0,0.0,0.0,0.0,0.0,0.0,0.0,0.0,0.0,0.0,0.0,0.0,0.0,0.0,0.0,0.0,0.0,0.0,0.0,0.0,0.0,0.0,0.0,0.0,0.0,0.0,0.0,0.0,0.0,0.0,0.0,0.0,0.0,0.0,0.0,0.0,0.0,0.0,0.0,0.0,0.0,0.0,0.0,0.0,0.0,0.0,0.0,0.0,0.0,0.0,0.0,0.0,0.0,0.0,0.0,0.0,0.0,0.0,0.0,0.0,0.0,0.0,0.0,0.0,0.0,0.0,0.0,0.0,0.0,0.0,0.0,0.0,0.0,0.0,0.0,0.0,0.0,0.0,0.0,0.0,0.0,0.0,0.0,0.0,0.0,0.0,0.0,0.0,0.0,0.0,0.0,0.0,0.0,0.0,0.0,0.0,0.0,0.0,0.0,0.0,0.0,0.0,0.0,0.0,0.0,0.0,0.0,0.0,0.0,0.0,0.0,0.0,0.0,0.0,0.0,0.0,0.0,0.0,0.0,0.0,0.0,0.0,0.0,0.0,0.0,0.0,0.0,0.0,0.0,0.0,0.0,0.0,0.0,0.0,0.0,0.0,0.0,0.0,0.0,0.0,0.0,0.0,0.0,0.0,0.0,0.0,0.0,0.0,0.0,0.0,0.0,0.0,0.0,0.0,0.0,0.0,0.0,0.0,0.0,0.0,-0.0,-0.0,-0.0,-0.0,-0.0,-0.0,-0.0,-0.0,-0.0,0.0,0.0,0.0,0.0,0.0,0.0,0.0,0.0,0.0,0.0,0.0,0.0,0.0,0.0,0.0,0.0,0.0,0.0,0.0,0.0,0.0,0.0,-0.0,0.0,0.0,0.0,0.0,0.0,0.0,0.0,0.0,0.0,0.0,0.0,0.0,0.0,0.0,0.0,0.0,0.0,0.0,0.0,0.0,0.0,0.0,0.0,0.0,0.0,0.0,0.0,0.0,0.0,0.0,0.0,0.0,0.0,0.0,0.0,0.0,0.0,0.0,0.0,0.0,0.0,0.0,0.0,0.0,0.0,-0.0,-0.0,-0.0,0.0,0.0,0.0,0.0,0.0,0.0,0.0,0.0,0.0,0.0,0.0,0.0,0.0,0.0,0.0,0.0,0.0,0.0,0.0,0.0,0.0,0.0,0.0,0.0,0.0,0.0,0.0,0.0,0.0,0.0,0.0,0.0,0.0,0.0,0.0,0.0,0.0,0.0,0.0,0.0,0.0,0.0,0.0,0.0,0.0,0.0,0.0,0.0,0.0,0.0,0.0,0.0,0.0,0.0,0.0,0.0,0.0,0.0,0.0,0.0,0.0,0.0,0.0,0.0,0.0,0.0,0.0,0.0,0.0,0.0,0.0,0.0,0.0,0.0,0.0,0.0,0.0,0.0,0.0,0.0,0.0,0.0,0.0,0.0,0.0,0.0,0.0,0.0,0.0,0.0,0.0,0.0,0.0,0.0,0.0,0.0,0.0,0.0,0.0,0.0,0.0,0.0,0.0,0.0,0.0,0.0,0.0,0.0,0.0,0.0,0.0,0.0,0.0,0.0,0.0,0.0,0.0,0.0,0.0,0.0,0.0,0.0,0.0,0.0,0.0,0.0,0.0,0.0,0.0,0.0,0.0,0.0,0.0,0.0,0.0,0.0,0.0,0.0,0.0,0.0,0.0,0.0,0.0,0.0,0.0,0.0,0.0,0.0,0.0,0.0,0.0,0.0,0.0,0.0,0.0,0.0,0.0,0.0,0.0,0.0,0.0,0.0,0.0,0.0,0.0,0.0,0.0,0.0,0.0,0.0,0.0,0.0,0.0,0.0,0.0,0.0,0.0,0.0,0.0,0.0,0.0,0.0,0.0,0.0,0.0,0.0,0.0,0.0,0.0,0.0,0.0,0.0,0.0,0.0,0.0,0.0,0.0,0.0,0.0,0.0,0.0,0.0,0.0,0.0,0.0,0.0,0.0,0.0,0.0,0.0,0.0,0.0,0.0,0.0,0.0,0.0,0.0,0.0,0.0,0.0,0.0,0.0,0.0,0.0,0.0,0.0,0.0,0.0,0.0,0.0,0.0,0.0,0.0,0.0,0.0,0.0,0.0,0.0,0.0,0.0,0.0,0.0,0.0,0.0,0.0,0.0,0.0,0.0,0.0,0.0,0.0,0.0,0.0,0.0,0.0,0.0,0.0,0.0,0.0,0.0,0.0,0.0,0.0,0.0,0.0,0.0,0.0,0.0,0.0,0.0,0.0,0.0,0.0,0.0,0.0,0.0,0.0,0.0,0.0,0.0,0.0,0.0,0.0,0.0,0.0,0.0,0.0,0.0,0.0,0.0,0.0,0.0,0.0,0.0,0.0,0.0,0.0,0.0,0.0,0.0,0.0,0.0,0.0,0.0,0.0,0.0,0.0,0.0,0.0,0.0,0.0,0.0,0.0,0.0,0.0,0.0,0.0,0.0,0.0,0.0,0.0,0.0,0.0,0.0,0.0,0.0,0.0,0.0,0.0,0.0,0.0,0.0,0.0,0.0,0.0,0.0,0.0,0.0,0.0,0.0,0.0,0.0,0.0,0.0,0.0,0.0,0.0,0.0,0.0,0.0,0.0,0.0,0.0,0.0,0.0,0.0,0.0,0.0,0.0,0.0,0.0,0.0,0.0,0.0,0.0,0.0,0.0,0.0,0.0,0.0,0.0,0.0,0.0,0.0,0.0,0.0,0.0,0.0,0.0,0.0,0.0,0.0,0.0,0.0,0.0,0.0,0.0,0.0,0.0,0.0,0.0,0.0,0.0,0.0,0.0,0.0,0.0,0.0,0.0,0.0,0.0,0.0,0.0,0.0,0.0,0.0,0.0,0.0,0.0,0.0,0.0,0.0,0.0,0.0,0.0,0.0,0.0,0.0,0.0,0.0,0.0,0.0,0.0,0.0,0.0,0.0,0.0,0.0,0.0,0.0,0.0,0.0,0.0,0.0,0.0,0.0,0.0,0.0,0.0,0.0,0.0,0.0,0.0,0.0,0.0,0.0,0.0,0.0,0.0,0.0,0.0,0.0,0.0,0.0,0.0,0.0,0.0,0.0,0.0,0.0,0.0,0.0,0.0,0.0,0.0,0.0,0.0,0.0,0.0,0.0,0.0,0.0,0.0,0.0,0.0,0.0,0.0,0.0,0.0,0.0,0.0,0.0,0.0,0.0,0.0,0.0,0.0,0.0,0.0,0.0,0.0,0.0,0.0,0.0,0.0,0.0,0.0,0.0,0.0,0.0,0.0,0.0,0.0,0.0,0.0,0.0,0.0,0.0,0.0,0.0,0.0,0.0,0.0,0.0,0.0,0.0,0.0,0.0,0.0,0.0,0.0,0.0,0.0,0.0,0.0,0.0,0.0,0.0,0.0,0.0,0.0,0.0,0.0,0.0,0.0,0.0,0.0,0.0,0.0,0.0,0.0,0.0,0.0,0.0,0.0,0.0,0.0,0.0,0.0,0.0,0.0,0.0,0.0,0.0,0.0,0.0,0.0,0.0,0.0,0.0,0.0,0.0,0.0,0.0,0.0,0.0,0.0,0.0,0.0,0.0,0.0,0.0,0.0,0.0,0.0,0.0,0.0,0.0,0.0,0.0,0.0,0.0,0.0,0.0,0.0,0.0,0.0,0.0,0.0,0.0,0.0,0.0,0.0,0.0,0.0,0.0,0.0,0.0,0.0,0.0,0.0,0.0,0.0,0.0,0.0,0.0,0.0,0.0,0.0,0.0,0.0,0.0,0.0,0.0,0.0,0.0,0.0,0.0,0.0,0.0,0.0,0.0,0.0,0.0,0.0,0.0,0.0,0.0,0.0,0.0,0.0,0.0,0.0,0.0,0.0,0.0,0.0,0.0,0.0,0.0,0.0,0.0,0.0,0.0,0.0,0.0,0.0,0.0,0.0,0.0,0.0,0.0,0.0,0.0,0.0,0.0,0.0,0.0,0.0,0.0,0.0,0.0,0.0,0.0,0.0,0.0,0.0,0.0,0.0,0.0,0.0,0.0,0.0,0.0,0.0,0.0,0.0,0.0,0.0,0.0,0.0,0.0,0.0,0.0,0.0,0.0,0.0,0.0,0.0,0.0,0.0,0.0,0.0,0.0,0.0,0.0,0.0,0.0,0.0,0.0,0.0,0.0,0.0,0.0,0.0,0.0,0.0,0.0,0.0,0.0,0.0,0.0,0.0,0.0,0.0,0.0,0.0,0.0,0.0,0.0,0.0,0.0,0.0,0.0,0.0,0.0,0.0,0.0,0.0,0.0,0.0,0.0,0.0,0.0,0.0,0.0,0.0,0.0,0.0,0.0,0.0,0.0,0.0,0.0,0.0,0.0,0.0,0.0,0.0,0.0,0.0,0.0,0.0,0.0,0.0,0.0,0.0,0.0,0.0,0.0,0.0,0.0,0.0,0.0,0.0,0.0,0.0,0.0,0.0,0.0,0.0,0.0,0.0,0.0,0.0,0.0,0.0,0.0,0.0,0.0,0.0,0.0,0.0,0.0,0.0,0.0,0.0,0.0,0.0,0.0,0.0,0.0,0.0,0.0,0.0,0.0,0.0,0.0,0.0,0.0,0.0,0.0,0.0,0.0,0.0,0.0,0.0,0.0,0.0,0.0,0.0,0.0,0.0,0.0,0.0,0.0,0.0,0.0,0.0,0.0,0.0,0.0,0.0,0.0,0.0,0.0,0.0,0.0,0.0,0.0,0.0,0.0,0.0,0.0,0.0,0.0,0.0,0.0,0.0,0.0,0.0,0.0,0.0,0.0,0.0,0.0,0.0,0.0,0.0,0.0,0.0,0.0,0.0,0.0,0.0,0.0,0.0,0.0,0.0,0.0,0.0,0.0,0.0,0.0,0.0,0.0,0.0,0.0,0.0,0.0,0.0,0.0,0.0,0.0,0.0,0.0,0.0,0.0,0.0,0.0,0.0,0.0,0.0,0.0,0.0,0.0,0.0,0.0,0.0,0.0,0.0,0.0,0.0,0.0,0.0,0.0,0.0,0.0,0.0,0.0,0.0,0.0,0.0,0.0,0.0,0.0,0.0,0.0,0.0,0.0,0.0,0.0,0.0,0.0,0.0,0.0,0.0,0.0,0.0,0.0,0.0,0.0,0.0,0.0,0.0,0.0,0.0,0.0,0.0,0.0,0.0,0.0,0.0,0.0,0.0,0.0,0.0,0.0,0.0,0.0,0.0,0.0,0.0,0.0,0.0,0.0,0.0,0.0,0.0,0.0,0.0,0.0,0.0,0.0,0.0,0.0,0.0,0.0,0.0,0.0,0.0,0.0,0.0,0.0,0.0,0.0,0.0,0.0,0.0,0.0,0.0,0.0,0.0,0.0,0.0,0.0,0.0,0.0,0.0,0.0,0.0,0.0,0.0,0.0,0.0,0.0,0.0,0.0,0.0,0.0,0.0,0.0,0.0,0.0,0.0,0.0,0.0,0.0,0.0,0.0,0.0,0.0,0.0,0.0,0.0,0.0,0.0,0.0,0.0,0.0,0.0,0.0,0.0,0.0,0.0,0.0,0.0,0.0,0.0,0.0,0.0,0.0,0.0,0.0,0.0,0.0,0.0,0.0,0.0,0.0,0.0,0.0,0.0,0.0,0.0,0.0,0.0,0.0,0.0,0.0,0.0,0.0,0.0,0.0,0.0,0.0,0.0,0.0,0.0,0.0,0.0,0.0,0.0,0.0,0.0,0.0,0.0,0.0,0.0,0.0,0.0,0.0,0.0,0.0,0.0,0.0,0.0,0.0,0.0,0.0,0.0,0.0,0.0,0.0,0.0,0.0,0.0,0.0,0.0,0.0,0.0,0.0,0.0,0.0,0.0,0.0,0.0,0.0,0.0,0.0,0.0,0.0,0.0,0.0,0.0,0.0,0.0,0.0,0.0,0.0,0.0,0.0,0.0,0.0,0.0,0.0,0.0,0.0,0.0,0.0,0.0,0.0,0.0,0.0,0.0,0.0,0.0,0.0,0.0,0.0,0.0,0.0,0.0,0.0,0.0,0.0,0.0,0.0,0.0,0.0,0.0,0.0,0.0,0.0,0.0,0.0,0.0,0.0,0.0,0.0,0.0,0.0,0.0,0.0,0.0,0.0,0.0,0.0,0.0,0.0,0.0,0.0,0.0,0.0,0.0,0.0,0.0,0.0,0.0,0.0,0.0,0.0,0.0,0.0,0.0,0.0,0.0,0.0,0.0,0.0,0.0,0.0,0.0,0.0,0.0,0.0,0.0,0.0,0.0,0.0,0.0,0.0,0.0,0.0,0.0,0.0,0.0,0.0,0.0,0.0,0.0,0.0,0.0,0.0,0.0,0.0,0.0,0.0,0.0,0.0,0.0,0.0,0.0,0.0,0.0,0.0,0.0,0.0,0.0,0.0,0.0,0.0,0.0,0.0,0.0,0.0,0.0,0.0,0.0,0.0,0.0,0.0,0.0,0.0,0.0,0.0,0.0,0.0,0.0,0.0,0.0,0.0,0.0,0.0,0.0,0.0,0.0,0.0,0.0,0.0,0.0,0.0,0.0,0.0,0.0,0.0,0.0,0.0,0.0,0.0,0.0,0.0,0.0,0.0,0.0,0.0,0.0,0.0,0.0,0.0,0.0,0.0,0.0,0.0,0.0,0.0,0.0,0.0,0.0,0.0,0.0,0.0,0.0,0.0,0.0,0.0,0.0,0.0,0.0,0.0,0.0,0.0,0.0,0.0,0.0,0.0,0.0,0.0,0.0,0.0,0.0,0.0,0.0,0.0,0.0,0.0,0.0,0.0,0.0,0.0,0.0,0.0,0.0,0.0,0.0,0.0,0.0,0.0,0.0,0.0,0.0,0.0,0.0,0.0,0.0,0.0,0.0,0.0,0.0,0.0,0.0,0.0,0.0,0.0,0.0,0.0,0.0,0.0,0.0,0.0,0.0,0.0,0.0,0.0,0.0,0.0,0.0,0.0,0.0,0.0,0.0,0.0,0.0,0.0,0.0,0.0,0.0,0.0,0.0,0.0,0.0,0.0,0.0,0.0,0.0,0.0,0.0,0.0,0.0,0.0,0.0,0.0,0.0,0.0,0.0,0.0,0.0,0.0,0.0,0.0,0.0,0.0,0.0,0.0,0.0,0.0,0.0,0.0,0.0,0.0,0.0,0.0,0.0,0.0,0.0,0.0,0.0,0.0,0.0,0.0,0.0,0.0,0.0,0.0,0.0,0.0,0.0,0.0,0.0,0.0,0.0,0.0,0.0,0.0,0.0,0.0,0.0,0.0,0.0,0.0,0.0,0.0,0.0,0.0,0.0,0.0,0.0,0.0,0.0,0.0,0.0,0.0,0.0,0.0,0.0,0.0,0.0,0.0,0.0,0.0,0.0,0.0,0.0,0.0,0.0,0.0,0.0,0.0,0.0,0.0,0.0,0.0,0.0,0.0,0.0,0.0,0.0,0.0,0.0,0.0,0.0,0.0,0.0,0.0,0.0,0.0,0.0,0.0,0.0,0.0,0.0,0.0,0.0,0.0,0.0,0.0,0.0,0.0,0.0,0.0,0.0,0.0,0.0,0.0,0.0,0.0,0.0,0.0,0.0,0.0,0.0,0.0,0.0,0.0,0.0,0.0,0.0,0.0,0.0,0.0,0.0,0.0,0.0,0.0,0.0,0.0,0.0,0.0,0.0,0.0,0.0,0.0,0.0,0.0,0.0,0.0,0.0,0.0,0.0,0.0,0.0,0.0,0.0,0.0,0.0,0.0,0.0,0.0,0.0,0.0,0.0,0.0,0.0,0.0,0.0,0.0,0.0,0.0,0.0,0.0,0.0,0.0,0.0,0.0,0.0,0.0,0.0,0.0,0.0,0.0,0.0,0.0,0.0,0.0,0.0,0.0,0.0,0.0,0.0,0.0,0.0,0.0,0.0,0.0,0.0,0.0,0.0,0.0,0.0,0.0,0.0,0.0,0.0,0.0,0.0,0.0,0.0,0.0,0.0,0.0,0.0,0.0,0.0,0.0,0.0,0.0,0.0,0.0,0.0,0.0,0.0,0.0,0.0,0.0,0.0,0.0,0.0,0.0,0.0,0.0,0.0,0.0,0.0,0.0,0.0,0.0,0.0,0.0,0.0,0.0,0.0,0.0,0.0,0.0,0.0,0.0,0.0,0.0,0.0,0.0,0.0,0.0,0.0,0.0,0.0,0.0,0.0,0.0,0.0,0.0,0.0,0.0,0.0,0.0,0.0,0.0,0.0,0.0,0.0,0.0,0.0,0.0,0.0,0.0,0.0,0.0,0.0,0.0,0.0,0.0,0.0,0.0,0.0,0.0,0.0,0.0,0.0,0.0,0.0,0.0,0.0,0.0,0.0,0.0,0.0,0.0,0.0,0.0,0.0,0.0,0.0,0.0,0.0,0.0,0.0,0.0,0.0,0.0,0.0,0.0,0.0,0.0,0.0,0.0,0.0,0.0,0.0,0.0,0.0,0.0,0.0,0.0,0.0,0.0,0.0,0.0,0.0,0.0,0.0,0.0,0.0,0.0,0.0,0.0,0.0,0.0,0.0,0.0,0.0,0.0,0.0,0.0,0.0,0.0,0.0,0.0,0.0,0.0,0.0,0.0,0.0,0.0,0.0,0.0,0.0,0.0,0.0,0.0,0.0,0.0,0.0,0.0,0.0,0.0,0.0,0.0,0.0,0.0,0.0,0.0,0.0,0.0,0.0,0.0,0.0,0.0,0.0,0.0,0.0,0.0,0.0,0.0,0.0,0.0,0.0,0.0,0.0,0.0,0.0,0.0,0.0,0.0,0.0,0.0,0.0,0.0,0.0,0.0,0.0,0.0,0.0,0.0,0.0,0.0,0.0,0.0,0.0,0.0,0.0,0.0,0.0,0.0,0.0,0.0,0.0,0.0,0.0,0.0,0.0,0.0,0.0,0.0,0.0,0.0,0.0,0.0,0.0,0.0,0.0,0.0,0.0,0.0,0.0,0.0,0.0,0.0,0.0,0.0,0.0,0.0,0.0,0.0,0.0,0.0,0.0,0.0,0.0,0.0,0.0,0.0,0.0,0.0,0.0,0.0,0.0,0.0,0.0,0.0,0.0,0.0,0.0,0.0,0.0,0.0,0.0,0.0,0.0,0.0,0.0,0.0,0.0,0.0,0.0,0.0,0.0,0.0,0.0,0.0,0.0,0.0,0.0,0.0,0.0,0.0,0.0,0.0,0.0,0.0,0.0,0.0,0.0,0.0,0.0,0.0,0.0,0.0,0.0,0.0,0.0,0.0,0.0,0.0,0.0,0.0,0.0,0.0,0.0,0.0,0.0,0.0,0.0,0.0,0.0,0.0,0.0,0.0,0.0,0.0,0.0,0.0,0.0,0.0,0.0,0.0,0.0,0.0,0.0,0.0,0.0,0.0,0.0,0.0,0.0,0.0,0.0,0.0,0.0,0.0,0.0,0.0,0.0,0.0,0.0,0.0,0.0,0.0,0.0,0.0,0.0,0.0,0.0,0.0,0.0,0.0,0.0,0.0,0.0,0.0,0.0,0.0,0.0,0.0,0.0,0.0,0.0,0.0,0.0,0.0,0.0,0.0,0.0,0.0,0.0,0.0,0.0,0.0,0.0,0.0,0.0,0.0,0.0,0.0,0.0,0.0,0.0,0.0,0.0,0.0,0.0,0.0,0.0,0.0,0.0,0.0,0.0,0.0,0.0,0.0,0.0,0.0,0.0,0.0,0.0,0.0,0.0,0.0,0.0,0.0,0.0,0.0,0.0,0.0,0.0,0.0,0.0,0.0,0.0,0.0,0.0,0.0,0.0,0.0,0.0,0.0,0.0,0.0,0.0,0.0,0.0,0.0,0.0,0.0,0.0,0.0,0.0,0.0,0.0,0.0,0.0,0.0,0.0,0.0,0.0,0.0,0.0,0.0,0.0,0.0,0.0,0.0,0.0,0.0,0.0,0.0,0.0,0.0,0.0,0.0,0.0,0.0,0.0,0.0,0.0,0.0,0.0,0.0,0.0,0.0,0.0,0.0,0.0,0.0,0.0,0.0,0.0,0.0,0.0,0.0,0.0,0.0,0.0,0.0,0.0,0.0,0.0,0.0,0.0,0.0,0.0,0.0,0.0,0.0,0.0,0.0,0.0,0.0,0.0,0.0,0.0,0.0,0.0,0.0,0.0,0.0,0.0,0.0,0.0,0.0,0.0,0.0,0.0,0.0,0.0,0.0,0.0,0.0,0.0,0.0,0.0,0.0,0.0,0.0,0.0,0.0,0.0,0.0,0.0,0.0,0.0,0.0,0.0,0.0,0.0,0.0,0.0,0.0,0.0,0.0,0.0,0.0,0.0,0.0,0.0,0.0,0.0,0.0,0.0,0.0,0.0,0.0,0.0,0.0,0.0,0.0,0.0,0.0,0.0,0.0,0.0,0.0,0.0,0.0,0.0,0.0,0.0,0.0,0.0,0.0,0.0,0.0,0.0,0.0,0.0,0.0,0.0,0.0,0.0,0.0,0.0,0.0,0.0,0.0,0.0,0.0,0.0,0.0,0.0,0.0,0.0,0.0,0.0,0.0,0.0,0.0,0.0,0.0,0.0,0.0,0.0,0.0,0.0,0.0,0.0,0.0,0.0,0.0,0.0,0.0,0.0,0.0,0.0,0.0,0.0,0.0,0.0,0.0,0.0,0.0,0.0,0.0,0.0,0.0,0.0,0.0,0.0,0.0,0.0,0.0,0.0,0.0,0.0,0.0,0.0,0.0,0.0,0.0,0.0,0.0,0.0,0.0,0.0,0.0,0.0,0.0,0.0,0.0,0.0,0.0,0.0,0.0,0.0,0.0,0.0,0.0,0.0,0.0,0.0,0.0,0.0,0.0,0.0,0.0,0.0,0.0,0.0,0.0,0.0,0.0,0.0,0.0,0.0,0.0,0.0,0.0,0.0,0.0,0.0,0.0,0.0,0.0,0.0,0.0,0.0,0.0,0.0,0.0,0.0,0.0,0.0,0.0,0.0,0.0,0.0,0.0,0.0,0.0,0.0,0.0,0.0,0.0,0.0,0.0,0.0,0.0,0.0,0.0,0.0,0.0,0.0,0.0,0.0,0.0,0.0,0.0,0.0,0.0,0.0,0.0,0.0,0.0,0.0,0.0,0.0,0.0,0.0,0.0,0.0,0.0,0.0,0.0,0.0,0.0,0.0,0.0,0.0,0.0,0.0,0.0,0.0,0.0,0.0,0.0,0.0,0.0,0.0,0.0,0.0,0.0,0.0,0.0,0.0,0.0,0.0,0.0,0.0,0.0,0.0,0.0,0.0,0.0,0.0,0.0,0.0,0.0,0.0,0.0,0.0,0.0,0.0,0.0,0.0,0.0,0.0,0.0,0.0,0.0,0.0,0.0,0.0,0.0,0.0,0.0,0.0,0.0,0.0,0.0,0.0,0.0,0.0,0.0,0.0,0.0,0.0,0.0,0.0,0.0,0.0,0.0,0.0,0.0,0.0,0.0,0.0,0.0,0.0,0.0,0.0,0.0,0.0,0.0,0.0,0.0,0.0,0.0,0.0,0.0,0.0,0.0,0.0,0.0,0.0,0.0,0.0,0.0,0.0,0.0,0.0,0.0,0.0,0.0,0.0,0.0,0.0,0.0,0.0,0.0,0.0,0.0,0.0,0.0,0.0,0.0,0.0,0.0,0.0,0.0,0.0,0.0,0.0,0.0,0.0,0.0,0.0,0.0,0.0,0.0,0.0,0.0,0.0,0.0,0.0,0.0,0.0,0.0,0.0,0.0,0.0,0.0,0.0,0.0,0.0,0.0,0.0,0.0,0.0,0.0,0.0,0.0,0.0,0.0,0.0,0.0,0.0,0.0,0.0,0.0,0.0,0.0,0.0,0.0,0.0,0.0,0.0,0.0,0.0,0.0,0.0,0.0,0.0,0.0,0.0,0.0,0.0,0.0,0.0,0.0,0.0,0.0,0.0,0.0,0.0,0.0,0.0,0.0,0.0,0.0,0.0,0.0,0.0,0.0,0.0,0.0,0.0,0.0,0.0,0.0,0.0,0.0,0.0,0.0,0.0,0.0,0.0,0.0,0.0,0.0,0.0,0.0,0.0,0.0,0.0,0.0,0.0,0.0,0.0,0.0,0.0,0.0,0.0,0.0,0.0,0.0,0.0,0.0,0.0,0.0,0.0,0.0,0.0,0.0,0.0,0.0,0.0,0.0,0.0,0.0,0.0,0.0,0.0,0.0,0.0,0.0,0.0,0.0,0.0,0.0,0.0,0.0,0.0,0.0,0.0,0.0,0.0,0.0,0.0,0.0,0.0,0.0,0.0,0.0,0.0,0.0,0.0,0.0,0.0,0.0,0.0,0.0,0.0,0.0,0.0,0.0,0.0,0.0,0.0,0.0,0.0,0.0,0.0,0.0,0.0,0.0,0.0,0.0,0.0,0.0,0.0,0.0,0.0,0.0,0.0,0.0,0.0,0.0,0.0,0.0,0.0,0.0,0.0,0.0,0.0,0.0,0.0,0.0,0.0,0.0,0.0,0.0,0.0,0.0,0.0,0.0,0.0,0.0,0.0,0.0,0.0,0.0,0.0,0.0,0.0,0.0,0.0,0.0,0.0,0.0,0.0,0.0,0.0,0.0,0.0,0.0,0.0,0.0,0.0,0.0,0.0,0.0,0.0,0.0,0.0,0.0,0.0,0.0,0.0,0.0,0.0,0.0,0.0,0.0,0.0,0.0,0.0,0.0,0.0,0.0,0.0,0.0,0.0,0.0,0.0,0.0,0.0,0.0,0.0,0.0,0.0,0.0,0.0,0.0,0.0,0.0,0.0,0.0,0.0,0.0,0.0,0.0,0.0,0.0,0.0,0.0,0.0,0.0,0.0,0.0,0.0,0.0,0.0,0.0,0.0,0.0,0.0,0.0,0.0,0.0,0.0,0.0,0.0,0.0,0.0,0.0,0.0,0.0,0.0,0.0,0.0,0.0,0.0,0.0,0.0,0.0,0.0,0.0,0.0,0.0,0.0,0.0,0.0,0.0,0.0,0.0,0.0,0.0,0.0,0.0,0.0,0.0,0.0,0.0,0.0,0.0,0.0,0.0,0.0,0.0,0.0,0.0,0.0,0.0,0.0,0.0,0.0,0.0,0.0,0.0,0.0,0.0,0.0,0.0,0.0,0.0,0.0,0.0,0.0,0.0,0.0,0.0,0.0,0.0,0.0,0.0,0.0,0.0,0.0,0.0,0.0,0.0,0.0,0.0,0.0,0.0,0.0,0.0,0.0,0.0,0.0,0.0,0.0,0.0,0.0,0.0,0.0,0.0,0.0,0.0,0.0,0.0,0.0,0.0,0.0,0.0,0.0,0.0,0.0,0.0,0.0,0.0,0.0,0.0,0.0,0.0,0.0,0.0,0.0,0.0,0.0,0.0,0.0,0.0,0.0,0.0,0.0,0.0,0.0,0.0,0.0,0.0,0.0,0.0,0.0,0.0,0.0,0.0,0.0,0.0,0.0,0.0,0.0,0.0,0.0,0.0,0.0,0.0,0.0,0.0,0.0,0.0,0.0,0.0,0.0,0.0,0.0,0.0,0.0,0.0,0.0,0.0,0.0,0.0,0.0,0.0,0.0,0.0,0.0,0.0,0.0,0.0,0.0,0.0,0.0,0.0,0.0,0.0,0.0,0.0,0.0,0.0,0.0,0.0,0.0,0.0,0.0,0.0,0.0,0.0,0.0,0.0,0.0,0.0,0.0,0.0,0.0,0.0,0.0,0.0,0.0,0.0,0.0,0.0,0.0,0.0,0.0,0.0,0.0,0.0,0.0,0.0,0.0,0.0,0.0,0.0,0.0,0.0,0.0,0.0,0.0,0.0,0.0,0.0,0.0,0.0,0.0,0.0,0.0,0.0,0.0,0.0,0.0,0.0,0.0,0.0,0.0,0.0,0.0,0.0,0.0,0.0,0.0,0.0,0.0,0.0,0.0,0.0,0.0,0.0,0.0,0.0,0.0,0.0,0.0,0.0,0.0,0.0,0.0,0.0,0.0,0.0,0.0,0.0,0.0,0.0,0.0,0.0,0.0,0.0,0.0,0.0,0.0,0.0,0.0,0.0,0.0,0.0,0.0,0.0,0.0,0.0,0.0,0.0,0.0,0.0,0.0,0.0,0.0,0.0,0.0,0.0,0.0,0.0,0.0,0.0,0.0,0.0,0.0,0.0,0.0,0.0,0.0,0.0,0.0,0.0,0.0,0.0,0.0,0.0,0.0,0.0,0.0,0.0,0.0,0.0,0.0,0.0,0.0,0.0,0.0,0.0,0.0,0.0,0.0,0.0,0.0,0.0,0.0,0.0,0.0,0.0,0.0,0.0,0.0,0.0,0.0,0.0,0.0,0.0,0.0,0.0,0.0,0.0,0.0,0.0,0.0,0.0,0.0,0.0,0.0,0.0,0.0,0.0,0.0,0.0,0.0,0.0,0.0,0.0,0.0,0.0,0.0,0.0,0.0,0.0,0.0,0.0,0.0,0.0,0.0,0.0,0.0,0.0,0.0,0.0,0.0,0.0,0.0,0.0,0.0,0.0,0.0,0.0,0.0,0.0,0.0,0.0,0.0,0.0,0.0,0.0,0.0,0.0,0.0,0.0,0.0,0.0,0.0,0.0,0.0,0.0,0.0,0.0,0.0,0.0,0.0,0.0,0.0,0.0,0.0,0.0,0.0,0.0,0.0,0.0,0.0,0.0,0.0,0.0,0.0,0.0,0.0,0.0,0.0,0.0,0.0,0.0,0.0,0.0,0.0,0.0,0.0,0.0,0.0,0.0,0.0,0.0,0.0,0.0,0.0,0.0,0.0,0.0,0.0,0.0,0.0,0.0,0.0,0.0,0.0,0.0,0.0,0.0,0.0,0.0,0.0,0.0,0.0,0.0,0.0,0.0,0.0,0.0,0.0,0.0,0.0,0.0,0.0,0.0,0.0,0.0,0.0,0.0,0.0,0.0,0.0,0.0,0.0,0.0,0.0,0.0,0.0,0.0,0.0,0.0,0.0,0.0,0.0,0.0,0.0,0.0,0.0,0.0,0.0,0.0,0.0,0.0,0.0,0.0,0.0,0.0,0.0,0.0,0.0,0.0,0.0,0.0,0.0,0.0,0.0,0.0,0.0,0.0,0.0,0.0,0.0,0.0,0.0,0.0,0.0,0.0,0.0,0.0,0.0,0.0,0.0,0.0,0.0,0.0,0.0,0.0,0.0,0.0,0.0,0.0,0.0,0.0,0.0,0.0,0.0,0.0,0.0,0.0,0.0,0.0,0.0,0.0,0.0,0.0,0.0,0.0,0.0,0.0,0.0,0.0,0.0,0.0,0.0,0.0,0.0,0.0,0.0,0.0,0.0,0.0,0.0,0.0,0.0,0.0,0.0,0.0,0.0,0.0,0.0,0.0,0.0,0.0,0.0,0.0,0.0,0.0,0.0,0.0,0.0,0.0,0.0,0.0,0.0,0.0,0.0,0.0,0.0,0.0,0.0,0.0,0.0,0.0,0.0,0.0,0.0,0.0,0.0,0.0,0.0,0.0,0.0,0.0,0.0,0.0,0.0,0.0,0.0,0.0,0.0,0.0,0.0,0.0,0.0,0.0,0.0,0.0,0.0,0.0,0.0,0.0,0.0,0.0,0.0,0.0,0.0,0.0,0.0,0.0,0.0,0.0,0.0,0.0,0.0,0.0,0.0,0.0,0.0,0.0,0.0,0.0,0.0,0.0,0.0,0.0,0.0,0.0,0.0,0.0,0.0,0.0,0.0,0.0,0.0,0.0,0.0,0.0,0.0,0.0,0.0,0.0,0.0,0.0,0.0,0.0,0.0,0.0,0.0,0.0,0.0,0.0,0.0,0.0,0.0,0.0,0.0,0.0,0.0,0.0,0.0,0.0,0.0,0.0,0.0,0.0,0.0,0.0,0.0,0.0,0.0,0.0,0.0,0.0,0.0,0.0,0.0,0.0,0.0,0.0,0.0,0.0,0.0,0.0,0.0,0.0,0.0,0.0,0.0,0.0,0.0,0.0,0.0,0.0,0.0,0.0,0.0,0.0,0.0,0.0,0.0,0.0,0.0,0.0,0.0,0.0,0.0,0.0,0.0,0.0,0.0,0.0,0.0,0.0,0.0,0.0,0.0,0.0,0.0,0.0,0.0,0.0,0.0,0.0,0.0,0.0,0.0,0.0,0.0,0.0,0.0,0.0,0.0,0.0,0.0,0.0,0.0,0.0,0.0,0.0,0.0,0.0,0.0,0.0,0.0,0.0,0.0,0.0,0.0,0.0,0.0,0.0,0.0,0.0,0.0,0.0,0.0,0.0,0.0,0.0,0.0,0.0,0.0,0.0,0.0,0.0,0.0,0.0,0.0,0.0,0.0,0.0,0.0,0.0,0.0,0.0,0.0,0.0,0.0,0.0,0.0,0.0,0.0,0.0,0.0,0.0,0.0,0.0,0.0,0.0,0.0,0.0,0.0,0.0,0.0,0.0,0.0,0.0,0.0,0.0,0.0,0.0,0.0,0.0,0.0,0.0,0.0,0.0,0.0,0.0,0.0,0.0,0.0,0.0,0.0,0.0,0.0,0.0,0.0,0.0,0.0,0.0,0.0,0.0,0.0,0.0,0.0,0.0,0.0,0.0,0.0,0.0,0.0,0.0,0.0,0.0,0.0,0.0,0.0,0.0,0.0,0.0,0.0,0.0,0.0,0.0,0.0,0.0,0.0,0.0,0.0,0.0,0.0,0.0,0.0,0.0,0.0,0.0,0.0,0.0,0.0,0.0,0.0,0.0,0.0,0.0,0.0,0.0,0.0,0.0,0.0,0.0,0.0,0.0,0.0,0.0,0.0,0.0,0.0,0.0,0.0,0.0,0.0,0.0,0.0,0.0,0.0,0.0,0.0,0.0,0.0,0.0,0.0,0.0,0.0,0.0,0.0,0.0,0.0,0.0,0.0,0.0,0.0,0.0,0.0,0.0,0.0,0.0,0.0,0.0,0.0,0.0,0.0,0.0,0.0,0.0,0.0,0.0,0.0,0.0,0.0,0.0,0.0,0.0,0.0,0.0,0.0,0.0,0.0,0.0,0.0,0.0,0.0,0.0,0.0,0.0,0.0,0.0,0.0,0.0,0.0,0.0,0.0,0.0,0.0,0.0,0.0,0.0,0.0,0.0,0.0,0.0,0.0,0.0,0.0,0.0,0.0,0.0,0.0,0.0,0.0,0.0,0.0,0.0,0.0,0.0,0.0,0.0,0.0,0.0,0.0,0.0,0.0,0.0,0.0,0.0,0.0,0.0,0.0,0.0,0.0,0.0,0.0,0.0,0.0,0.0,0.0,0.0,0.0,0.0,0.0,0.0,0.0,0.0,0.0,0.0,0.0,0.0,0.0,0.0,0.0,0.0,0.0,0.0,0.0,0.0,0.0,0.0,0.0,0.0,0.0,0.0,0.0,0.0,0.0,0.0,0.0,0.0,0.0,0.0,0.0,0.0,0.0,0.0,0.0,0.0,0.0,0.0,0.0,0.0,0.0,0.0,0.0,0.0,0.0,0.0,0.0,0.0,0.0,0.0,0.0,0.0,0.0,0.0,0.0,0.0,0.0,0.0,0.0,0.0,0.0,0.0,0.0,0.0,0.0,0.0,0.0,0.0,0.0,0.0,0.0,0.0,0.0,0.0,0.0,0.0,0.0,0.0,0.0,0.0,0.0,0.0,0.0,0.0,0.0,0.0,0.0,0.0,0.0,0.0,0.0,0.0,0.0,0.0,0.0,0.0,0.0,0.0,0.0,0.0,0.0,0.0,0.0,0.0,0.0,0.0,0.0,0.0,0.0,0.0,0.0,0.0,0.0,0.0,0.0,0.0,0.0,0.0,0.0,0.0,0.0,0.0,0.0,0.0,0.0,0.0,0.0,0.0,0.0,0.0,0.0,0.0,0.0,0.0,0.0,0.0,0.0,0.0,0.0,0.0,0.0,0.0,0.0,0.0,0.0,0.0,0.0,0.0,0.0,0.0,0.0,0.0,0.0,0.0,0.0,0.0,0.0,0.0,0.0,0.0,0.0,0.0,0.0,0.0,0.0,0.0,0.0,0.0,0.0,0.0,0.0,0.0,0.0,0.0,0.0,0.0,0.0,0.0,0.0,0.0,0.0,0.0,0.0,0.0,0.0,0.0,0.0,0.0,0.0,0.0,0.0,0.0,0.0,0.0,0.0,0.0,0.0,0.0,0.0,0.0,0.0,0.0,0.0,0.0,0.0,0.0,0.0,0.0,0.0,0.0,0.0,0.0,0.0,0.0,0.0,0.0,0.0,0.0,0.0,0.0,0.0,0.0,0.0,0.0,0.0,0.0,0.0,0.0,0.0,0.0,0.0,0.0,0.0,0.0,0.0,0.0,0.0,0.0,0.0,0.0,0.0,0.0,0.0,0.0,0.0,0.0,0.0,0.0,0.0,0.0,0.0,0.0,0.0,0.0,0.0,0.0,0.0,0.0,0.0,0.0,0.0,0.0,0.0,0.0,0.0,0.0,0.0,0.0,0.0,0.0,0.0,-0.0,-0.0,-0.0,-0.0,-0.0,-0.0,-0.0,-0.0,-0.0,-0.0,-0.0,0.0,0.0,0.0,0.0,0.0,0.0,0.0,0.0,0.0,0.0,0.0,0.0,0.0,0.0,0.0,0.0,0.0,0.0,-0.0,-0.0,0.0,0.0,0.0,0.0,0.0,0.0,0.0,0.0,0.0,0.0,0.0,0.0,0.0,0.0,0.0,0.0,0.0,0.0,0.0,-0.0,-0.0,0.0,-0.0,0.0,0.0,0.0,0.0,0.0,0.0,-0.0,-0.0,0.0,0.0,-0.0,0.0,0.0,0.0,0.0,0.0,-0.0,-0.0,-0.0,-0.0,-0.0,-0.0,-0.0,-0.0,-0.0,-0.0,0.0,0.0,0.0,0.0,0.0,0.0,0.0,0.0,0.0,0.0,0.0,0.0,0.0,0.0,0.0,0.0,0.0,0.0,0.0,0.0,0.0,0.0,0.0,0.0,0.0,0.0,0.0,0.0,0.0,0.0,0.0,0.0,0.0,0.0,0.0,0.0,0.0,0.0,0.0,0.0,0.0,0.0,0.0,0.0,0.0,0.0,0.0,0.0,0.0,0.0,0.0,0.0,0.0,0.0,0.0,0.0,0.0,0.0,0.0,0.0,0.0,0.0,0.0,0.0,0.0,0.0,0.0,0.0,0.0,0.0,0.0,0.0,0.0,0.0,0.0,0.0,0.0,0.0,0.0,0.0,0.0,0.0,0.0,0.0,0.0,0.0,0.0,0.0,0.0,0.0,0.0,0.0,0.0,0.0,0.0,0.0,0.0,0.0,0.0,0.0,0.0,-0.0,0.0,0.0,0.0,0.0,0.0,0.0,0.0,0.0,0.0,0.0,0.0,0.0,0.0,0.0,0.0,0.0,0.0,0.0,0.0,0.0,0.0,0.0,0.0,0.0,0.0,0.0,0.0,0.0,0.0,0.0,0.0,0.0,0.0,0.0,0.0,0.0,0.0,0.0,0.0,0.0,0.0,0.0,0.0,0.0,0.0,0.0,0.0,0.0,0.0,0.0,0.0,0.0,0.0,0.0,0.0,0.0,0.0,0.0,0.0,0.0,0.0,0.0,0.0,0.0,0.0,0.0,0.0,0.0,0.0,0.0,0.0,0.0,0.0,0.0,0.0,0.0,0.0,0.0,0.0,0.0,0.0,0.0,0.0,0.0,0.0,0.0,0.0,0.0,0.0,0.0,0.0,0.0,0.0,0.0,0.0,0.0,0.0,0.0,0.0,0.0,0.0,0.0,0.0,0.0,0.0,0.0,0.0,0.0,0.0,0.0,0.0,0.0,0.0,0.0,0.0,0.0,0.0,0.0,0.0,0.0,0.0,0.0,0.0,0.0,0.0,0.0,0.0,0.0,0.0,0.0,0.0,0.0,0.0,0.0,0.0,0.0,0.0,0.0,0.0,0.0,0.0,0.0,0.0,0.0,0.0,0.0,0.0,0.0,0.0,0.0,0.0,0.0,0.0,0.0,0.0,0.0,0.0,0.0,0.0,0.0,0.0,0.0,0.0,0.0,0.0,0.0,0.0,0.0,0.0,0.0,0.0,0.0,0.0,0.0,0.0,0.0,0.0,0.0,0.0,0.0,0.0,0.0,0.0,0.0,0.0,0.0,0.0,0.0,0.0,0.0,0.0,0.0,0.0,0.0,0.0,0.0,0.0,0.0,0.0,0.0,0.0,0.0,0.0,0.0,0.0,0.0,0.0,0.0,0.0,0.0,0.0,0.0,0.0,0.0,0.0,0.0,0.0,0.0,0.0,0.0,0.0,0.0,0.0,0.0,0.0,0.0,0.0,0.0,0.0,0.0,0.0,0.0,0.0,0.0,0.0,0.0,0.0,0.0,0.0,0.0,0.0,0.0,0.0,0.0,0.0,0.0,0.0,0.0,0.0,0.0,0.0,0.0,0.0,0.0,0.0,0.0,0.0,0.0,0.0,0.0,0.0,0.0,0.0,0.0,0.0,0.0,0.0,0.0,0.0,0.0,0.0,0.0,0.0,0.0,0.0,0.0,0.0,0.0,0.0,0.0,0.0,0.0,0.0,0.0,0.0,0.0,0.0,0.0,0.0,0.0,0.0,0.0,0.0,0.0,0.0,0.0,0.0,0.0,0.0,0.0,0.0,0.0,0.0,0.0,0.0,0.0,0.0,0.0,0.0,0.0,0.0,0.0,0.0,0.0,0.0,0.0,0.0,0.0,0.0,0.0,0.0,0.0,0.0,0.0,0.0,0.0,0.0,0.0,0.0,0.0,0.0,0.0,0.0,0.0,0.0,0.0,0.0,0.0,0.0,0.0,0.0,0.0,0.0,0.0,0.0,0.0,0.0,0.0,0.0,0.0,0.0,0.0,0.0,0.0,0.0,0.0,0.0,0.0,0.0,0.0,0.0,0.0,0.0,0.0,0.0,0.0,0.0,0.0,0.0,0.0,0.0,0.0,0.0,0.0,0.0,0.0,0.0,0.0,0.0,0.0,0.0,0.0,0.0,0.0,0.0,0.0,0.0,0.0,0.0,0.0,0.0,0.0,0.0,0.0,0.0,0.0,0.0,0.0,0.0,0.0,0.0,0.0,0.0,0.0,0.0,0.0,0.0,0.0,0.0,0.0,0.0,0.0,0.0,0.0,0.0,0.0,0.0,0.0,0.0,0.0,0.0,0.0,0.0,0.0,0.0,0.0,0.0,0.0,0.0,0.0,0.0,0.0,0.0,0.0,0.0,0.0,0.0,0.0,0.0,0.0,0.0,0.0,0.0,0.0,0.0,0.0,0.0,0.0,0.0,0.0,0.0,0.0,0.0,0.0,0.0,0.0,0.0,0.0,0.0,0.0,0.0,0.0,0.0,0.0,0.0,0.0,0.0,0.0,0.0,0.0,0.0,0.0,0.0,0.0,0.0,0.0,0.0,0.0,0.0,0.0,0.0,0.0,0.0,0.0,0.0,0.0,0.0,0.0,0.0,0.0,0.0,0.0,0.0,0.0,0.0,0.0,0.0,0.0,0.0,0.0,0.0,0.0,0.0,0.0,0.0,0.0,0.0,0.0,0.0,0.0,0.0,0.0,0.0,0.0,0.0,0.0,0.0,0.0,0.0,0.0,0.0,0.0,0.0,0.0,0.0,0.0,0.0,0.0,0.0,0.0,0.0,0.0,0.0,0.0,0.0,0.0,0.0,0.0,0.0,0.0,0.0,0.0,0.0,0.0,0.0,0.0,0.0,0.0,0.0,0.0,0.0,0.0,0.0,0.0,0.0,0.0,0.0,0.0,0.0,0.0,0.0,0.0,0.0,0.0,0.0,0.0,0.0,0.0,0.0,0.0,0.0,0.0,0.0,0.0,0.0,0.0,0.0,0.0,0.0,0.0,0.0,0.0,0.0,0.0,0.0,0.0,0.0,0.0,0.0,0.0,0.0,0.0,0.0,0.0,0.0,0.0,0.0,0.0,0.0,0.0,0.0,0.0,0.0,0.0,0.0,0.0,0.0,0.0,0.0,0.0,0.0,0.0,0.0,0.0,0.0,0.0,0.0,0.0,0.0,0.0,0.0,0.0,0.0,0.0,0.0,0.0,0.0,0.0,0.0,0.0,0.0,0.0,0.0,0.0,0.0,0.0,0.0,0.0,0.0,0.0,0.0,0.0,0.0,0.0,0.0,0.0,0.0,0.0,0.0,0.0,0.0,0.0,0.0,0.0,0.0,0.0,0.0,0.0,0.0,0.0,0.0,0.0,0.0,0.0,0.0,0.0,0.0,0.0,0.0,0.0,0.0,0.0,0.0,0.0,0.0,0.0,0.0,0.0,0.0,0.0,0.0,0.0,0.0,0.0,0.0,0.0,0.0,0.0,0.0,0.0,0.0,0.0,0.0,0.0,0.0,0.0,0.0,0.0,0.0,0.0,0.0,0.0,0.0,0.0,0.0,0.0,0.0,0.0,0.0,0.0,0.0,0.0,0.0,0.0,0.0,0.0,0.0,0.0,0.0,0.0,0.0,0.0,0.0,0.0,0.0,0.0,0.0,0.0,0.0,0.0,0.0,0.0,0.0,0.0,0.0,0.0,0.0,0.0,0.0,0.0,0.0,0.0,0.0,0.0,0.0,0.0,0.0,0.0,0.0,0.0,0.0,0.0,0.0,0.0,0.0,0.0,0.0,0.0,0.0,0.0,0.0,0.0,0.0,0.0,0.0,0.0,0.0,0.0,0.0,0.0,0.0,0.0,0.0,0.0,0.0,0.0,0.0,0.0,0.0,0.0,0.0,0.0,0.0,0.0,0.0,0.0,0.0,0.0,0.0,0.0,0.0,0.0,0.0,0.0,0.0,0.0,0.0,0.0,0.0,0.0,0.0,0.0,0.0,0.0,0.0,0.0,0.0,0.0,0.0,0.0,0.0,0.0,0.0,0.0,0.0,0.0,0.0,0.0,0.0,0.0,0.0,0.0,0.0,0.0,0.0,0.0,0.0,0.0,0.0,0.0,0.0,0.0,0.0,0.0,0.0,0.0,0.0,0.0,0.0,0.0,0.0,0.0,0.0,0.0,0.0,0.0,0.0,0.0,0.0,0.0,0.0,0.0,0.0,0.0,0.0,0.0,0.0,0.0,0.0,0.0,0.0,0.0,0.0,0.0,0.0,0.0,0.0,0.0,0.0,0.0,0.0,0.0,0.0,0.0,0.0,0.0,0.0,0.0,0.0,0.0,0.0,0.0,0.0,0.0,0.0,0.0,0.0,0.0,0.0,0.0,0.0,0.0,0.0,0.0,0.0,0.0,0.0,0.0,0.0,0.0,0.0,0.0,0.0,0.0,0.0,0.0,0.0,0.0,0.0,0.0,0.0,0.0,0.0,0.0,0.0,0.0,0.0,0.0,0.0,0.0,0.0,0.0,0.0,0.0,0.0,0.0,0.0,0.0,0.0,0.0,0.0,0.0,0.0,0.0,0.0,0.0,0.0,0.0,0.0,0.0,0.0,0.0,0.0,0.0,0.0,0.0,0.0,0.0,0.0,0.0,0.0,0.0,0.0,0.0,0.0,0.0,0.0,0.0,0.0,0.0,0.0,0.0,0.0,0.0,0.0,0.0,0.0,0.0,0.0,0.0,0.0,0.0,0.0,0.0,0.0,0.0,0.0,0.0,0.0,0.0,0.0,0.0,0.0,0.0,0.0,0.0,0.0,0.0,0.0,0.0,0.0,0.0,0.0,0.0,0.0,0.0,0.0,0.0,0.0,0.0,0.0,0.0,0.0,0.0,0.0,0.0,0.0,0.0,0.0,0.0,0.0,0.0,0.0,0.0,0.0,0.0,0.0,0.0,0.0,0.0,0.0,0.0,0.0,0.0,0.0,0.0,0.0,0.0,0.0,0.0,0.0,0.0,0.0,0.0,0.0,0.0,0.0,0.0,0.0,0.0,0.0,0.0,0.0,0.0,0.0,0.0,0.0,0.0,0.0,0.0,0.0,0.0,0.0,0.0,0.0,0.0,0.0,0.0,0.0,0.0,0.0,0.0,0.0,0.0,0.0,0.0,0.0,0.0,0.0,0.0,0.0,0.0,0.0,0.0,0.0,0.0,0.0,0.0,0.0,0.0,0.0,0.0,0.0,0.0,0.0,0.0,0.0,0.0,0.0,0.0,0.0,0.0,0.0,0.0,0.0,0.0,0.0,0.0,0.0,0.0,0.0,0.0,0.0,0.0,0.0,0.0,0.0,0.0,0.0,0.0,0.0,0.0,0.0,0.0,0.0,0.0,0.0,0.0,0.0,0.0,0.0,0.0,0.0,0.0,0.0,0.0,0.0,0.0,0.0,0.0,0.0,0.0,0.0,0.0,0.0,0.0,0.0,0.0,0.0,0.0,0.0,0.0,0.0,0.0,0.0,0.0,0.0,0.0,0.0,0.0,0.0,0.0,0.0,0.0,0.0,0.0,0.0,0.0,0.0,0.0,0.0,0.0,0.0,0.0,0.0,0.0,0.0,0.0,0.0,0.0,0.0,0.0,0.0,0.0,0.0,0.0,0.0,0.0,0.0,0.0,0.0,0.0,0.0,0.0,0.0,0.0,0.0,0.0,0.0,0.0,0.0,0.0,0.0,0.0,0.0,0.0,0.0,0.0,0.0,0.0,0.0,0.0,0.0,0.0,0.0,0.0,0.0,0.0,0.0,0.0,0.0,0.0,0.0,0.0,0.0,0.0,0.0,0.0,0.0,0.0,0.0,0.0,0.0,0.0,0.0,0.0,0.0,0.0,0.0,0.0,0.0,0.0,0.0,0.0,0.0,0.0,0.0,0.0,0.0,0.0,0.0,0.0,0.0,0.0,0.0,0.0,0.0,0.0,0.0,0.0,0.0,0.0,0.0,0.0,0.0,0.0,0.0,0.0,0.0,0.0,0.0,0.0,0.0,0.0,0.0,0.0,0.0,0.0,0.0,0.0,0.0,0.0,0.0,0.0,0.0,0.0,0.0,0.0,0.0,0.0,0.0,0.0,0.0,0.0,0.0,0.0,0.0,0.0,0.0,0.0,0.0,0.0,0.0,0.0,0.0,0.0,0.0,0.0,0.0,0.0,0.0,0.0,0.0,0.0,0.0,0.0,0.0,0.0,0.0,0.0,0.0,0.0,0.0,0.0,0.0,0.0,0.0,0.0,0.0,0.0,0.0,0.0,0.0,0.0,0.0,0.0,0.0,0.0,0.0,0.0,0.0,0.0,0.0,0.0,0.0,0.0,0.0,0.0,0.0,0.0,0.0,0.0,0.0,0.0,0.0,0.0,0.0,0.0,0.0,0.0,0.0,0.0,0.0,0.0,0.0,0.0,0.0,0.0,0.0,0.0,0.0,0.0,0.0,0.0,0.0,0.0,0.0,0.0,0.0,0.0,0.0,0.0,0.0,0.0,0.0,0.0,0.0,0.0,0.0,0.0,0.0,0.0,0.0,0.0,0.0,0.0,0.0,0.0,0.0,0.0,0.0,0.0,0.0,0.0,0.0,0.0,0.0,0.0,0.0,0.0,0.0,0.0,0.0,0.0,0.0,0.0,0.0,0.0,0.0,0.0,0.0,0.0,0.0,0.0,0.0,0.0,0.0,0.0,0.0,0.0,0.0,0.0,0.0,0.0,0.0,0.0,0.0,0.0,0.0,0.0,0.0,0.0,0.0,0.0,0.0,0.0,0.0,0.0,0.0,0.0,0.0,0.0,0.0,0.0,0.0,0.0,0.0,0.0,0.0,0.0,0.0,0.0,0.0,0.0,0.0,0.0,0.0,0.0,0.0,0.0,0.0,0.0,0.0,0.0,0.0,0.0,0.0,0.0,0.0,0.0,0.0,0.0,0.0,0.0,0.0,0.0,0.0,0.0,0.0,0.0,0.0,0.0,0.0,0.0,0.0,0.0,0.0,0.0,0.0,0.0,0.0,0.0,0.0,0.0,0.0,0.0,0.0,0.0,0.0,0.0,0.0,0.0,0.0,0.0,0.0,0.0,0.0,0.0,0.0,0.0,0.0,0.0,0.0,0.0,0.0,0.0,0.0,0.0,0.0,0.0,0.0,0.0,0.0,0.0,0.0,0.0,0.0,0.0,0.0,0.0,0.0,0.0,0.0,0.0,0.0,0.0,0.0,0.0,0.0,0.0,0.0,0.0,0.0,0.0,0.0,0.0,0.0,0.0,0.0,0.0,0.0,0.0,0.0,0.0,0.0,0.0,0.0,0.0,0.0,0.0,0.0,0.0,0.0,0.0,0.0,0.0,0.0,0.0,0.0,0.0,0.0,0.0,0.0,0.0,0.0,0.0,0.0,0.0,0.0,0.0,0.0,0.0,0.0,0.0,0.0,0.0,0.0,0.0,0.0,0.0,0.0,0.0,0.0,0.0,0.0,0.0,0.0,0.0,0.0,0.0,0.0,0.0,0.0,0.0,0.0,0.0,0.0,0.0,0.0,0.0,0.0,0.0,0.0,0.0,0.0,0.0,0.0,0.0,0.0,0.0,0.0,0.0,0.0,0.0,0.0,0.0,0.0,0.0,0.0,0.0,0.0,0.0,0.0,0.0,0.0,0.0,0.0,0.0,0.0,0.0,0.0,0.0,0.0,0.0,0.0,0.0,0.0,0.0,0.0,0.0,0.0,0.0,0.0,0.0,0.0,0.0,0.0,0.0,0.0,0.0,0.0,0.0,0.0,0.0,0.0,0.0,0.0,0.0,0.0,0.0,0.0,0.0,0.0,0.0,0.0,0.0,0.0,0.0,0.0,0.0,0.0,0.0,0.0,0.0,0.0,0.0,0.0,0.0,0.0,0.0,0.0,0.0,0.0,0.0,0.0,0.0,0.0,0.0,0.0,0.0,0.0,0.0,0.0,0.0,0.0,0.0,0.0,0.0,0.0,0.0,0.0,0.0,0.0,0.0,0.0,0.0,0.0,0.0,0.0,0.0,0.0,0.0,0.0,0.0,0.0,0.0,0.0,0.0,0.0,0.0,0.0,0.0,0.0,0.0,0.0,0.0,0.0,0.0,0.0,0.0,0.0,0.0,0.0,0.0,0.0,0.0,0.0,0.0,0.0,0.0,0.0,0.0,0.0,0.0,0.0,0.0,0.0,0.0,0.0,0.0,0.0,0.0,0.0,0.0,0.0,0.0,0.0,0.0,0.0,0.0,0.0,0.0,0.0,0.0,0.0,0.0,0.0,0.0,0.0,0.0,0.0,0.0,0.0,0.0,0.0,0.0,0.0,0.0,0.0,0.0,0.0,0.0,0.0,0.0,0.0,0.0,0.0,0.0,0.0,0.0,0.0,0.0,0.0,0.0,0.0,0.0,0.0,0.0,0.0,0.0,0.0,0.0,0.0,0.0,0.0,0.0,0.0,0.0,0.0,0.0,0.0,0.0,0.0,0.0,0.0,0.0,0.0,0.0,0.0,0.0,0.0,0.0,0.0,0.0,0.0,0.0,0.0,0.0,0.0,0.0,0.0,0.0,0.0,0.0,0.0,0.0,0.0,0.0,0.0,0.0,0.0,0.0,0.0,0.0,0.0,0.0,0.0,0.0,0.0,0.0,0.0,0.0,0.0,0.0,0.0,0.0,0.0,0.0,0.0,0.0,0.0,0.0,0.0,0.0,0.0,0.0,0.0,0.0,0.0,0.0,0.0,0.0,0.0,0.0,0.0,0.0,0.0,0.0,0.0,0.0,0.0,0.0,0.0,0.0,0.0,0.0,0.0,0.0,0.0,0.0,0.0,0.0,0.0,0.0,0.0,0.0,0.0,0.0,0.0,0.0,0.0,0.0,0.0,0.0,0.0,0.0,0.0,0.0,0.0,0.0,0.0,0.0,0.0,0.0,0.0,0.0,0.0,0.0,0.0,0.0,0.0,0.0,0.0,0.0,0.0,0.0,0.0,0.0,0.0,0.0,0.0,0.0,0.0,0.0,0.0,0.0,0.0,0.0,0.0,0.0,0.0,0.0,0.0,0.0,0.0,0.0,0.0,0.0,0.0,0.0,0.0,0.0,0.0,0.0,0.0,0.0,0.0,0.0,0.0,0.0,0.0,0.0,0.0,0.0,0.0,0.0,0.0,0.0,0.0,0.0,0.0,0.0,0.0,0.0,0.0,0.0,0.0,0.0,0.0,0.0,0.0,0.0,0.0,0.0,0.0,0.0,0.0,0.0,0.0,0.0,0.0,0.0,0.0,0.0,0.0,0.0,0.0,0.0,0.0,0.0,0.0,0.0,0.0,0.0,0.0,0.0,0.0,0.0,0.0,0.0,0.0,0.0,0.0,0.0,0.0,0.0,0.0,0.0,0.0,0.0,0.0,0.0,0.0,0.0,0.0,0.0,0.0,0.0,0.0,0.0,0.0,0.0,0.0,0.0,0.0,0.0,0.0,0.0,0.0,0.0,0.0,0.0,0.0,0.0,0.0,0.0,0.0,0.0,0.0,0.0,0.0,0.0,0.0,0.0,0.0,0.0,0.0,0.0,0.0,0.0,0.0,0.0,0.0,0.0,0.0,0.0,0.0,0.0,0.0,0.0,0.0,0.0,0.0,0.0,0.0,0.0,0.0,0.0,0.0,0.0,0.0,0.0,0.0,0.0,0.0,0.0,0.0,0.0,0.0,0.0,0.0,0.0,0.0,0.0,0.0,0.0,0.0,0.0,0.0,0.0,0.0,0.0,0.0,0.0,0.0,0.0,0.0,0.0,0.0,0.0,0.0,0.0,0.0,0.0,0.0,0.0,0.0,0.0,0.0,0.0,0.0,0.0,0.0,0.0,0.0,0.0,0.0,0.0,0.0,0.0,0.0,0.0,0.0,0.0,0.0,0.0,0.0,0.0,0.0,0.0,0.0,0.0,0.0,0.0,0.0,0.0,0.0,0.0,0.0,0.0,0.0,0.0,0.0,0.0,0.0,0.0,0.0,0.0,0.0,0.0,0.0,0.0,0.0,0.0,0.0,0.0,0.0,0.0,0.0,0.0,0.0,0.0,0.0,0.0,0.0,0.0,0.0,0.0,0.0,0.0,0.0,0.0,0.0,0.0,0.0,0.0,0.0,0.0,0.0,0.0,0.0,0.0,0.0,0.0,0.0,0.0,0.0,0.0,0.0,0.0,0.0,0.0,0.0,0.0,0.0,0.0,0.0,0.0,0.0,0.0,0.0,0.0,0.0,0.0,0.0,0.0,0.0,0.0,0.0,0.0,0.0,0.0,0.0,0.0,0.0,0.0,0.0,0.0,0.0,0.0,0.0,0.0,0.0,0.0,0.0,0.0,0.0,0.0,0.0,0.0,0.0,0.0,0.0,0.0,0.0,0.0,0.0,0.0,0.0,0.0,0.0,0.0,0.0,0.0,0.0,0.0,0.0,0.0,0.0,0.0,0.0,0.0,0.0,0.0,0.0,0.0,0.0,0.0,0.0,0.0,0.0,0.0,0.0,0.0,0.0,0.0,0.0,0.0,0.0,0.0,0.0,0.0,0.0,0.0,0.0,0.0,0.0,0.0,0.0,0.0,0.0,0.0,0.0,0.0,0.0,0.0,0.0,0.0,0.0,0.0,0.0,0.0,0.0,0.0,0.0,0.0,0.0,0.0,0.0,0.0,0.0,0.0,0.0,0.0,0.0,0.0,0.0,0.0,0.0,0.0,0.0,0.0,0.0,0.0,0.0,0.0,0.0,0.0,0.0,0.0,0.0,0.0,0.0,0.0,0.0,0.0,0.0,0.0,0.0,0.0,0.0,0.0,0.0,0.0,0.0,0.0,0.0,0.0,0.0,0.0,0.0,0.0,0.0,0.0,0.0,0.0,0.0,0.0,0.0,0.0,0.0,0.0,0.0,0.0,0.0,0.0,0.0,0.0,0.0,0.0,0.0,0.0,0.0,0.0,0.0,0.0,0.0,0.0,0.0,0.0,0.0,0.0,0.0,0.0,0.0,0.0,0.0,0.0,0.0,0.0,0.0,0.0,0.0,0.0,0.0,0.0,0.0,0.0,0.0,0.0,0.0,0.0,0.0,0.0,0.0,0.0,0.0,0.0,0.0,0.0,0.0,0.0,0.0,0.0,0.0,0.0,0.0,0.0,0.0,0.0,0.0,0.0,0.0,0.0,0.0,0.0,0.0,0.0,0.0,0.0,0.0,0.0,0.0,0.0,0.0,0.0,0.0,0.0,0.0,0.0,0.0,0.0,0.0,0.0,0.0,0.0,0.0,0.0,0.0,0.0,0.0,0.0,0.0,0.0,0.0,0.0,0.0,0.0,0.0,0.0,0.0,0.0,0.0,0.0,0.0,0.0,0.0,0.0,0.0,0.0,0.0,0.0,0.0,0.0,0.0,0.0,0.0,0.0,0.0,0.0,0.0,0.0,0.0,0.0,0.0,0.0,0.0,0.0,0.0,0.0,0.0,0.0,0.0,0.0,0.0,0.0,0.0,0.0,0.0,0.0,0.0,0.0,0.0,0.0,0.0,0.0,0.0,0.0,0.0,0.0,0.0,0.0,0.0,0.0,0.0,0.0,0.0,0.0,0.0,0.0,0.0,0.0,0.0,0.0,0.0,0.0,0.0,0.0,0.0,0.0,0.0,0.0,0.0,0.0,0.0,0.0,0.0,0.0,0.0,0.0,0.0,0.0,0.0,0.0,0.0,0.0,0.0,0.0,0.0,0.0,0.0,0.0,0.0,0.0,0.0,0.0,0.0,0.0,0.0,0.0,0.0,0.0,0.0,0.0,0.0,0.0,0.0,0.0,0.0,0.0,0.0,0.0,0.0,0.0,0.0,0.0,0.0,0.0,0.0,0.0,0.0,0.0,0.0,0.0,0.0,0.0,0.0,0.0,0.0,0.0,0.0,0.0,0.0,0.0,0.0,0.0,0.0,0.0,0.0,0.0,0.0,0.0,0.0,0.0,0.0,0.0,0.0,0.0,0.0,0.0,0.0,0.0,0.0,0.0,0.0,0.0,0.0,0.0,0.0,0.0,0.0,0.0,0.0,0.0,0.0,0.0,0.0,0.0,0.0,0.0,0.0,0.0,0.0,0.0,0.0,0.0,0.0,0.0,0.0,0.0,0.0,0.0,0.0,0.0,0.0,0.0,0.0,0.0,0.0,0.0,0.0,0.0,0.0,0.0,0.0,0.0,0.0,0.0,0.0,0.0,0.0,0.0,0.0,0.0,0.0,0.0,0.0,0.0,0.0,0.0,0.0,0.0,0.0,0.0,0.0,0.0,0.0,0.0,0.0,0.0,0.0,0.0,0.0,0.0,0.0,0.0,0.0,0.0,0.0,0.0,0.0,0.0,0.0,0.0,0.0,0.0,0.0,0.0,0.0,0.0,0.0,0.0,0.0,0.0,0.0,0.0,0.0,0.0,0.0,0.0,0.0,0.0,0.0,0.0,0.0,0.0,0.0,0.0,0.0,0.0,0.0,0.0,0.0,0.0,0.0,0.0,0.0,0.0,0.0,0.0,0.0,0.0,0.0,0.0,0.0,0.0,0.0,0.0,0.0,0.0,0.0,0.0,0.0,0.0,0.0,0.0,0.0,0.0,0.0,0.0,0.0,0.0,0.0,0.0,0.0,0.0,0.0,0.0,0.0,0.0,0.0,0.0,0.0,0.0,0.0,0.0,0.0,0.0,0.0,0.0,0.0,0.0,0.0,0.0,0.0,0.0,0.0,0.0,0.0,0.0,0.0,0.0,0.0,0.0,0.0,0.0,0.0,0.0,0.0,0.0,0.0,0.0,0.0,0.0,0.0,0.0,0.0,0.0,0.0,0.0,0.0,0.0,0.0,0.0,0.0,0.0,0.0,0.0,0.0,0.0,0.0,0.0,0.0,0.0,0.0,-0.0,0.0,0.0,0.0,0.0,0.0,0.0,0.0,0.0,0.0,0.0,0.0,0.0,0.0,0.0,0.0,0.0,0.0,0.0,0.0,0.0,0.0,0.0,-0.0,0.0,0.0,-0.0,0.0,-0.0,0.0,0.0,0.0,0.0,0.0,0.0,-0.0,-0.0,0.0,0.0,0.0,0.0,0.0,0.0,0.0,0.0,0.0,-0.0,0.0,-0.0,0.0,0.0,0.0,-0.0,-0.0,-0.0,0.0,-0.0,-0.0,0.0,0.0,0.0,-0.0,0.0,0.0,-0.0,0.0,-0.0,-0.0,-0.0,-0.0,-0.0,-0.0,0.0,0.0,-0.0,-0.0,-0.0,-0.0,-0.0,-0.0,0.0,0.0,0.0,0.0,0.0,0.0,-0.0,-0.0,0.0,-0.0,0.0,0.0,-0.0,-0.0,-0.0,0.0,0.0,0.0,0.0,0.0,-0.0,-0.0,-0.0,-0.0,-0.0,0.0,0.0,0.0,0.0,0.0,0.0,-0.0,-0.0,0.0,0.0,0.0,-0.0,-0.0,-0.0,-0.0,0.0,0.0
dy,0.0,0.0,0.0,0.0,0.0,0.0,0.0,0.0,0.0,0.0,0.0,0.0,0.0,0.0,0.0,0.0,0.0,0.0,0.0,0.0,0.0,0.0,0.0,0.0,0.0,0.0,0.0,0.0,0.0,0.0,0.0,0.0,0.0,0.0,0.0,0.0,0.0,0.0,0.0,0.0,0.0,0.0,0.0,0.0,0.0,0.0,0.0,0.0,0.0,0.0,0.0,0.0,0.0,0.0,0.0,0.0,0.0,0.0,0.0,0.0,0.0,0.0,0.0,0.0,0.0,0.0,0.0,0.0,0.0,0.0,0.0,0.0,0.0,0.0,0.0,0.0,0.0,0.0,0.0,0.0,0.0,0.0,0.0,0.0,0.0,0.0,0.0,0.0,0.0,0.0,0.0,0.0,0.0,0.0,0.0,0.0,0.0,0.0,0.0,0.0,0.0,0.0,0.0,0.0,0.0,0.0,0.0,0.0,0.0,0.0,0.0,0.0,0.0,0.0,0.0,0.0,0.0,0.0,0.0,0.0,0.0,0.0,0.0,0.0,0.0,0.0,0.0,0.0,0.0,0.0,0.0,-0.0,0.0,0.0,0.0,0.0,0.0,0.0,0.0,0.0,0.0,0.0,0.0,0.0,0.0,0.0,0.0,0.0,0.0,0.0,0.0,0.0,0.0,0.0,0.0,0.0,0.0,0.0,0.0,0.0,0.0,0.0,0.0,0.0,0.0,0.0,0.0,0.0,0.0,0.0,0.0,-0.0,0.0,0.0,0.0,0.0,0.0,0.0,0.0,0.0,0.0,0.0,0.0,0.0,0.0,0.0,0.0,0.0,0.0,0.0,0.0,0.0,0.0,0.0,0.0,0.0,0.0,0.0,0.0,0.0,0.0,0.0,-0.0,0.0,0.0,0.0,0.0,0.0,0.0,0.0,0.0,0.0,0.0,0.0,0.0,0.0,0.0,0.0,0.0,0.0,0.0,0.0,0.0,0.0,0.0,0.0,0.0,0.0,0.0,0.0,0.0,0.0,-0.0,0.0,0.0,0.0,0.0,0.0,0.0,0.0,0.0,0.0,0.0,0.0,0.0,0.0,0.0,0.0,0.0,0.0,0.0,0.0,0.0,0.0,0.0,0.0,0.0,0.0,0.0,0.0,0.0,0.0,0.0,0.0,0.0,0.0,0.0,0.0,0.0,0.0,0.0,0.0,-0.0,0.0,0.0,0.0,0.0,0.0,0.0,0.0,0.0,0.0,0.0,0.0,0.0,0.0,0.0,0.0,0.0,0.0,0.0,0.0,0.0,0.0,0.0,0.0,0.0,0.0,0.0,0.0,0.0,0.0,0.0,-0.0,0.0,0.0,0.0,0.0,0.0,0.0,0.0,0.0,0.0,0.0,0.0,0.0,0.0,0.0,0.0,0.0,0.0,0.0,0.0,0.0,0.0,0.0,0.0,0.0,0.0,0.0,0.0,0.0,0.0,-0.0,0.0,0.0,0.0,0.0,0.0,0.0,0.0,0.0,0.0,0.0,0.0,0.0,0.0,0.0,0.0,0.0,0.0,0.0,0.0,0.0,0.0,0.0,0.0,0.0,0.0,0.0,0.0,0.0,0.0,0.0,0.0,0.0,0.0,0.0,0.0,0.0,0.0,0.0,0.0,-0.0,0.0,0.0,0.0,0.0,0.0,0.0,0.0,0.0,0.0,0.0,0.0,0.0,0.0,0.0,0.0,0.0,0.0,0.0,0.0,0.0,0.0,0.0,0.0,0.0,0.0,0.0,0.0,0.0,0.0,-0.0,-0.0,0.0,0.0,0.0,0.0,0.0,0.0,0.0,0.0,0.0,0.0,0.0,0.0,0.0,0.0,0.0,0.0,0.0,0.0,0.0,0.0,0.0,0.0,0.0,0.0,0.0,0.0,0.0,0.0,0.0,0.0,0.0,0.0,0.0,0.0,0.0,0.0,0.0,0.0,0.0,0.0,0.0,0.0,0.0,0.0,0.0,0.0,0.0,0.0,0.0,0.0,0.0,0.0,0.0,0.0,0.0,0.0,0.0,0.0,0.0,0.0,0.0,0.0,0.0,0.0,0.0,0.0,0.0,0.0,0.0,-0.0,0.0,0.0,0.0,0.0,0.0,0.0,0.0,0.0,0.0,0.0,0.0,0.0,0.0,0.0,0.0,0.0,0.0,0.0,0.0,0.0,0.0,0.0,0.0,0.0,0.0,0.0,0.0,0.0,0.0,-0.0,-0.0,0.0,0.0,0.0,0.0,0.0,0.0,0.0,0.0,0.0,0.0,0.0,0.0,0.0,0.0,0.0,0.0,0.0,0.0,0.0,0.0,0.0,0.0,0.0,0.0,0.0,0.0,0.0,0.0,0.0,-0.0,0.0,0.0,0.0,0.0,0.0,0.0,0.0,0.0,0.0,0.0,0.0,0.0,0.0,0.0,0.0,0.0,0.0,0.0,0.0,0.0,0.0,0.0,0.0,0.0,0.0,0.0,0.0,0.0,0.0,0.0,0.0,0.0,0.0,0.0,0.0,0.0,0.0,0.0,0.0,-0.0,0.0,0.0,0.0,0.0,0.0,0.0,0.0,0.0,0.0,0.0,0.0,0.0,0.0,0.0,0.0,0.0,0.0,0.0,0.0,0.0,0.0,0.0,0.0,0.0,0.0,0.0,0.0,0.0,0.0,-0.0,-0.0,0.0,0.0,0.0,0.0,0.0,0.0,0.0,0.0,0.0,0.0,0.0,0.0,0.0,0.0,0.0,0.0,0.0,0.0,0.0,0.0,0.0,0.0,0.0,0.0,0.0,0.0,0.0,0.0,0.0,-0.0,0.0,0.0,0.0,0.0,0.0,0.0,0.0,0.0,0.0,0.0,0.0,0.0,0.0,0.0,0.0,0.0,0.0,0.0,0.0,0.0,0.0,0.0,0.0,0.0,0.0,0.0,0.0,0.0,0.0,0.0,0.0,0.0,0.0,0.0,0.0,0.0,0.0,0.0,0.0,-0.0,0.0,0.0,0.0,0.0,0.0,0.0,0.0,0.0,0.0,0.0,0.0,0.0,0.0,0.0,0.0,0.0,0.0,0.0,0.0,0.0,0.0,0.0,0.0,0.0,0.0,0.0,0.0,0.0,0.0,0.0,-0.0,0.0,0.0,0.0,0.0,0.0,0.0,0.0,0.0,0.0,0.0,0.0,0.0,0.0,0.0,0.0,0.0,0.0,0.0,0.0,0.0,0.0,0.0,0.0,0.0,0.0,0.0,0.0,0.0,0.0,-0.0,0.0,0.0,0.0,0.0,0.0,0.0,0.0,0.0,0.0,0.0,0.0,0.0,0.0,0.0,0.0,0.0,0.0,0.0,0.0,0.0,0.0,0.0,0.0,0.0,0.0,0.0,0.0,0.0,0.0,0.0,0.0,0.0,0.0,0.0,0.0,0.0,0.0,0.0,0.0,-0.0,0.0,0.0,0.0,0.0,0.0,0.0,0.0,0.0,0.0,0.0,0.0,0.0,0.0,0.0,0.0,0.0,0.0,0.0,0.0,0.0,0.0,0.0,0.0,0.0,0.0,0.0,0.0,0.0,0.0,-0.0,0.0,0.0,0.0,0.0,0.0,0.0,0.0,0.0,0.0,0.0,0.0,0.0,0.0,0.0,0.0,0.0,0.0,0.0,0.0,0.0,0.0,0.0,0.0,0.0,0.0,0.0,0.0,0.0,0.0,0.0,-0.0,0.0,0.0,0.0,0.0,0.0,0.0,0.0,0.0,0.0,0.0,0.0,0.0,0.0,0.0,0.0,0.0,0.0,0.0,0.0,0.0,0.0,0.0,0.0,0.0,0.0,0.0,0.0,0.0,0.0,0.0,0.0,0.0,0.0,0.0,0.0,0.0,0.0,0.0,0.0,-0.0,0.0,0.0,0.0,0.0,0.0,0.0,0.0,0.0,0.0,0.0,0.0,0.0,0.0,0.0,0.0,0.0,0.0,0.0,0.0,0.0,0.0,0.0,0.0,0.0,0.0,0.0,0.0,0.0,0.0,0.0,0.0,0.0,0.0,0.0,0.0,0.0,0.0,0.0,0.0,0.0,0.0,0.0,0.0,0.0,0.0,0.0,0.0,0.0,0.0,0.0,0.0,0.0,0.0,0.0,0.0,0.0,0.0,0.0,0.0,0.0,-0.0,0.0,0.0,0.0,0.0,0.0,0.0,0.0,0.0,0.0,0.0,0.0,0.0,0.0,0.0,0.0,0.0,0.0,0.0,0.0,0.0,0.0,0.0,0.0,0.0,0.0,0.0,0.0,0.0,0.0,0.0,0.0,0.0,0.0,0.0,0.0,0.0,0.0,0.0,0.0,0.0,0.0,0.0,0.0,0.0,0.0,0.0,0.0,0.0,0.0,0.0,0.0,0.0,0.0,0.0,0.0,0.0,0.0,0.0,0.0,0.0,0.0,0.0,0.0,0.0,0.0,0.0,0.0,0.0,0.0,0.0,0.0,0.0,0.0,0.0,0.0,0.0,0.0,0.0,0.0,0.0,0.0,0.0,0.0,0.0,0.0,0.0,0.0,0.0,0.0,0.0,0.0,0.0,0.0,0.0,0.0,0.0,0.0,0.0,0.0,0.0,-0.0,0.0,0.0,0.0,0.0,0.0,0.0,0.0,0.0,0.0,0.0,0.0,0.0,0.0,0.0,0.0,0.0,0.0,0.0,0.0,0.0,0.0,0.0,0.0,0.0,0.0,0.0,0.0,0.0,0.0,0.0,0.0,0.0,0.0,0.0,0.0,0.0,0.0,0.0,0.0,-0.0,0.0,0.0,0.0,0.0,0.0,0.0,0.0,0.0,0.0,0.0,0.0,0.0,0.0,0.0,0.0,0.0,0.0,0.0,0.0,0.0,0.0,0.0,0.0,0.0,0.0,0.0,0.0,0.0,0.0,-0.0,-0.0,0.0,0.0,0.0,0.0,0.0,0.0,0.0,0.0,0.0,0.0,0.0,0.0,0.0,0.0,0.0,0.0,0.0,0.0,0.0,0.0,0.0,0.0,0.0,0.0,0.0,0.0,0.0,0.0,0.0,-0.0,0.0,0.0,0.0,0.0,0.0,0.0,0.0,0.0,0.0,0.0,0.0,0.0,0.0,0.0,0.0,0.0,0.0,0.0,0.0,0.0,0.0,0.0,0.0,0.0,0.0,0.0,0.0,0.0,0.0,0.0,0.0,0.0,0.0,0.0,0.0,0.0,0.0,0.0,0.0,-0.0,0.0,0.0,0.0,0.0,0.0,0.0,0.0,0.0,0.0,0.0,0.0,0.0,0.0,0.0,0.0,0.0,0.0,0.0,0.0,0.0,0.0,0.0,0.0,0.0,0.0,0.0,0.0,0.0,0.0,-0.0,-0.0,0.0,0.0,0.0,0.0,0.0,0.0,0.0,0.0,0.0,0.0,0.0,0.0,0.0,0.0,0.0,0.0,0.0,0.0,0.0,0.0,0.0,0.0,0.0,0.0,0.0,0.0,0.0,0.0,0.0,-0.0,0.0,0.0,0.0,0.0,0.0,0.0,0.0,0.0,0.0,0.0,0.0,0.0,0.0,0.0,0.0,0.0,0.0,0.0,0.0,0.0,0.0,0.0,0.0,0.0,0.0,0.0,0.0,0.0,0.0,0.0,0.0,0.0,0.0,0.0,0.0,0.0,0.0,0.0,0.0,-0.0,0.0,0.0,0.0,0.0,0.0,0.0,0.0,0.0,0.0,0.0,0.0,0.0,0.0,0.0,0.0,0.0,0.0,0.0,0.0,0.0,0.0,0.0,0.0,0.0,0.0,0.0,0.0,0.0,0.0,-0.0,0.0,0.0,0.0,0.0,0.0,0.0,0.0,0.0,0.0,0.0,0.0,0.0,0.0,0.0,0.0,0.0,0.0,0.0,0.0,0.0,0.0,0.0,0.0,0.0,0.0,0.0,0.0,0.0,0.0,0.0,-0.0,0.0,0.0,0.0,0.0,0.0,0.0,0.0,0.0,0.0,0.0,0.0,0.0,0.0,0.0,0.0,0.0,0.0,0.0,0.0,0.0,0.0,0.0,0.0,0.0,0.0,0.0,0.0,0.0,0.0,0.0,0.0,0.0,0.0,0.0,0.0,0.0,0.0,0.0,0.0,-0.0,0.0,0.0,0.0,0.0,0.0,0.0,0.0,0.0,0.0,0.0,0.0,0.0,0.0,0.0,0.0,0.0,0.0,0.0,0.0,0.0,0.0,0.0,0.0,0.0,0.0,0.0,0.0,0.0,0.0,-0.0,0.0,0.0,0.0,0.0,0.0,0.0,0.0,0.0,0.0,0.0,0.0,0.0,0.0,0.0,0.0,0.0,0.0,0.0,0.0,0.0,0.0,0.0,0.0,0.0,0.0,0.0,0.0,0.0,0.0,0.0,-0.0,0.0,0.0,0.0,0.0,0.0,0.0,0.0,0.0,0.0,0.0,0.0,0.0,0.0,0.0,0.0,0.0,0.0,0.0,0.0,0.0,0.0,0.0,0.0,0.0,0.0,0.0,0.0,0.0,0.0,0.0,0.0,0.0,0.0,0.0,0.0,0.0,0.0,0.0,0.0,-0.0,0.0,0.0,0.0,0.0,0.0,0.0,0.0,0.0,0.0,0.0,0.0,0.0,0.0,0.0,0.0,0.0,0.0,0.0,0.0,0.0,0.0,0.0,0.0,0.0,0.0,0.0,0.0,0.0,0.0,0.0,-0.0,0.0,0.0,0.0,0.0,0.0,0.0,0.0,0.0,0.0,0.0,0.0,0.0,0.0,0.0,0.0,0.0,0.0,0.0,0.0,0.0,0.0,0.0,0.0,0.0,0.0,0.0,0.0,0.0,0.0,-0.0,0.0,0.0,0.0,0.0,0.0,0.0,0.0,0.0,0.0,0.0,0.0,0.0,0.0,0.0,0.0,0.0,0.0,0.0,0.0,0.0,0.0,0.0,0.0,0.0,0.0,0.0,0.0,0.0,0.0,0.0,0.0,0.0,0.0,0.0,0.0,0.0,0.0,0.0,0.0,-0.0,0.0,0.0,0.0,0.0,0.0,0.0,0.0,0.0,0.0,0.0,0.0,0.0,0.0,0.0,0.0,0.0,0.0,0.0,0.0,0.0,0.0,0.0,0.0,0.0,0.0,0.0,0.0,0.0,0.0,-0.0,0.0,0.0,0.0,0.0,0.0,0.0,0.0,0.0,0.0,0.0,0.0,0.0,0.0,0.0,0.0,0.0,0.0,0.0,0.0,0.0,0.0,0.0,0.0,0.0,0.0,0.0,0.0,0.0,0.0,0.0,0.0,0.0,0.0,0.0,0.0,0.0,0.0,0.0,0.0,0.0,0.0,0.0,0.0,0.0,0.0,0.0,0.0,0.0,0.0,0.0,0.0,0.0,0.0,0.0,0.0,0.0,0.0,0.0,0.0,0.0,0.0,0.0,0.0,0.0,0.0,0.0,0.0,0.0,0.0,0.0,0.0,0.0,0.0,0.0,0.0,0.0,0.0,0.0,0.0,0.0,0.0,0.0,0.0,0.0,0.0,0.0,0.0,0.0,0.0,0.0,0.0,0.0,0.0,0.0,0.0,0.0,0.0,0.0,0.0,0.0,0.0,-0.0,0.0,0.0,0.0,0.0,0.0,0.0,0.0,0.0,0.0,0.0,0.0,0.0,0.0,0.0,0.0,0.0,0.0,0.0,0.0,0.0,0.0,0.0,0.0,0.0,0.0,0.0,0.0,0.0,0.0,0.0,0.0,0.0,0.0,0.0,0.0,0.0,0.0,0.0,0.0,0.0,0.0,0.0,0.0,0.0,0.0,0.0,0.0,0.0,0.0,0.0,0.0,0.0,0.0,0.0,0.0,0.0,0.0,0.0,0.0,0.0,0.0,0.0,0.0,0.0,0.0,0.0,0.0,0.0,0.0,0.0,0.0,0.0,0.0,0.0,0.0,0.0,0.0,0.0,0.0,0.0,0.0,0.0,0.0,0.0,0.0,0.0,0.0,0.0,0.0,0.0,0.0,0.0,0.0,0.0,0.0,0.0,0.0,0.0,0.0,-0.0,-0.0,0.0,0.0,0.0,0.0,0.0,0.0,0.0,0.0,0.0,0.0,0.0,0.0,0.0,0.0,0.0,0.0,0.0,0.0,0.0,0.0,0.0,0.0,0.0,0.0,0.0,0.0,0.0,0.0,0.0,0.0,0.0,0.0,0.0,0.0,0.0,0.0,0.0,0.0,0.0,0.0,0.0,0.0,0.0,0.0,0.0,0.0,0.0,0.0,0.0,0.0,0.0,0.0,0.0,0.0,0.0,0.0,0.0,0.0,0.0,0.0,0.0,0.0,0.0,0.0,0.0,0.0,0.0,0.0,0.0,0.0,0.0,0.0,0.0,0.0,0.0,0.0,0.0,0.0,0.0,0.0,0.0,0.0,0.0,0.0,0.0,0.0,0.0,0.0,0.0,0.0,0.0,0.0,0.0,0.0,0.0,0.0,0.0,0.0,0.0,-0.0,0.0,0.0,0.0,0.0,0.0,0.0,0.0,0.0,0.0,0.0,0.0,0.0,0.0,0.0,0.0,0.0,0.0,0.0,0.0,0.0,0.0,0.0,0.0,0.0,0.0,0.0,0.0,0.0,0.0,0.0,-0.0,0.0,0.0,0.0,0.0,0.0,0.0,0.0,0.0,0.0,0.0,0.0,0.0,0.0,0.0,0.0,0.0,0.0,0.0,0.0,0.0,0.0,0.0,0.0,0.0,0.0,0.0,0.0,0.0,0.0,0.0,0.0,0.0,0.0,0.0,0.0,0.0,0.0,0.0,0.0,-0.0,0.0,0.0,0.0,0.0,0.0,0.0,0.0,0.0,0.0,0.0,0.0,0.0,0.0,0.0,0.0,0.0,0.0,0.0,0.0,0.0,0.0,0.0,0.0,0.0,0.0,0.0,0.0,0.0,0.0,-0.0,-0.0,0.0,0.0,0.0,0.0,0.0,0.0,0.0,0.0,0.0,0.0,0.0,0.0,0.0,0.0,0.0,0.0,0.0,0.0,0.0,0.0,0.0,0.0,0.0,0.0,0.0,0.0,0.0,0.0,0.0,-0.0,0.0,0.0,0.0,0.0,0.0,0.0,0.0,0.0,0.0,0.0,0.0,0.0,0.0,0.0,0.0,0.0,0.0,0.0,0.0,0.0,0.0,0.0,0.0,0.0,0.0,0.0,0.0,0.0,0.0,0.0,0.0,0.0,0.0,0.0,0.0,0.0,0.0,0.0,0.0,-0.0,0.0,0.0,0.0,0.0,0.0,0.0,0.0,0.0,0.0,0.0,0.0,0.0,0.0,0.0,0.0,0.0,0.0,0.0,0.0,0.0,0.0,0.0,0.0,0.0,0.0,0.0,0.0,0.0,0.0,0.0,0.0,0.0,0.0,0.0,0.0,0.0,0.0,0.0,0.0,0.0,0.0,0.0,0.0,0.0,0.0,0.0,0.0,0.0,0.0,0.0,0.0,0.0,0.0,0.0,0.0,0.0,0.0,0.0,0.0,0.0,0.0,0.0,0.0,0.0,0.0,0.0,0.0,0.0,0.0,0.0,0.0,0.0,0.0,0.0,0.0,0.0,0.0,0.0,0.0,0.0,0.0,0.0,0.0,0.0,0.0,0.0,0.0,0.0,0.0,0.0,0.0,0.0,0.0,0.0,0.0,0.0,0.0,0.0,0.0,0.0,-0.0,0.0,0.0,0.0,0.0,0.0,0.0,0.0,0.0,0.0,0.0,0.0,0.0,0.0,0.0,0.0,0.0,0.0,0.0,0.0,0.0,0.0,0.0,0.0,0.0,0.0,0.0,0.0,0.0,0.0,0.0,0.0,0.0,0.0,0.0,0.0,0.0,0.0,0.0,0.0,0.0,0.0,0.0,0.0,0.0,0.0,0.0,0.0,0.0,0.0,0.0,0.0,0.0,0.0,0.0,0.0,0.0,0.0,0.0,0.0,0.0,0.0,0.0,0.0,0.0,0.0,0.0,0.0,0.0,0.0,0.0,0.0,0.0,0.0,0.0,0.0,0.0,0.0,0.0,0.0,0.0,0.0,0.0,0.0,0.0,0.0,0.0,0.0,0.0,0.0,0.0,0.0,0.0,0.0,0.0,0.0,0.0,0.0,0.0,0.0,0.0,-0.0,0.0,0.0,0.0,0.0,0.0,0.0,0.0,0.0,0.0,0.0,0.0,0.0,0.0,0.0,0.0,0.0,0.0,0.0,0.0,0.0,0.0,0.0,0.0,0.0,0.0,0.0,0.0,0.0,0.0,0.0,0.0,0.0,0.0,0.0,0.0,0.0,0.0,0.0,0.0,0.0,0.0,0.0,0.0,0.0,0.0,0.0,0.0,0.0,0.0,0.0,0.0,0.0,0.0,0.0,0.0,0.0,0.0,0.0,0.0,0.0,-0.0,0.0,0.0,0.0,0.0,0.0,0.0,0.0,0.0,0.0,0.0,0.0,0.0,0.0,0.0,0.0,0.0,0.0,0.0,0.0,0.0,0.0,0.0,0.0,0.0,0.0,0.0,0.0,0.0,0.0,0.0,0.0,0.0,0.0,0.0,0.0,0.0,0.0,0.0,0.0,-0.0,0.0,0.0,0.0,0.0,0.0,0.0,0.0,0.0,0.0,0.0,0.0,0.0,0.0,0.0,0.0,0.0,0.0,0.0,0.0,0.0,0.0,0.0,0.0,0.0,0.0,0.0,0.0,0.0,0.0,0.0,0.0,0.0,0.0,0.0,0.0,0.0,0.0,0.0,0.0,0.0,0.0,0.0,0.0,0.0,0.0,0.0,0.0,0.0,0.0,0.0,0.0,0.0,0.0,0.0,0.0,0.0,0.0,0.0,0.0,0.0,-0.0,0.0,0.0,0.0,0.0,0.0,0.0,0.0,0.0,0.0,0.0,0.0,0.0,0.0,0.0,0.0,0.0,0.0,0.0,0.0,0.0,0.0,0.0,0.0,0.0,0.0,0.0,0.0,0.0,0.0,0.0,0.0,0.0,0.0,0.0,0.0,0.0,0.0,0.0,0.0,-0.0,0.0,0.0,0.0,0.0,0.0,0.0,0.0,0.0,0.0,0.0,0.0,0.0,0.0,0.0,0.0,0.0,0.0,0.0,0.0,0.0,0.0,0.0,0.0,0.0,0.0,0.0,0.0,0.0,0.0,0.0,-0.0,0.0,0.0,0.0,0.0,0.0,0.0,0.0,0.0,0.0,0.0,0.0,0.0,0.0,0.0,0.0,0.0,0.0,0.0,0.0,0.0,0.0,0.0,0.0,0.0,0.0,0.0,0.0,0.0,0.0,-0.0,0.0,0.0,0.0,0.0,0.0,0.0,0.0,0.0,0.0,0.0,0.0,0.0,0.0,0.0,0.0,0.0,0.0,0.0,0.0,0.0,0.0,0.0,0.0,0.0,0.0,0.0,0.0,0.0,0.0,0.0,0.0,0.0,0.0,0.0,0.0,0.0,0.0,0.0,0.0,-0.0,0.0,0.0,0.0,0.0,0.0,0.0,0.0,0.0,0.0,0.0,0.0,0.0,0.0,0.0,0.0,0.0,0.0,0.0,0.0,0.0,0.0,0.0,0.0,0.0,0.0,0.0,0.0,0.0,0.0,0.0,-0.0,0.0,0.0,0.0,0.0,0.0,0.0,0.0,0.0,0.0,0.0,0.0,0.0,0.0,0.0,0.0,0.0,0.0,0.0,0.0,0.0,0.0,0.0,0.0,0.0,0.0,0.0,0.0,0.0,0.0,-0.0,0.0,0.0,0.0,0.0,0.0,0.0,0.0,0.0,0.0,0.0,0.0,0.0,0.0,0.0,0.0,0.0,0.0,0.0,0.0,0.0,0.0,0.0,0.0,0.0,0.0,0.0,0.0,0.0,0.0,0.0,0.0,0.0,0.0,0.0,0.0,0.0,0.0,0.0,0.0,0.0,0.0,0.0,0.0,0.0,0.0,0.0,0.0,0.0,0.0,0.0,0.0,0.0,0.0,0.0,0.0,0.0,0.0,0.0,0.0,0.0,0.0,0.0,0.0,0.0,0.0,0.0,0.0,0.0,0.0,0.0,-0.0,0.0,0.0,0.0,0.0,0.0,0.0,0.0,0.0,0.0,0.0,0.0,0.0,0.0,0.0,0.0,0.0,0.0,0.0,0.0,0.0,0.0,0.0,0.0,0.0,0.0,0.0,0.0,0.0,0.0,-0.0,0.0,0.0,0.0,0.0,0.0,0.0,0.0,0.0,0.0,0.0,0.0,0.0,0.0,0.0,0.0,0.0,0.0,0.0,0.0,0.0,0.0,0.0,0.0,0.0,0.0,0.0,0.0,0.0,0.0,0.0,0.0,0.0,0.0,0.0,0.0,0.0,0.0,0.0,0.0,-0.0,0.0,0.0,0.0,0.0,0.0,0.0,0.0,0.0,0.0,0.0,0.0,0.0,0.0,0.0,0.0,0.0,0.0,0.0,0.0,0.0,0.0,0.0,0.0,0.0,0.0,0.0,0.0,0.0,0.0,0.0,0.0,0.0,0.0,0.0,0.0,0.0,0.0,0.0,0.0,0.0,0.0,0.0,0.0,0.0,0.0,0.0,0.0,0.0,0.0,0.0,0.0,0.0,0.0,0.0,0.0,0.0,0.0,0.0,0.0,0.0,-0.0,-0.0,0.0,0.0,0.0,0.0,0.0,0.0,0.0,0.0,0.0,0.0,0.0,0.0,0.0,0.0,0.0,0.0,0.0,0.0,0.0,0.0,0.0,0.0,0.0,0.0,0.0,0.0,0.0,0.0,0.0,0.0,0.0,0.0,0.0,0.0,0.0,0.0,0.0,0.0,-0.0,0.0,0.0,0.0,0.0,0.0,0.0,0.0,0.0,0.0,0.0,0.0,0.0,0.0,0.0,0.0,0.0,0.0,0.0,0.0,0.0,0.0,0.0,0.0,0.0,0.0,0.0,0.0,0.0,-0.0,-0.0,0.0,0.0,0.0,0.0,0.0,0.0,0.0,0.0,0.0,0.0,0.0,0.0,0.0,0.0,0.0,0.0,0.0,0.0,0.0,0.0,0.0,0.0,0.0,0.0,0.0,0.0,0.0,0.0,0.0,0.0,0.0,0.0,0.0,0.0,0.0,0.0,0.0,0.0,0.0,0.0,0.0,0.0,0.0,0.0,0.0,0.0,0.0,0.0,0.0,0.0,0.0,0.0,0.0,0.0,0.0,0.0,0.0,0.0,0.0,0.0,0.0,0.0,0.0,0.0,0.0,0.0,0.0,0.0,0.0,0.0,-0.0,0.0,0.0,0.0,0.0,0.0,0.0,0.0,0.0,0.0,0.0,0.0,0.0,0.0,0.0,0.0,0.0,0.0,0.0,0.0,0.0,0.0,0.0,0.0,0.0,0.0,0.0,0.0,0.0,0.0,0.0,0.0,0.0,0.0,0.0,0.0,0.0,0.0,0.0,0.0,0.0,0.0,0.0,0.0,0.0,0.0,0.0,0.0,0.0,0.0,0.0,0.0,0.0,0.0,0.0,0.0,0.0,0.0,0.0,0.0,0.0,0.0,0.0,0.0,0.0,0.0,0.0,0.0,0.0,0.0,0.0,0.0,0.0,0.0,0.0,0.0,0.0,0.0,0.0,0.0,0.0,0.0,0.0,0.0,0.0,0.0,0.0,0.0,0.0,0.0,0.0,0.0,0.0,0.0,0.0,0.0,0.0,0.0,0.0,0.0,0.0,0.0,0.0,0.0,0.0,0.0,0.0,0.0,0.0,0.0,0.0,0.0,0.0,0.0,0.0,0.0,0.0,0.0,0.0,0.0,0.0,0.0,0.0,0.0,0.0,0.0,0.0,0.0,0.0,0.0,0.0,0.0,0.0,0.0,0.0,0.0,0.0,0.0,0.0,0.0,0.0,0.0,0.0,0.0,0.0,0.0,0.0,0.0,0.0,0.0,0.0,0.0,0.0,0.0,0.0,0.0,0.0,0.0,0.0,0.0,0.0,0.0,0.0,0.0,0.0,0.0,0.0,0.0,0.0,0.0,0.0,0.0,0.0,0.0,0.0,0.0,0.0,0.0,0.0,0.0,0.0,0.0,0.0,0.0,0.0,0.0,0.0,0.0,0.0,0.0,0.0,0.0,0.0,0.0,0.0,0.0,0.0,0.0,0.0,0.0,0.0,0.0,0.0,0.0,0.0,0.0,0.0,0.0,0.0,0.0,0.0,0.0,0.0,0.0,0.0,0.0,0.0,0.0,0.0,0.0,0.0,0.0,0.0,0.0,0.0,0.0,0.0,0.0,0.0,0.0,0.0,0.0,0.0,-0.0,0.0,0.0,0.0,0.0,0.0,0.0,0.0,0.0,0.0,0.0,0.0,0.0,0.0,0.0,0.0,0.0,0.0,0.0,0.0,0.0,0.0,0.0,0.0,0.0,0.0,0.0,0.0,0.0,0.0,0.0,0.0,0.0,0.0,0.0,0.0,0.0,0.0,0.0,0.0,0.0,0.0,0.0,0.0,0.0,0.0,0.0,0.0,0.0,0.0,0.0,0.0,0.0,0.0,0.0,0.0,0.0,0.0,0.0,0.0,0.0,0.0,0.0,0.0,0.0,0.0,0.0,0.0,0.0,0.0,0.0,0.0,0.0,0.0,0.0,0.0,0.0,0.0,0.0,0.0,0.0,0.0,0.0,0.0,0.0,0.0,0.0,0.0,0.0,0.0,0.0,0.0,0.0,0.0,0.0,0.0,0.0,0.0,0.0,0.0,-0.0,0.0,0.0,0.0,0.0,0.0,0.0,0.0,0.0,0.0,0.0,0.0,0.0,0.0,0.0,0.0,0.0,0.0,0.0,0.0,0.0,0.0,0.0,0.0,0.0,0.0,0.0,0.0,0.0,0.0,0.0,0.0,0.0,0.0,0.0,0.0,0.0,0.0,0.0,0.0,0.0,0.0,0.0,0.0,0.0,0.0,0.0,0.0,0.0,0.0,0.0,0.0,0.0,0.0,0.0,0.0,0.0,0.0,0.0,0.0,0.0,0.0,0.0,0.0,0.0,0.0,0.0,0.0,0.0,0.0,0.0,0.0,0.0,0.0,0.0,0.0,0.0,0.0,0.0,0.0,0.0,0.0,0.0,0.0,0.0,0.0,0.0,0.0,0.0,0.0,0.0,0.0,0.0,0.0,0.0,0.0,0.0,0.0,0.0,0.0,0.0,0.0,-0.0,0.0,0.0,0.0,0.0,0.0,0.0,0.0,0.0,0.0,0.0,0.0,0.0,0.0,0.0,0.0,0.0,0.0,0.0,0.0,0.0,0.0,0.0,0.0,0.0,0.0,0.0,0.0,0.0,0.0,0.0,0.0,0.0,0.0,0.0,0.0,0.0,0.0,0.0,0.0,0.0,0.0,0.0,0.0,0.0,0.0,0.0,0.0,0.0,0.0,0.0,0.0,0.0,0.0,0.0,0.0,0.0,0.0,0.0,0.0,0.0,0.0,0.0,0.0,0.0,0.0,0.0,0.0,0.0,0.0,0.0,0.0,0.0,0.0,0.0,0.0,0.0,0.0,0.0,0.0,0.0,0.0,0.0,0.0,0.0,0.0,0.0,0.0,0.0,0.0,0.0,0.0,0.0,0.0,0.0,0.0,0.0,0.0,0.0,0.0,-0.0,-0.0,0.0,0.0,0.0,0.0,0.0,0.0,0.0,0.0,0.0,0.0,0.0,0.0,0.0,0.0,0.0,0.0,0.0,0.0,0.0,0.0,0.0,0.0,0.0,0.0,0.0,0.0,0.0,0.0,0.0,0.0,0.0,0.0,0.0,0.0,0.0,0.0,0.0,0.0,0.0,0.0,0.0,0.0,0.0,0.0,0.0,0.0,0.0,0.0,0.0,0.0,0.0,0.0,0.0,0.0,0.0,0.0,0.0,0.0,0.0,0.0,0.0,0.0,0.0,0.0,0.0,0.0,0.0,0.0,0.0,0.0,0.0,0.0,0.0,0.0,0.0,0.0,0.0,0.0,0.0,0.0,0.0,0.0,0.0,0.0,0.0,0.0,0.0,0.0,0.0,0.0,0.0,0.0,0.0,0.0,0.0,0.0,0.0,0.0,0.0,-0.0,-0.0,0.0,0.0,0.0,0.0,0.0,0.0,0.0,0.0,0.0,0.0,0.0,0.0,0.0,0.0,0.0,0.0,0.0,0.0,0.0,0.0,0.0,0.0,0.0,0.0,0.0,0.0,0.0,0.0,0.0,0.0,0.0,0.0,0.0,0.0,0.0,0.0,0.0,0.0,0.0,0.0,0.0,0.0,0.0,0.0,0.0,0.0,0.0,0.0,0.0,0.0,0.0,0.0,0.0,0.0,0.0,0.0,0.0,0.0,0.0,0.0,0.0,0.0,0.0,0.0,0.0,0.0,0.0,0.0,0.0,0.0,0.0,0.0,0.0,0.0,0.0,0.0,0.0,0.0,0.0,0.0,0.0,0.0,0.0,0.0,0.0,0.0,0.0,0.0,0.0,0.0,0.0,0.0,0.0,0.0,0.0,0.0,0.0,0.0,0.0,0.0,0.0,0.0,0.0,0.0,0.0,0.0,0.0,0.0,0.0,0.0,0.0,0.0,0.0,0.0,0.0,0.0,0.0,0.0,0.0,0.0,0.0,0.0,0.0,0.0,0.0,0.0,0.0,0.0,0.0,0.0,0.0,0.0,0.0,0.0,0.0,0.0,0.0,0.0,0.0,0.0,0.0,0.0,0.0,0.0,0.0,0.0,0.0,0.0,0.0,0.0,0.0,0.0,0.0,0.0,0.0,0.0,0.0,0.0,0.0,0.0,0.0,0.0,0.0,0.0,0.0,0.0,0.0,0.0,0.0,0.0,0.0,0.0,0.0,0.0,0.0,0.0,0.0,0.0,0.0,0.0,0.0,0.0,0.0,0.0,0.0,0.0,0.0,0.0,0.0,0.0,0.0,0.0,0.0,0.0,0.0,0.0,0.0,0.0,0.0,0.0,0.0,0.0,0.0,0.0,0.0,0.0,0.0,0.0,0.0,0.0,0.0,0.0,0.0,0.0,0.0,0.0,0.0,0.0,0.0,0.0,0.0,0.0,0.0,0.0,0.0,0.0,0.0,0.0,0.0,0.0,0.0,0.0,0.0,0.0,0.0,0.0,0.0,0.0,0.0,0.0,0.0,0.0,0.0,0.0,0.0,0.0,0.0,0.0,0.0,0.0,0.0,0.0,0.0,0.0,0.0,0.0,0.0,0.0,0.0,0.0,0.0,0.0,0.0,0.0,0.0,0.0,0.0,0.0,0.0,0.0,0.0,0.0,0.0,0.0,0.0,0.0,0.0,0.0,0.0,0.0,0.0,0.0,0.0,0.0,0.0,0.0,0.0,0.0,0.0,0.0,0.0,0.0,0.0,0.0,0.0,0.0,0.0,0.0,0.0,0.0,0.0,0.0,0.0,0.0,0.0,0.0,0.0,0.0,0.0,0.0,0.0,0.0,0.0,0.0,0.0,0.0,0.0,0.0,0.0,0.0,0.0,0.0,0.0,0.0,0.0,0.0,0.0,0.0,0.0,0.0,0.0,0.0,0.0,0.0,0.0,0.0,0.0,0.0,0.0,0.0,0.0,0.0,0.0,0.0,0.0,0.0,0.0,0.0,0.0,0.0,0.0,0.0,0.0,0.0,0.0,0.0,0.0,0.0,0.0,0.0,0.0,0.0,0.0,0.0,0.0,0.0,0.0,0.0,0.0,0.0,0.0,0.0,0.0,0.0,0.0,0.0,0.0,0.0,0.0,0.0,0.0,0.0,0.0,0.0,0.0,0.0,0.0,0.0,0.0,0.0,0.0,0.0,0.0,0.0,0.0,0.0,0.0,0.0,0.0,0.0,0.0,0.0,0.0,0.0,0.0,0.0,0.0,0.0,0.0,0.0,0.0,0.0,0.0,0.0,0.0,0.0,0.0,0.0,0.0,0.0,0.0,0.0,0.0,0.0,0.0,0.0,0.0,0.0,0.0,0.0,0.0,0.0,0.0,0.0,0.0,0.0,0.0,0.0,0.0,0.0,0.0,0.0,0.0,0.0,0.0,0.0,0.0,0.0,0.0,0.0,0.0,0.0,0.0,0.0,0.0,0.0,0.0,0.0,0.0,0.0,0.0,0.0,0.0,0.0,0.0,0.0,0.0,0.0,0.0,0.0,0.0,0.0,0.0,0.0,0.0,0.0,0.0,0.0,0.0,0.0,0.0,0.0,0.0,0.0,0.0,0.0,0.0,0.0,0.0,0.0,0.0,0.0,0.0,0.0,0.0,0.0,0.0,0.0,0.0,0.0,0.0,0.0,0.0,0.0,0.0,0.0,0.0,0.0,0.0,0.0,0.0,0.0,0.0,0.0,0.0,0.0,0.0,0.0,0.0,0.0,0.0,0.0,0.0,0.0,0.0,0.0,0.0,0.0,0.0,0.0,0.0,0.0,0.0,0.0,0.0,0.0,0.0,0.0,0.0,0.0,0.0,0.0,0.0,0.0,0.0,0.0,0.0,0.0,0.0,0.0,0.0,0.0,0.0,0.0,0.0,0.0,0.0,0.0,0.0,0.0,0.0,0.0,0.0,0.0,0.0,0.0,0.0,0.0,0.0,0.0,0.0,0.0,0.0,0.0,0.0,0.0,0.0,0.0,0.0,0.0,0.0,0.0,0.0,0.0,0.0,0.0,0.0,0.0,0.0,0.0,0.0,0.0,0.0,0.0,0.0,0.0,0.0,0.0,0.0,0.0,0.0,0.0,0.0,0.0,-0.0,0.0,0.0,0.0,0.0,0.0,0.0,0.0,0.0,0.0,0.0,0.0,0.0,0.0,0.0,0.0,0.0,0.0,0.0,0.0,0.0,0.0,0.0,0.0,0.0,0.0,0.0,0.0,0.0,0.0,0.0,0.0,0.0,0.0,0.0,0.0,0.0,0.0,0.0,0.0,0.0,0.0,0.0,0.0,0.0,0.0,0.0,0.0,0.0,0.0,0.0,0.0,0.0,0.0,0.0,0.0,0.0,0.0,0.0,0.0,0.0,0.0,0.0,0.0,0.0,0.0,0.0,0.0,0.0,0.0,0.0,0.0,0.0,0.0,0.0,0.0,0.0,0.0,0.0,0.0,0.0,0.0,0.0,0.0,0.0,0.0,0.0,0.0,0.0,0.0,0.0,0.0,0.0,0.0,0.0,0.0,0.0,0.0,0.0,0.0,0.0,-0.0,-0.0,0.0,0.0,0.0,0.0,0.0,0.0,0.0,0.0,0.0,0.0,0.0,0.0,0.0,0.0,0.0,0.0,0.0,0.0,0.0,0.0,0.0,0.0,0.0,0.0,0.0,0.0,0.0,0.0,0.0,0.0,0.0,0.0,0.0,0.0,0.0,0.0,0.0,0.0,0.0,0.0,0.0,0.0,0.0,0.0,0.0,0.0,0.0,0.0,0.0,0.0,0.0,0.0,0.0,0.0,0.0,0.0,0.0,0.0,0.0,0.0,0.0,0.0,0.0,0.0,0.0,0.0,0.0,0.0,0.0,0.0,0.0,0.0,0.0,0.0,0.0,0.0,0.0,0.0,0.0,0.0,0.0,0.0,0.0,0.0,0.0,0.0,0.0,0.0,0.0,0.0,0.0,0.0,0.0,0.0,0.0,0.0,0.0,0.0,0.0,-0.0,0.0,0.0,0.0,0.0,0.0,0.0,0.0,0.0,0.0,0.0,0.0,0.0,0.0,0.0,0.0,0.0,0.0,0.0,0.0,0.0,0.0,0.0,0.0,0.0,0.0,0.0,0.0,0.0,0.0,0.0,0.0,0.0,0.0,0.0,0.0,0.0,0.0,0.0,0.0,0.0,0.0,0.0,0.0,0.0,0.0,0.0,0.0,0.0,0.0,0.0,0.0,0.0,0.0,0.0,0.0,0.0,0.0,0.0,0.0,0.0,0.0,0.0,0.0,0.0,0.0,0.0,0.0,0.0,0.0,0.0,0.0,0.0,0.0,0.0,0.0,0.0,0.0,0.0,0.0,0.0,0.0,0.0,0.0,0.0,0.0,0.0,0.0,0.0,0.0,0.0,0.0,0.0,0.0,0.0,0.0,0.0,0.0,0.0,0.0,0.0,0.0,0.0,0.0,0.0,0.0,0.0,0.0,0.0,0.0,0.0,0.0,0.0,0.0,0.0,0.0,0.0,0.0,0.0,0.0,0.0,0.0,0.0,0.0,0.0,0.0,0.0,0.0,0.0,0.0,0.0,0.0,0.0,0.0,0.0,0.0,0.0,0.0,0.0,0.0,0.0,0.0,0.0,0.0,0.0,0.0,0.0,0.0,0.0,0.0,0.0,0.0,0.0,0.0,0.0,0.0,0.0,0.0,0.0,0.0,0.0,0.0,0.0,0.0,0.0,0.0,0.0,0.0,0.0,0.0,0.0,0.0,0.0,0.0,0.0,0.0,0.0,0.0,0.0,0.0,0.0,0.0,0.0,0.0,0.0,0.0,0.0,0.0,0.0,0.0,0.0,0.0,0.0,0.0,0.0,0.0,0.0,0.0,0.0,0.0,0.0,0.0,0.0,0.0,0.0,0.0,0.0,0.0,0.0,0.0,0.0,0.0,0.0,0.0,0.0,0.0,0.0,0.0,0.0,0.0,0.0,0.0,0.0,0.0,0.0,0.0,0.0,0.0,0.0,0.0,0.0,0.0,0.0,0.0,0.0,0.0,0.0,0.0,0.0,0.0,0.0,0.0,0.0,0.0,0.0,0.0,0.0,0.0,0.0,0.0,0.0,0.0,0.0,0.0,0.0,0.0,0.0,0.0,0.0,0.0,0.0,0.0,0.0,0.0,0.0,0.0,0.0,0.0,0.0,0.0,0.0,0.0,0.0,0.0,0.0,0.0,0.0,0.0,0.0,0.0,0.0,0.0,0.0,0.0,0.0,0.0,0.0,0.0,0.0,0.0,0.0,0.0,0.0,0.0,0.0,0.0,0.0,0.0,0.0,0.0,0.0,0.0,0.0,0.0,0.0,0.0,0.0,0.0,0.0,0.0,0.0,0.0,0.0,0.0,0.0,0.0,0.0,0.0,0.0,0.0,0.0,0.0,0.0,0.0,0.0,0.0,0.0,0.0,0.0,0.0,0.0,0.0,0.0,0.0,0.0,0.0,0.0,0.0,0.0,0.0,0.0,0.0,0.0,0.0,0.0,0.0,0.0,0.0,0.0,0.0,0.0,0.0,0.0,0.0,0.0,0.0,0.0,0.0,0.0,0.0,0.0,0.0,0.0,0.0,0.0,0.0,0.0,0.0,0.0,0.0,0.0,0.0,0.0,0.0,0.0,0.0,0.0,0.0,0.0,0.0,0.0,0.0,0.0,0.0,0.0,0.0,0.0,0.0,0.0,0.0,0.0,0.0,0.0,0.0,0.0,0.0,0.0,0.0,0.0,0.0,0.0,0.0,0.0,0.0,0.0,0.0,0.0,0.0,0.0,0.0,0.0,0.0,0.0,0.0,0.0,0.0,0.0,0.0,0.0,0.0,0.0,0.0,0.0,0.0,0.0,0.0,0.0,0.0,0.0,0.0,0.0,0.0,0.0,0.0,-0.0,0.0,0.0,0.0,0.0,0.0,0.0,0.0,0.0,0.0,0.0,0.0,0.0,0.0,0.0,0.0,0.0,0.0,0.0,0.0,0.0,0.0,0.0,0.0,0.0,0.0,0.0,0.0,0.0,0.0,0.0,0.0,0.0,0.0,0.0,0.0,0.0,0.0,0.0,0.0,0.0,0.0,0.0,0.0,0.0,0.0,0.0,0.0,0.0,0.0,0.0,0.0,0.0,0.0,0.0,0.0,0.0,0.0,0.0,0.0,0.0,0.0,0.0,0.0,0.0,0.0,0.0,0.0,0.0,0.0,0.0,0.0,-0.0,0.0,0.0,0.0,0.0,0.0,0.0,0.0,0.0,0.0,0.0,0.0,0.0,0.0,0.0,0.0,0.0,0.0,0.0,0.0,0.0,0.0,0.0,0.0,0.0,0.0,0.0,0.0,0.0,0.0,0.0,0.0,0.0,0.0,0.0,0.0,0.0,0.0,0.0,0.0,0.0,0.0,0.0,0.0,0.0,0.0,0.0,0.0,0.0,0.0,0.0,0.0,0.0,0.0,0.0,0.0,0.0,0.0,0.0,0.0,0.0,0.0,0.0,0.0,0.0,0.0,0.0,0.0,0.0,0.0,0.0,0.0,0.0,0.0,0.0,0.0,0.0,0.0,0.0,0.0,0.0,0.0,0.0,0.0,0.0,0.0,0.0,0.0,0.0,0.0,0.0,0.0,0.0,0.0,0.0,0.0,0.0,0.0,0.0,0.0,0.0,-0.0,0.0,0.0,0.0,0.0,0.0,0.0,0.0,0.0,0.0,0.0,0.0,0.0,0.0,0.0,0.0,0.0,0.0,0.0,0.0,0.0,0.0,0.0,0.0,0.0,0.0,0.0,0.0,0.0,0.0,0.0,0.0,0.0,0.0,0.0,0.0,0.0,0.0,0.0,0.0,0.0,0.0,0.0,0.0,0.0,0.0,0.0,0.0,0.0,0.0,0.0,0.0,0.0,0.0,0.0,0.0,0.0,0.0,0.0,0.0,0.0,0.0,0.0,0.0,0.0,0.0,0.0,0.0,0.0,0.0,0.0,0.0,0.0,0.0,0.0,0.0,0.0,0.0,0.0,0.0,0.0,0.0,0.0,0.0,0.0,0.0,0.0,0.0,0.0,0.0,0.0,0.0,0.0,0.0,0.0,0.0,0.0,0.0,0.0,0.0,-0.0,-0.0,0.0,0.0,0.0,0.0,0.0,0.0,0.0,0.0,0.0,0.0,0.0,0.0,0.0,0.0,0.0,0.0,0.0,0.0,0.0,0.0,0.0,0.0,0.0,0.0,0.0,0.0,0.0,0.0,0.0,0.0,0.0,0.0,0.0,0.0,0.0,0.0,0.0,0.0,0.0,0.0,0.0,0.0,0.0,0.0,0.0,0.0,0.0,0.0,0.0,0.0,0.0,0.0,0.0,0.0,0.0,0.0,0.0,0.0,0.0,0.0,0.0,0.0,0.0,0.0,0.0,0.0,0.0,0.0,0.0,0.0,0.0,0.0,0.0,0.0,0.0,0.0,0.0,0.0,0.0,0.0,0.0,0.0,0.0,0.0,0.0,0.0,0.0,0.0,0.0,0.0,0.0,0.0,0.0,0.0,0.0,0.0,0.0,0.0,0.0,-0.0,-0.0,0.0,0.0,0.0,0.0,0.0,0.0,0.0,0.0,0.0,0.0,0.0,0.0,0.0,0.0,0.0,0.0,0.0,0.0,0.0,0.0,0.0,0.0,0.0,0.0,0.0,0.0,0.0,0.0,0.0,0.0,0.0,0.0,0.0,0.0,0.0,0.0,0.0,0.0,0.0,0.0,0.0,0.0,0.0,0.0,0.0,0.0,0.0,0.0,0.0,0.0,0.0,0.0,0.0,0.0,0.0,0.0,0.0,0.0,0.0,0.0,0.0,0.0,0.0,0.0,0.0,0.0,0.0,0.0,0.0,0.0,0.0,0.0,0.0,0.0,0.0,0.0,0.0,0.0,0.0,0.0,0.0,0.0,0.0,0.0,0.0,0.0,0.0,0.0,0.0,0.0,0.0,0.0,0.0,0.0,0.0,0.0,0.0,0.0,0.0,-0.0,-0.0,0.0,0.0,0.0,0.0,0.0,0.0,0.0,0.0,0.0,0.0,0.0,0.0,0.0,0.0,0.0,0.0,0.0,0.0,0.0,0.0,0.0,0.0,0.0,0.0,0.0,0.0,0.0,0.0,0.0,0.0,0.0,0.0,0.0,0.0,0.0,0.0,0.0,0.0,0.0,0.0,0.0,0.0,0.0,0.0,0.0,0.0,0.0,0.0,0.0,0.0,0.0,0.0,0.0,0.0,0.0,0.0,0.0,0.0,0.0,0.0,0.0,0.0,0.0,0.0,0.0,0.0,0.0,0.0,0.0,0.0,0.0,0.0,0.0,0.0,0.0,0.0,0.0,0.0,0.0,0.0,0.0,0.0,0.0,0.0,0.0,0.0,0.0,0.0,0.0,0.0,0.0,0.0,0.0,0.0,0.0,0.0,0.0,0.0,0.0,0.0,-0.0,0.0,0.0,0.0,0.0,0.0,0.0,0.0,0.0,0.0,0.0,0.0,0.0,0.0,0.0,0.0,0.0,0.0,0.0,0.0,0.0,0.0,0.0,0.0,0.0,0.0,0.0,0.0,0.0,0.0,0.0,0.0,0.0,0.0,0.0,0.0,0.0,0.0,0.0,0.0,0.0,0.0,0.0,0.0,0.0,0.0,0.0,0.0,0.0,0.0,0.0,0.0,0.0,0.0,0.0,0.0,0.0,0.0,0.0,0.0,0.0,0.0,0.0,0.0,0.0,0.0,0.0,0.0,0.0,0.0,0.0,0.0,0.0,0.0,0.0,0.0,0.0,0.0,0.0,0.0,0.0,0.0,0.0,0.0,0.0,0.0,0.0,0.0,0.0,0.0,0.0,0.0,0.0,0.0,0.0,0.0,0.0,0.0,0.0,0.0,-0.0,0.0,0.0,0.0,0.0,0.0,0.0,0.0,0.0,0.0,0.0,0.0,0.0,0.0,0.0,0.0,0.0,0.0,0.0,0.0,0.0,0.0,0.0,0.0,0.0,0.0,0.0,0.0,0.0,0.0,0.0,0.0,0.0,0.0,0.0,0.0,0.0,0.0,0.0,0.0,0.0,0.0,0.0,0.0,0.0,0.0,0.0,0.0,0.0,0.0,0.0,0.0,0.0,0.0,0.0,0.0,0.0,0.0,0.0,0.0,0.0,0.0,0.0,0.0,0.0,0.0,0.0,0.0,0.0,0.0,0.0,0.0,0.0,0.0,0.0,0.0,0.0,0.0,0.0,0.0,0.0,0.0,0.0,0.0,0.0,0.0,0.0,0.0,0.0,0.0,0.0,0.0,0.0,0.0,0.0,0.0,0.0,0.0,0.0,0.0,0.0,0.0,0.0,0.0,0.0,0.0,0.0,0.0,0.0,0.0,0.0,0.0,0.0,0.0,0.0,0.0,0.0,0.0,0.0,0.0,0.0,0.0,0.0,0.0,0.0,0.0,0.0,0.0,0.0,0.0,0.0,0.0,0.0,0.0,0.0,0.0,0.0,0.0,0.0,0.0,0.0,0.0,0.0,0.0,0.0,0.0,0.0,0.0,0.0,0.0,0.0,0.0,0.0,0.0,0.0,0.0,0.0,0.0,0.0,0.0,0.0,0.0,0.0,0.0,0.0,0.0,0.0,0.0,0.0,0.0,0.0,0.0,0.0,0.0,0.0,0.0,0.0,0.0,0.0,0.0,0.0,0.0,0.0,0.0,0.0,0.0,0.0,0.0,0.0,0.0,0.0,0.0,0.0,0.0,0.0,0.0,0.0,0.0,0.0,0.0,0.0,0.0,0.0,0.0,0.0,0.0,0.0,0.0,0.0,0.0,0.0,0.0,0.0,0.0,0.0,0.0,0.0,0.0,0.0,0.0,0.0,0.0,0.0,0.0,0.0,0.0,0.0,0.0,0.0,0.0,0.0,0.0,0.0,0.0,0.0,0.0,0.0,0.0,0.0,0.0,0.0,0.0,0.0,0.0,0.0,0.0,0.0,0.0,0.0,0.0,0.0,0.0,0.0,0.0,0.0,0.0,0.0,0.0,0.0,0.0,0.0,0.0,0.0,0.0,0.0,0.0,0.0,0.0,0.0,0.0,0.0,0.0,0.0,0.0,0.0,0.0,0.0,0.0,0.0,0.0,0.0,0.0,0.0,0.0,0.0,0.0,0.0,0.0,0.0,0.0,0.0,0.0,0.0,0.0,0.0,0.0,0.0,0.0,0.0,0.0,0.0,0.0,0.0,0.0,0.0,0.0,0.0,0.0,0.0,0.0,0.0,0.0,0.0,0.0,0.0,0.0,0.0,0.0,0.0,0.0,0.0,0.0,0.0,0.0,0.0,0.0,0.0,0.0,0.0,0.0,0.0,0.0,0.0,0.0,0.0,0.0,0.0,0.0,0.0,0.0,0.0,0.0,0.0,0.0,0.0,0.0,0.0,0.0,0.0,0.0,0.0,0.0,0.0,0.0,0.0,0.0,0.0,0.0,0.0,0.0,0.0,0.0,0.0,0.0,0.0,0.0,0.0,0.0,0.0,0.0,0.0,0.0,0.0,0.0,0.0,0.0,0.0,0.0,0.0,0.0,0.0,0.0,0.0,0.0,0.0,0.0,0.0,0.0,0.0,0.0,0.0,0.0,0.0,0.0,0.0,0.0,0.0,0.0,0.0,0.0,0.0,0.0,0.0,0.0,-0.0,0.0,0.0,0.0,0.0,0.0,0.0,0.0,0.0,0.0,0.0,0.0,0.0,0.0,0.0,0.0,0.0,0.0,0.0,0.0,0.0,0.0,0.0,0.0,0.0,0.0,0.0,0.0,0.0,0.0,0.0,0.0,0.0,0.0,0.0,0.0,0.0,0.0,0.0,0.0,0.0,0.0,0.0,0.0,0.0,0.0,0.0,0.0,0.0,0.0,0.0,0.0,0.0,0.0,0.0,0.0,0.0,0.0,0.0,0.0,0.0,0.0,0.0,0.0,0.0,0.0,0.0,0.0,0.0,0.0,0.0,0.0,0.0,0.0,0.0,0.0,0.0,0.0,0.0,0.0,0.0,0.0,0.0,0.0,0.0,0.0,0.0,0.0,0.0,0.0,0.0,0.0,0.0,0.0,0.0,0.0,0.0,0.0,0.0,0.0,0.0,-0.0,0.0,0.0,0.0,0.0,0.0,0.0,0.0,0.0,0.0,0.0,0.0,0.0,0.0,0.0,0.0,0.0,0.0,0.0,0.0,0.0,0.0,0.0,0.0,0.0,0.0,0.0,0.0,0.0,0.0,0.0,0.0,0.0,0.0,0.0,0.0,0.0,0.0,0.0,0.0,0.0,0.0,0.0,0.0,0.0,0.0,0.0,0.0,0.0,0.0,0.0,0.0,0.0,0.0,0.0,0.0,0.0,0.0,0.0,0.0,0.0,0.0,0.0,0.0,0.0,0.0,0.0,0.0,0.0,0.0,0.0,0.0,0.0,0.0,0.0,0.0,0.0,0.0,0.0,0.0,0.0,0.0,0.0,0.0,0.0,0.0,0.0,0.0,0.0,0.0,0.0,0.0,0.0,0.0,0.0,0.0,0.0,0.0,0.0,0.0,0.0,-0.0,0.0,0.0,0.0,0.0,0.0,0.0,0.0,0.0,0.0,0.0,0.0,0.0,0.0,0.0,0.0,0.0,0.0,0.0,0.0,0.0,0.0,0.0,0.0,0.0,0.0,0.0,0.0,0.0,0.0,0.0,0.0,0.0,0.0,0.0,0.0,0.0,0.0,0.0,0.0,0.0,0.0,0.0,0.0,0.0,0.0,0.0,0.0,0.0,0.0,0.0,0.0,0.0,0.0,0.0,0.0,0.0,0.0,0.0,0.0,0.0,0.0,0.0,0.0,0.0,0.0,0.0,0.0,0.0,0.0,0.0,0.0,0.0,0.0,0.0,0.0,0.0,0.0,0.0,0.0,0.0,0.0,0.0,0.0,0.0,0.0,0.0,0.0,0.0,0.0,0.0,0.0,0.0,0.0,0.0,0.0,0.0,0.0,0.0,0.0,0.0,0.0,-0.0,0.0,0.0,0.0,0.0,0.0,0.0,0.0,0.0,0.0,0.0,0.0,0.0,0.0,0.0,0.0,0.0,0.0,0.0,0.0,0.0,0.0,0.0,0.0,0.0,0.0,0.0,0.0,0.0,0.0,0.0,0.0,0.0,0.0,0.0,0.0,0.0,0.0,0.0,0.0,0.0,0.0,0.0,0.0,0.0,0.0,0.0,0.0,0.0,0.0,0.0,0.0,0.0,0.0,0.0,0.0,0.0,0.0,0.0,0.0,0.0,0.0,0.0,0.0,0.0,0.0,0.0,0.0,0.0,0.0,0.0,0.0,0.0,0.0,0.0,0.0,0.0,0.0,0.0,0.0,0.0,0.0,0.0,0.0,0.0,0.0,0.0,0.0,0.0,0.0,0.0,0.0,0.0,0.0,0.0,0.0,0.0,0.0,0.0,0.0,-0.0,0.0,0.0,0.0,0.0,0.0,0.0,0.0,0.0,0.0,0.0,0.0,0.0,0.0,0.0,0.0,0.0,0.0,0.0,0.0,0.0,0.0,0.0,0.0,0.0,0.0,0.0,0.0,0.0,0.0,0.0,0.0,0.0,0.0,0.0,0.0,0.0,0.0,0.0,0.0,0.0,0.0,0.0,0.0,0.0,0.0,0.0,0.0,0.0,0.0,0.0,0.0,0.0,0.0,0.0,0.0,0.0,0.0,0.0,0.0,0.0,0.0,0.0,0.0,0.0,0.0,0.0,0.0,0.0,0.0,0.0,0.0,0.0,0.0,0.0,0.0,0.0,0.0,0.0,0.0,0.0,0.0,0.0,0.0,0.0,0.0,0.0,0.0,0.0,0.0,0.0,0.0,0.0,0.0,0.0,0.0,0.0,0.0,0.0,0.0,0.0,0.0,0.0,0.0,0.0,0.0,0.0,0.0,0.0,0.0,0.0,0.0,0.0,0.0,0.0,0.0,0.0,0.0,0.0,0.0,0.0,0.0,0.0,0.0,0.0,0.0,0.0,0.0,0.0,0.0,0.0,0.0,0.0,0.0,0.0,0.0,0.0,0.0,0.0,0.0,0.0,0.0,0.0,0.0,0.0,0.0,0.0,0.0,0.0,0.0,0.0,0.0,0.0,0.0,0.0,0.0,0.0,0.0,0.0,0.0,0.0,0.0,0.0,0.0,0.0,0.0,0.0,0.0,0.0,0.0,0.0,0.0,0.0,0.0,0.0,0.0,0.0,0.0,0.0,0.0,0.0,0.0,0.0,0.0,0.0,0.0,0.0,0.0,0.0,0.0,0.0,0.0,0.0,0.0,0.0,0.0,0.0,0.0,0.0,0.0,0.0,0.0,0.0,0.0,0.0,0.0,0.0,0.0,0.0,0.0,0.0,0.0,0.0,0.0,0.0,0.0,0.0,0.0,0.0,0.0,0.0,0.0,0.0,0.0,0.0,0.0,0.0,0.0,0.0,0.0,0.0,0.0,0.0,0.0,0.0,0.0,0.0,0.0,0.0,0.0,0.0,0.0,0.0,0.0,0.0,0.0,0.0,0.0,0.0,0.0,0.0,0.0,0.0,0.0,0.0,0.0,0.0,0.0,0.0,0.0,0.0,0.0,0.0,0.0,0.0,0.0,0.0,0.0,0.0,0.0,0.0,0.0,0.0,0.0,0.0,0.0,0.0,0.0,0.0,0.0,0.0,0.0,0.0,0.0,0.0,0.0,0.0,0.0,0.0,0.0,0.0,0.0,0.0,0.0,0.0,0.0,0.0,0.0,0.0,0.0,0.0,0.0,0.0,0.0,0.0,0.0,0.0,0.0,0.0,0.0,0.0,0.0,0.0,0.0,0.0,0.0,0.0,0.0,0.0,0.0,0.0,0.0,0.0,0.0,0.0,0.0,0.0,0.0,0.0,0.0,0.0,0.0,0.0,0.0,0.0,0.0,0.0,0.0,0.0,0.0,0.0,0.0,0.0,0.0,0.0,0.0,0.0,0.0,0.0,0.0,0.0,0.0,0.0,0.0,0.0,0.0,0.0,0.0,0.0,0.0,0.0,0.0,0.0,0.0,0.0,0.0,0.0,0.0,0.0,0.0,0.0,0.0,0.0,0.0,0.0,0.0,0.0,0.0,0.0,0.0,0.0,0.0,0.0,0.0,0.0,0.0,0.0,0.0,0.0,0.0,0.0,0.0,0.0,0.0,0.0,0.0,0.0,0.0,0.0,0.0,0.0,0.0,0.0,0.0,0.0,-0.0,0.0,0.0,0.0,0.0,0.0,0.0,0.0,0.0,0.0,0.0,0.0,0.0,0.0,0.0,0.0,0.0,0.0,0.0,0.0,0.0,0.0,0.0,0.0,0.0,0.0,0.0,0.0,0.0,0.0,0.0,0.0,0.0,0.0,0.0,0.0,0.0,0.0,0.0,0.0,0.0,0.0,0.0,0.0,0.0,0.0,0.0,0.0,0.0,0.0,0.0,0.0,0.0,0.0,0.0,0.0,0.0,0.0,0.0,0.0,0.0,0.0,0.0,0.0,0.0,0.0,0.0,0.0,0.0,0.0,0.0,0.0,0.0,0.0,0.0,0.0,0.0,0.0,0.0,0.0,0.0,0.0,0.0,0.0,0.0,0.0,0.0,0.0,0.0,0.0,0.0,0.0,0.0,0.0,0.0,0.0,0.0,0.0,0.0,0.0,-0.0,-0.0,0.0,0.0,0.0,0.0,0.0,0.0,0.0,0.0,0.0,0.0,0.0,0.0,0.0,0.0,0.0,0.0,0.0,0.0,0.0,0.0,0.0,0.0,0.0,0.0,0.0,0.0,0.0,0.0,0.0,0.0,0.0,0.0,0.0,0.0,0.0,0.0,0.0,0.0,0.0,0.0,0.0,0.0,0.0,0.0,0.0,0.0,0.0,0.0,0.0,0.0,0.0,0.0,0.0,0.0,0.0,0.0,0.0,0.0,0.0,0.0,0.0,0.0,0.0,0.0,0.0,0.0,0.0,0.0,0.0,-0.0,0.0,0.0,0.0,0.0,0.0,0.0,0.0,0.0,0.0,0.0,0.0,0.0,0.0,0.0,0.0,0.0,0.0,0.0,0.0,0.0,0.0,0.0,0.0,0.0,0.0,0.0,0.0,0.0,0.0,-0.0,-0.0,0.0,0.0,0.0,0.0,0.0,0.0,0.0,0.0,0.0,0.0,0.0,0.0,0.0,0.0,0.0,0.0,0.0,0.0,0.0,0.0,0.0,0.0,0.0,0.0,0.0,0.0,0.0,0.0,0.0,0.0,0.0,0.0,0.0,0.0,0.0,0.0,0.0,0.0,0.0,0.0,0.0,0.0,0.0,0.0,0.0,0.0,0.0,0.0,0.0,0.0,0.0,0.0,0.0,0.0,0.0,0.0,0.0,0.0,0.0,0.0,0.0,0.0,0.0,0.0,0.0,0.0,0.0,0.0,0.0,-0.0,0.0,0.0,0.0,0.0,0.0,0.0,0.0,0.0,0.0,0.0,0.0,0.0,0.0,0.0,0.0,0.0,0.0,0.0,0.0,0.0,0.0,0.0,0.0,0.0,0.0,0.0,0.0,0.0,0.0,-0.0,0.0,0.0,0.0,0.0,0.0,0.0,0.0,0.0,0.0,0.0,0.0,0.0,0.0,0.0,0.0,0.0,0.0,0.0,0.0,0.0,0.0,0.0,0.0,0.0,0.0,0.0,0.0,0.0,0.0,0.0,0.0,0.0,0.0,0.0,0.0,0.0,0.0,0.0,0.0,0.0,0.0,0.0,0.0,0.0,0.0,0.0,0.0,0.0,0.0,0.0,0.0,0.0,0.0,0.0,0.0,0.0,0.0,0.0,0.0,0.0,0.0,0.0,0.0,0.0,0.0,0.0,0.0,0.0,0.0,0.0,0.0,0.0,0.0,0.0,0.0,0.0,0.0,0.0,0.0,0.0,0.0,0.0,0.0,0.0,0.0,0.0,0.0,0.0,0.0,0.0,0.0,0.0,0.0,0.0,0.0,0.0,0.0,0.0,0.0,0.0,0.0,0.0,0.0,0.0,0.0,0.0,0.0,0.0,0.0,0.0,0.0,0.0,0.0,0.0,0.0,0.0,0.0,0.0,0.0,0.0,0.0,0.0,0.0,0.0,0.0,0.0,0.0,0.0,0.0,0.0,0.0,0.0,0.0,0.0,0.0,0.0,0.0,0.0,0.0,0.0,0.0,0.0,0.0,0.0,0.0,0.0,0.0,0.0,0.0,0.0,0.0,0.0,0.0,0.0,0.0,0.0,0.0,0.0,0.0,0.0,0.0,0.0,0.0,0.0,0.0,0.0,0.0,0.0,0.0,0.0,0.0,0.0,0.0,0.0,0.0,0.0,0.0,0.0,0.0,0.0,0.0,0.0,0.0,0.0,0.0,0.0,0.0,0.0,0.0,0.0,0.0,0.0,0.0,0.0,0.0,0.0,0.0,0.0,0.0,0.0,0.0,0.0,0.0,0.0,0.0,0.0,0.0,0.0,0.0,0.0,0.0,0.0,0.0,0.0,0.0,0.0,0.0,0.0,0.0,0.0,0.0,0.0,0.0,0.0,0.0,0.0,0.0,0.0,0.0,0.0,0.0,0.0,-0.0,0.0,0.0,0.0,0.0,0.0,0.0,0.0,0.0,0.0,0.0,0.0,0.0,0.0,0.0,0.0,0.0,0.0,0.0,0.0,0.0,0.0,0.0,0.0,0.0,0.0,0.0,0.0,0.0,0.0,0.0,0.0,0.0,0.0,0.0,0.0,0.0,0.0,0.0,0.0,0.0,0.0,0.0,0.0,0.0,0.0,0.0,0.0,0.0,0.0,0.0,0.0,0.0,0.0,0.0,0.0,0.0,0.0,0.0,0.0,0.0,0.0,0.0,0.0,0.0,0.0,0.0,0.0,0.0,0.0,0.0,0.0,0.0,0.0,0.0,0.0,0.0,0.0,0.0,0.0,0.0,0.0,0.0,0.0,0.0,0.0,0.0,0.0,0.0,0.0,0.0,0.0,0.0,0.0,0.0,0.0,0.0,0.0,0.0,0.0,0.0,-0.0,0.0,0.0,0.0,0.0,0.0,0.0,0.0,0.0,0.0,0.0,0.0,0.0,0.0,0.0,0.0,0.0,0.0,0.0,0.0,0.0,0.0,0.0,0.0,0.0,0.0,0.0,0.0,0.0,0.0,0.0,0.0,0.0,0.0,0.0,0.0,0.0,0.0,0.0,0.0,0.0,0.0,0.0,0.0,0.0,0.0,0.0,0.0,0.0,0.0,0.0,0.0,0.0,0.0,0.0,0.0,0.0,0.0,0.0,0.0,0.0,0.0,0.0,0.0,0.0,0.0,0.0,0.0,0.0,0.0,0.0,0.0,0.0,0.0,0.0,0.0,0.0,0.0,0.0,0.0,0.0,0.0,0.0,0.0,0.0,0.0,0.0,0.0,0.0,0.0,0.0,0.0,0.0,0.0,0.0,0.0,0.0,0.0,0.0,0.0,0.0,-0.0,0.0,0.0,0.0,0.0,0.0,0.0,0.0,0.0,0.0,0.0,0.0,0.0,0.0,0.0,0.0,0.0,0.0,0.0,0.0,0.0,0.0,0.0,0.0,0.0,0.0,0.0,0.0,0.0,0.0,0.0,0.0,0.0,0.0,0.0,0.0,0.0,0.0,0.0,0.0,0.0,0.0,0.0,0.0,0.0,0.0,0.0,0.0,0.0,0.0,0.0,0.0,0.0,0.0,0.0,0.0,0.0,0.0,0.0,0.0,0.0,0.0,0.0,0.0,0.0,0.0,0.0,0.0,0.0,0.0,0.0,0.0,0.0,0.0,0.0,0.0,0.0,0.0,0.0,0.0,0.0,0.0,0.0,0.0,0.0,0.0,0.0,0.0,0.0,0.0,0.0,0.0,0.0,0.0,0.0,0.0,0.0,0.0,0.0,0.0,0.0,-0.0,0.0,0.0,0.0,0.0,0.0,0.0,0.0,0.0,0.0,0.0,0.0,0.0,0.0,0.0,0.0,0.0,0.0,0.0,0.0,0.0,0.0,0.0,0.0,0.0,0.0,0.0,0.0,0.0,0.0,0.0,0.0,0.0,0.0,0.0,0.0,0.0,0.0,0.0,0.0,0.0,0.0,0.0,0.0,0.0,0.0,0.0,0.0,0.0,0.0,0.0,0.0,0.0,0.0,0.0,0.0,0.0,0.0,0.0,0.0,0.0,0.0,0.0,0.0,0.0,0.0,0.0,0.0,0.0,0.0,0.0,0.0,0.0,0.0,0.0,0.0,0.0,0.0,0.0,0.0,0.0,0.0,0.0,0.0,0.0,0.0,0.0,0.0,0.0,0.0,0.0,0.0,0.0,0.0,0.0,0.0,0.0,0.0,0.0,0.0,0.0,-0.0,0.0,0.0,0.0,0.0,0.0,0.0,0.0,0.0,0.0,0.0,0.0,0.0,0.0,0.0,0.0,0.0,0.0,0.0,0.0,0.0,0.0,0.0,0.0,0.0,0.0,0.0,0.0,0.0,0.0,0.0,0.0,0.0,0.0,0.0,0.0,0.0,0.0,0.0,0.0,0.0,0.0,0.0,0.0,0.0,0.0,0.0,0.0,0.0,0.0,0.0,0.0,0.0,0.0,0.0,0.0,0.0,0.0,0.0,0.0,0.0,0.0,0.0,0.0,0.0,0.0,0.0,0.0,0.0,0.0,0.0,0.0,0.0,0.0,0.0,0.0,0.0,0.0,0.0,0.0,0.0,0.0,0.0,0.0,0.0,0.0,0.0,0.0,0.0,0.0,0.0,0.0,0.0,0.0,0.0,0.0,0.0,0.0,0.0,0.0,0.0,-0.0,0.0,0.0,0.0,0.0,0.0,0.0,0.0,0.0,0.0,0.0,0.0,0.0,0.0,0.0,0.0,0.0,0.0,0.0,0.0,0.0,0.0,0.0,0.0,0.0,0.0,0.0,0.0,0.0,0.0,0.0,0.0,0.0,0.0,0.0,0.0,0.0,0.0,0.0,0.0,0.0,0.0,0.0,0.0,0.0,0.0,0.0,0.0,0.0,0.0,0.0,0.0,0.0,0.0,0.0,0.0,0.0,0.0,0.0,0.0,0.0,0.0,0.0,0.0,0.0,0.0,0.0,0.0,0.0,0.0,0.0,-0.0,0.0,0.0,0.0,0.0,0.0,0.0,0.0,0.0,0.0,0.0,0.0,0.0,0.0,0.0,0.0,0.0,0.0,0.0,0.0,0.0,0.0,0.0,0.0,0.0,0.0,0.0,0.0,0.0,0.0,-0.0,0.0,0.0,0.0,0.0,0.0,0.0,0.0,0.0,0.0,0.0,0.0,0.0,0.0,0.0,0.0,0.0,0.0,0.0,0.0,0.0,0.0,0.0,0.0,0.0,0.0,0.0,0.0,0.0,0.0,0.0,0.0,0.0,0.0,0.0,0.0,0.0,0.0,0.0,0.0,0.0,0.0,0.0,0.0,0.0,0.0,0.0,0.0,0.0,0.0,0.0,0.0,0.0,0.0,0.0,0.0,0.0,0.0,0.0,0.0,0.0,0.0,0.0,0.0,0.0,0.0,0.0,0.0,0.0,0.0,-0.0,0.0,0.0,0.0,0.0,0.0,0.0,0.0,0.0,0.0,0.0,0.0,0.0,0.0,0.0,0.0,0.0,0.0,0.0,0.0,0.0,0.0,0.0,0.0,0.0,0.0,0.0,0.0,0.0,0.0,0.0,-0.0,0.0,0.0,0.0,0.0,0.0,0.0,0.0,0.0,0.0,0.0,0.0,0.0,0.0,0.0,0.0,0.0,0.0,0.0,0.0,0.0,0.0,0.0,0.0,0.0,0.0,0.0,0.0,0.0,0.0,0.0,0.0,0.0,0.0,0.0,0.0,0.0,0.0,0.0,0.0,0.0,0.0,0.0,0.0,0.0,0.0,0.0,0.0,0.0,0.0,0.0,0.0,0.0,0.0,0.0,0.0,0.0,0.0,0.0,0.0,0.0,0.0,0.0,0.0,0.0,0.0,0.0,0.0,0.0,0.0,0.0,0.0,0.0,0.0,0.0,0.0,0.0,0.0,0.0,0.0,0.0,0.0,0.0,0.0,0.0,0.0,0.0,0.0,0.0,0.0,0.0,0.0,0.0,0.0,0.0,0.0,0.0,0.0,0.0,0.0,0.0,0.0,0.0,0.0,0.0,0.0,0.0,0.0,0.0,0.0,0.0,0.0,0.0,0.0,0.0,0.0,0.0,0.0,0.0,0.0,0.0,0.0,0.0,0.0,0.0,0.0,0.0,0.0,0.0,0.0,0.0,0.0,0.0,0.0,0.0,0.0,0.0,0.0,0.0,0.0,0.0,0.0,0.0,0.0,0.0,0.0,0.0,0.0,0.0,0.0,0.0,0.0,0.0,0.0,0.0,0.0,0.0,0.0,0.0,0.0,0.0,0.0,0.0,0.0,0.0,0.0,0.0,0.0,0.0,0.0,0.0,0.0,0.0,0.0,0.0,0.0,0.0,0.0,0.0,0.0,0.0,0.0,0.0,0.0,0.0,0.0,0.0,0.0,0.0,0.0,0.0,0.0,0.0,0.0,0.0,0.0,0.0,0.0,0.0,0.0,0.0,0.0,0.0,0.0,0.0,0.0,0.0,0.0,0.0,0.0,0.0,0.0,0.0,0.0,0.0,0.0,0.0,0.0,0.0,0.0,0.0,0.0,0.0,0.0,0.0,0.0,0.0,0.0,0.0,0.0,0.0,0.0,0.0,0.0,0.0,0.0,0.0,0.0,0.0,0.0,0.0,0.0,0.0,0.0,0.0,0.0,0.0,0.0,0.0,0.0,0.0,0.0,0.0,0.0,0.0,0.0,0.0,0.0,0.0,0.0,0.0,0.0,0.0,0.0,0.0,0.0,0.0,0.0,0.0,0.0,0.0,0.0,0.0,0.0,0.0,0.0,0.0,0.0,0.0,0.0,0.0,0.0,0.0,0.0,0.0,0.0,0.0,0.0,0.0,0.0,0.0,0.0,0.0,0.0,0.0,0.0,0.0,0.0,0.0,0.0,0.0,0.0,0.0,0.0,0.0,0.0,0.0,0.0,0.0,0.0,0.0,0.0,0.0,0.0,0.0,0.0,0.0,0.0,0.0,0.0,0.0,0.0,0.0,0.0,0.0,0.0,0.0,0.0,0.0,0.0,0.0,0.0,0.0,0.0,0.0,0.0,0.0,0.0,0.0,0.0,0.0,0.0,0.0,0.0,0.0,0.0,0.0,0.0,0.0,0.0,0.0,0.0,0.0,0.0,0.0,0.0,0.0,0.0,0.0,0.0,0.0,0.0,0.0,0.0,0.0,0.0,0.0,0.0,0.0,0.0,0.0,0.0,0.0,0.0,0.0,0.0,0.0,0.0,0.0,0.0,0.0,0.0,0.0,0.0,0.0,0.0,0.0,0.0,0.0,0.0,0.0,0.0,0.0,0.0,0.0,0.0,0.0,0.0,0.0,0.0,0.0,0.0,0.0,0.0,-0.0,0.0,0.0,0.0,0.0,0.0,0.0,0.0,0.0,0.0,0.0,0.0,0.0,0.0,0.0,0.0,0.0,0.0,0.0,0.0,0.0,0.0,0.0,0.0,0.0,0.0,0.0,0.0,0.0,0.0,0.0,0.0,0.0,0.0,0.0,0.0,0.0,0.0,0.0,0.0,0.0,0.0,0.0,0.0,0.0,0.0,0.0,0.0,0.0,0.0,0.0,0.0,0.0,0.0,0.0,0.0,0.0,0.0,0.0,0.0,0.0,0.0,0.0,0.0,0.0,0.0,0.0,0.0,0.0,0.0,0.0,0.0,0.0,0.0,0.0,0.0,0.0,0.0,0.0,0.0,0.0,0.0,0.0,0.0,0.0,0.0,0.0,0.0,0.0,0.0,0.0,0.0,0.0,0.0,0.0,0.0,0.0,0.0,0.0,0.0,0.0,-0.0,0.0,0.0,0.0,0.0,0.0,0.0,0.0,0.0,0.0,0.0,0.0,0.0,0.0,0.0,0.0,0.0,0.0,0.0,0.0,0.0,0.0,0.0,0.0,0.0,0.0,0.0,0.0,0.0,0.0,0.0,0.0,0.0,0.0,0.0,0.0,0.0,0.0,0.0,0.0,0.0,0.0,0.0,0.0,0.0,0.0,0.0,0.0,0.0,0.0,0.0,0.0,0.0,0.0,0.0,0.0,0.0,0.0,0.0,0.0,0.0,0.0,0.0,0.0,0.0,0.0,0.0,0.0,0.0,0.0,0.0,0.0,0.0,0.0,0.0,0.0,0.0,0.0,0.0,0.0,0.0,0.0,0.0,0.0,0.0,0.0,0.0,0.0,0.0,0.0,0.0,0.0,0.0,0.0,0.0,0.0,0.0,0.0,0.0,0.0,0.0,0.0,0.0,0.0,0.0,0.0,0.0,0.0,0.0,0.0,0.0,0.0,0.0,0.0,0.0,0.0,0.0,0.0,0.0,0.0,0.0,0.0,0.0,0.0,0.0,0.0,0.0,0.0,0.0,0.0,0.0,0.0,0.0,0.0,0.0,0.0,0.0,0.0,0.0,0.0,0.0,0.0,0.0,0.0,0.0,0.0,0.0,0.0,0.0,0.0,0.0,0.0,0.0,0.0,0.0,0.0,0.0,0.0,0.0,0.0,0.0,0.0,0.0,0.0,0.0,0.0,0.0,0.0,0.0,0.0,0.0,0.0,0.0,0.0,0.0,0.0,0.0,0.0,0.0,0.0,0.0,0.0,0.0,0.0,0.0,0.0,0.0,0.0,0.0,0.0,0.0,0.0,0.0,0.0,0.0,0.0,0.0,0.0,0.0,0.0,0.0,0.0,0.0,0.0,0.0,0.0,0.0,0.0,0.0,0.0,0.0,0.0,0.0,0.0,0.0,0.0,0.0,0.0,0.0,0.0,0.0,0.0,0.0,0.0,0.0,0.0,0.0,0.0,0.0,0.0,0.0,0.0,0.0,0.0,0.0,0.0,0.0,0.0,0.0,0.0,0.0,0.0,0.0,0.0,0.0,0.0,0.0,0.0,0.0,0.0,0.0,0.0,0.0,0.0,0.0,0.0,0.0,0.0,0.0,0.0,0.0,0.0,0.0,0.0,0.0,0.0,0.0,0.0,0.0,0.0,0.0,0.0,0.0,-0.0,0.0,0.0,0.0,0.0,0.0,0.0,0.0,0.0,0.0,0.0,0.0,0.0,0.0,0.0,0.0,0.0,0.0,0.0,0.0,0.0,0.0,0.0,0.0,0.0,0.0,0.0,0.0,0.0,0.0,0.0,0.0,0.0,0.0,0.0,0.0,0.0,0.0,0.0,0.0,0.0,0.0,0.0,0.0,0.0,0.0,0.0,0.0,0.0,0.0,0.0,0.0,0.0,0.0,0.0,0.0,0.0,0.0,0.0,0.0,0.0,0.0,0.0,0.0,0.0,0.0,0.0,0.0,0.0,0.0,0.0,0.0,0.0,0.0,0.0,0.0,0.0,0.0,0.0,0.0,0.0,0.0,0.0,0.0,0.0,0.0,0.0,0.0,0.0,0.0,0.0,0.0,0.0,0.0,0.0,0.0,0.0,0.0,0.0,0.0,-0.0,0.0,0.0,0.0,0.0,0.0,0.0,0.0,0.0,0.0,0.0,0.0,0.0,0.0,0.0,0.0,0.0,0.0,0.0,0.0,0.0,0.0,0.0,0.0,0.0,0.0,0.0,0.0,0.0,0.0,0.0,0.0,0.0,0.0,0.0,0.0,0.0,0.0,0.0,0.0,0.0,0.0,0.0,0.0,0.0,0.0,0.0,0.0,0.0,0.0,0.0,0.0,0.0,0.0,0.0,0.0,0.0,0.0,0.0,0.0,0.0,0.0,0.0,0.0,0.0,0.0,0.0,0.0,0.0,0.0,0.0,0.0,0.0,0.0,0.0,0.0,0.0,0.0,0.0,0.0,0.0,0.0,0.0,0.0,0.0,0.0,0.0,0.0,0.0,0.0,0.0,0.0,0.0,0.0,0.0,0.0,0.0,0.0,0.0,0.0,0.0,-0.0,0.0,0.0,0.0,0.0,0.0,0.0,0.0,0.0,0.0,0.0,0.0,0.0,0.0,0.0,0.0,0.0,0.0,0.0,0.0,0.0,0.0,0.0,0.0,0.0,0.0,0.0,0.0,0.0,0.0,0.0,0.0,0.0,0.0,0.0,0.0,0.0,0.0,0.0,0.0,0.0,0.0,0.0,0.0,0.0,0.0,0.0,0.0,0.0,0.0,0.0,0.0,0.0,0.0,0.0,0.0,0.0,0.0,0.0,0.0,0.0,0.0,0.0,0.0,0.0,0.0,0.0,0.0,0.0,0.0,0.0,0.0,0.0,0.0,0.0,0.0,0.0,0.0,0.0,0.0,0.0,0.0,0.0,0.0,0.0,0.0,0.0,0.0,0.0,0.0,0.0,0.0,0.0,0.0,0.0,0.0,0.0,0.0,0.0,0.0,0.0,0.0,-0.0,0.0,0.0,0.0,0.0,0.0,0.0,0.0,0.0,0.0,0.0,0.0,0.0,0.0,0.0,0.0,0.0,0.0,0.0,0.0,0.0,0.0,0.0,0.0,0.0,0.0,0.0,0.0,0.0,0.0,0.0,0.0,0.0,0.0,0.0,0.0,0.0,0.0,0.0,0.0,0.0,0.0,0.0,0.0,0.0,0.0,0.0,0.0,0.0,0.0,0.0,0.0,0.0,0.0,0.0,0.0,0.0,0.0,0.0,0.0,0.0,0.0,0.0,0.0,0.0,0.0,0.0,0.0,0.0,0.0,0.0,0.0,0.0,0.0,0.0,0.0,0.0,0.0,0.0,0.0,0.0,0.0,0.0,0.0,0.0,0.0,0.0,0.0,0.0,0.0,0.0,0.0,0.0,0.0,0.0,0.0,0.0,0.0,0.0,0.0,0.0,0.0,0.0,0.0,0.0,0.0,0.0,0.0,0.0,0.0,0.0,0.0,0.0,0.0,0.0,0.0,0.0,0.0,0.0,0.0,0.0,0.0,0.0,0.0,0.0,0.0,0.0,0.0,0.0,0.0,0.0,0.0,0.0,0.0,0.0,0.0,0.0,0.0,0.0,0.0,0.0,0.0,0.0,0.0,0.0,0.0,0.0,0.0,0.0,0.0,0.0,0.0,0.0,0.0,0.0,0.0,0.0,0.0,0.0,0.0,0.0,0.0,0.0,0.0,0.0,0.0,0.0,0.0,0.0,0.0,0.0,0.0,0.0,0.0,0.0,0.0,0.0,0.0,0.0,0.0,0.0,0.0,0.0,0.0,0.0,0.0,0.0,0.0,0.0,0.0,0.0,0.0,0.0,0.0,0.0,0.0,0.0,0.0,0.0,0.0,0.0,0.0,0.0,0.0,0.0,0.0,0.0,0.0,0.0,0.0,0.0,0.0,0.0,0.0,0.0,0.0,0.0,0.0,0.0,0.0,0.0,0.0,0.0,0.0,0.0,0.0,0.0,0.0,0.0,0.0,0.0,0.0,-0.0,0.0,0.0,0.0,0.0,0.0,0.0,0.0,0.0,0.0,0.0,0.0,0.0,0.0,0.0,0.0,0.0,0.0,0.0,0.0,0.0,0.0,0.0,0.0,0.0,0.0,0.0,0.0,0.0,0.0,0.0,0.0,0.0,0.0,0.0,0.0,0.0,0.0,0.0,0.0,0.0,0.0,0.0,0.0,0.0,0.0,0.0,0.0,0.0,0.0,0.0,0.0,0.0,0.0,0.0,0.0,0.0,0.0,0.0,0.0,0.0,0.0,0.0,0.0,0.0,0.0,0.0,0.0,0.0,0.0,0.0,-0.0,0.0,0.0,0.0,0.0,0.0,0.0,0.0,0.0,0.0,0.0,0.0,0.0,0.0,0.0,0.0,0.0,0.0,0.0,0.0,0.0,0.0,0.0,0.0,0.0,0.0,0.0,0.0,0.0,0.0,0.0,0.0,0.0,0.0,0.0,0.0,0.0,0.0,0.0,0.0,0.0,0.0,0.0,0.0,0.0,0.0,0.0,0.0,0.0,0.0,0.0,0.0,0.0,0.0,0.0,0.0,0.0,0.0,0.0,0.0,0.0,0.0,0.0,0.0,0.0,0.0,0.0,0.0,0.0,0.0,0.0,0.0,0.0,0.0,0.0,0.0,0.0,0.0,0.0,0.0,0.0,0.0,0.0,0.0,0.0,0.0,0.0,0.0,0.0,0.0,0.0,0.0,0.0,0.0,0.0,0.0,0.0,0.0,0.0,0.0,-0.0,-0.0,0.0,0.0,0.0,0.0,0.0,0.0,0.0,0.0,0.0,0.0,0.0,0.0,0.0,0.0,0.0,0.0,0.0,0.0,0.0,0.0,0.0,0.0,0.0,0.0,0.0,0.0,0.0,0.0,0.0,0.0,0.0,0.0,0.0,0.0,0.0,0.0,0.0,0.0,0.0,0.0,0.0,0.0,0.0,0.0,0.0,0.0,0.0,0.0,0.0,0.0,0.0,0.0,0.0,0.0,0.0,0.0,0.0,0.0,0.0,0.0,0.0,0.0,0.0,0.0,0.0,0.0,0.0,0.0,0.0,0.0,0.0,0.0,0.0,0.0,0.0,0.0,0.0,0.0,0.0,0.0,0.0,0.0,0.0,0.0,0.0,0.0,0.0,0.0,0.0,0.0,0.0,0.0,0.0,0.0,0.0,0.0,0.0,0.0,0.0,0.0,0.0,0.0,0.0,0.0,0.0,0.0,0.0,0.0,0.0,0.0,0.0,0.0,0.0,0.0,0.0,0.0,0.0,0.0,0.0,0.0,0.0,0.0,0.0,0.0,0.0,0.0,0.0,0.0,0.0,0.0,0.0,0.0,0.0,0.0,0.0,0.0,0.0,0.0,0.0,0.0,0.0,0.0,0.0,0.0,0.0,0.0,0.0,0.0,0.0,0.0,0.0,0.0,0.0,0.0,0.0,0.0,0.0,0.0,0.0,0.0,0.0,0.0,0.0,0.0,0.0,0.0,0.0,0.0,0.0,0.0,0.0,0.0,0.0,0.0,0.0,0.0,0.0,0.0,0.0,0.0,0.0,0.0,0.0,0.0,0.0,0.0,0.0,0.0,0.0,0.0,0.0,0.0,0.0,0.0,0.0,0.0,0.0,0.0,0.0,0.0,0.0,-0.0,0.0,0.0,0.0,0.0,0.0,0.0,0.0,0.0,0.0,0.0,0.0,0.0,0.0,0.0,0.0,0.0,0.0,0.0,0.0,0.0,0.0,0.0,0.0,0.0,0.0,0.0,0.0,0.0,0.0,0.0,0.0,0.0,0.0,0.0,0.0,0.0,0.0,0.0,0.0,0.0,0.0,0.0,0.0,0.0,0.0,0.0,0.0,0.0,0.0,0.0,0.0,0.0,0.0,0.0,0.0,0.0,0.0,0.0,0.0,0.0,0.0,0.0,0.0,0.0,0.0,0.0,0.0,0.0,0.0,0.0,0.0,0.0,0.0,0.0,0.0,0.0,0.0,0.0,0.0,0.0,0.0,0.0,0.0,0.0,0.0,0.0,0.0,0.0,0.0,0.0,0.0,0.0,0.0,0.0,0.0,0.0,0.0,0.0,0.0,0.0,0.0,0.0,0.0,0.0,0.0,0.0,0.0,0.0,0.0,0.0,0.0,0.0,0.0,0.0,0.0,0.0,0.0,0.0,0.0,0.0,0.0,0.0,0.0,0.0,0.0,0.0,0.0,0.0,0.0,0.0,-0.0,0.0,0.0,0.0,0.0,0.0,0.0,0.0,0.0,0.0,0.0,0.0,0.0,0.0,0.0,0.0,0.0,0.0,0.0,0.0,0.0,0.0,0.0,0.0,0.0,0.0,0.0,0.0,0.0,0.0,0.0,0.0,0.0,0.0,0.0,0.0,0.0,0.0,0.0,0.0,0.0,0.0,0.0,0.0,0.0,0.0,0.0,0.0,0.0,0.0,0.0,0.0,0.0,0.0,0.0,0.0,0.0,0.0,0.0,0.0,0.0,0.0,0.0,0.0,0.0,0.0,0.0,0.0,0.0,0.0,0.0,0.0,0.0,0.0,0.0,0.0,0.0,0.0,0.0,0.0,0.0,0.0,0.0,0.0,0.0,0.0,0.0,0.0,0.0,0.0,0.0,0.0,0.0,0.0,0.0,0.0,0.0,0.0,0.0,0.0,0.0,-0.0,0.0,0.0,0.0,0.0,0.0,0.0,0.0,0.0,0.0,0.0,0.0,0.0,0.0,0.0,0.0,0.0,0.0,0.0,0.0,0.0,0.0,0.0,0.0,0.0,0.0,0.0,0.0,0.0,0.0,0.0,0.0,0.0,0.0,0.0,0.0,0.0,0.0,0.0,0.0,0.0,0.0,0.0,0.0,0.0,0.0,0.0,0.0,0.0,0.0,0.0,0.0,0.0,0.0,0.0,0.0,0.0,0.0,0.0,0.0,0.0,0.0,0.0,0.0,0.0,0.0,0.0,0.0,0.0,0.0,0.0,-0.0,0.0,0.0,0.0,0.0,0.0,0.0,0.0,0.0,0.0,0.0,0.0,0.0,0.0,0.0,0.0,0.0,0.0,0.0,0.0,0.0,0.0,0.0,0.0,0.0,0.0,0.0,0.0,0.0,0.0,0.0,0.0,0.0,0.0,0.0,0.0,0.0,0.0,0.0,0.0,0.0,0.0,0.0,0.0,0.0,0.0,0.0,0.0,0.0,0.0,0.0,0.0,0.0,0.0,0.0,0.0,0.0,0.0,0.0,0.0,0.0,0.0,0.0,0.0,0.0,0.0,0.0,0.0,0.0,0.0,0.0,0.0,0.0,0.0,0.0,0.0,0.0,0.0,0.0,0.0,0.0,0.0,0.0,0.0,0.0,0.0,0.0,0.0,0.0,0.0,0.0,0.0,0.0,0.0,0.0,0.0,0.0,0.0,0.0,0.0,0.0,0.0,0.0,0.0,0.0,0.0,0.0,0.0,0.0,0.0,0.0,0.0,0.0,0.0,0.0,0.0,0.0,0.0,0.0,0.0,0.0,0.0,0.0,0.0,0.0,0.0,0.0,0.0,0.0,0.0,0.0,0.0,0.0,0.0,0.0,0.0,0.0,0.0,0.0,0.0,0.0,0.0,0.0,0.0,0.0,0.0,0.0,0.0,0.0,0.0,0.0,0.0,0.0,0.0,0.0,0.0,0.0,0.0,0.0,0.0,0.0,0.0,0.0,0.0,0.0,0.0,0.0,0.0,0.0,0.0,0.0,0.0,0.0,0.0,0.0,0.0,0.0,0.0,0.0,0.0,0.0,0.0,0.0,0.0,0.0,0.0,0.0,0.0,0.0,0.0,0.0,0.0,0.0,0.0,0.0,0.0,0.0,0.0,0.0,0.0,0.0,0.0
dz,0.0,7.383625524479423e-08,1.4152103857362055e-07,2.0314062434306348e-07,2.587860022028624e-07,3.0855330926096855e-07,3.525437076542662e-07,3.908630686635379e-07,4.236216056374455e-07,4.5093351566384425e-07,4.7291665370488696e-07,4.896922468721542e-07,5.013846494131189e-07,5.081211360706818e-07,5.100317305897596e-07,5.072490662504155e-07,4.999082759043665e-07,4.881469098327211e-07,4.7210488070294176e-07,4.519244359168191e-07,4.277501586670006e-07,3.99729000013902e-07,3.6801034518367444e-07,3.3274611791843286e-07,2.9409092675397286e-07,2.522022558464185e-07,2.0724069884877597e-07,1.5937022379723105e-07,1.0875843137324183e-07,5.5576707147776946e-08,0.0,-5.471301783360105e-08,-1.0544945414726275e-07,-1.5225458924808563e-07,-1.9517947286900667e-07,-2.3428170031218585e-07,-2.6962548135481986e-07,-3.01281440355223e-07,-3.293263180844949e-07,-3.538426496953036e-07,-3.749184494862312e-07,-3.9264691358301377e-07,-4.0712614279183303e-07,-4.184588840343149e-07,-4.2675228731071537e-07,-4.3211767480118217e-07,-4.346703188889051e-07,-4.345292262693764e-07,-4.318169257487112e-07,-4.266592577621239e-07,-4.1918516403304817e-07,-4.0952647613666455e-07,-3.978177020320785e-07,-3.8419580989381384e-07,-3.6880000881738515e-07,-3.517715262090898e-07,-3.3325338191220115e-07,-3.133901593878285e-07,-2.923277745790138e-07,-2.702132434651058e-07,-2.471944497891023e-07,-2.2341991504933687e-07,-1.9903857363298716e-07,-1.74199556987291e-07,-1.490519920410869e-07,-1.2374482077832305e-07,-9.842664999225563e-08,-7.324564281970993e-08,-4.8349466411767294e-08,-2.3885312080187407e-08,0.0,2.2524451204768635e-08,4.303282620318333e-08,6.156935927078054e-08,7.817908750498453e-08,9.29079597840223e-08,1.0580285121593359e-07,1.1691154135531966e-07,1.2628267900816666e-07,1.3396574323601587e-07,1.4001100440822958e-07,1.4446948664698935e-07,1.473929319334627e-07,1.4883376572720244e-07,1.4884506384375853e-07,1.4748052037361461e-07,1.447944165309976e-07,1.4084159045756435e-07,1.3567740815777085e-07,1.2935773590452854e-07,1.2193891462476118e-07,1.1347773695450168e-07,1.0403142783870794e-07,9.365762972843148e-08,8.24143935609265e-08,7.036017670993756e-08,5.755384876284955e-08,4.4054704858793224e-08,2.99224832497717e-08,1.5217376152491858e-08,0.0,-6.196649484064373e-08,1.7441643140151154e-08,8.827925413456757e-08,1.5141532176474019e-07,2.0756835744003692e-07,2.5722774468083243e-07,3.0073125102724874e-07,3.383259633786209e-07,3.702061546194965e-07,3.965358365512477e-07,4.17462125369431e-07,4.331232081993396e-07,4.4365313118700164e-07,4.4918469522358513e-07,4.4985120377829447e-07,4.4578749293774857e-07,4.3713048822105656e-07,4.2401941866783435e-07,4.065957413815196e-07,3.850027659232396e-07,3.5938489815576037e-07,3.298863255356571e-07,2.966488091204181e-07,2.5980797973729175e-07,2.1948706637121503e-07,1.7578615481832876e-07,1.2876362559640367e-07,7.840407289179333e-08,2.456444455327387e-08,-3.310230597726924e-08,-9.511835348492676e-08,-1.5563477396066316e-07,-2.0950212046550088e-07,-2.576079878276044e-07,-3.0067748730115717e-07,-3.391955823661666e-07,-3.7348445205665066e-07,-4.037687674140042e-07,-4.302170354060512e-07,-4.5296642027502307e-07,-4.721374609151694e-07,-4.878427765294632e-07,-5.001922067311649e-07,-5.092958263687215e-07,-5.152656850708782e-07,-5.18216776793478e-07,-5.182675424381194e-07,-5.155400890197642e-07,-5.101602375226198e-07,-5.022574686985231e-07,-4.919648101219111e-07,-4.794186920665229e-07,-4.6475879020678403e-07,-4.481278673704549e-07,-4.296716231179621e-07,-4.0953855788354293e-07,-3.878798571728977e-07,-3.6484930039580276e-07,-3.4060319783801493e-07,-3.153003573906529e-07,-2.8910207888245876e-07,-2.621721662652571e-07,-2.346769328531049e-07,-2.0678514531588803e-07,-1.7866779438786493e-07,-1.5049746626532264e-07,-1.2244686006788083e-07,-9.468552676706664e-08,-6.737291441869603e-08,-4.06437721086248e-08,-1.4575410882718956e-08,9.501721007792144e-09,3.1192184294799625e-08,5.065037040660074e-08,6.80148341727269e-08,8.339038040157035e-08,9.685911492664703e-08,1.0848972573808656e-07,1.1834332552324517e-07,1.2647693310564586e-07,1.3294552134705112e-07,1.3780321822047273e-07,1.411040088573264e-07,1.4290214187711225e-07,1.4325235897745868e-07,1.4221001756886588e-07,1.398311470486213e-07,1.3617246125682917e-07,1.3129133743424508e-07,1.2524576210376746e-07,1.1809423390066739e-07,1.0989559945712307e-07,1.0070877669567221e-07,9.059228325169208e-08,7.960342386866638e-08,6.779687752098535e-08,5.5222226462513026e-08,4.191963970700005e-08,2.7912517943154714e-08,1.319666449730806e-08,-2.2639097232159127e-09,-1.232147045230996e-07,-3.552837792211036e-08,4.103665022777615e-08,1.080600262129076e-07,1.6672732318796758e-07,2.1790152492953865e-07,2.6219715166693865e-07,3.0005720164261956e-07,3.3181168916073905e-07,3.5771767218573837e-07,3.7798566570470654e-07,3.9279689273459104e-07,4.023145467513643e-07,4.0669115116001664e-07,4.0607333869510654e-07,4.0060487070377904e-07,3.904283885674009e-07,3.756861702944045e-07,3.565200054877633e-07,3.3307016461215724e-07,3.054732897822803e-07,2.7385883840578094e-07,2.3834341940556416e-07,1.9902190682398457e-07,1.559535021876968e-07,1.0913983628509404e-07,5.849074133442583e-08,3.772049028035615e-09,-5.5468198146312767e-08,-1.1998458210679488e-07,-1.9094474760141439e-07,-2.5971145974132587e-07,-3.1928936503602963e-07,-3.7118145390508927e-07,-4.165533016072688e-07,-4.5625620941276153e-07,-4.90890408944846e-07,-5.208798733910659e-07,-5.465325383799534e-07,-5.68082366561582e-07,-5.857172822165248e-07,-5.995973399286398e-07,-6.098664373239603e-07,-6.16659831549741e-07,-6.201089430999559e-07,-6.203444072250243e-07,-6.174979924076327e-07,-6.117037865159139e-07,-6.030989111963823e-07,-5.918239353781973e-07,-5.780231011356935e-07,-5.618444379664804e-07,-5.434398173980704e-07,-5.229649840142107e-07,-5.005795884227573e-07,-4.7644724029923726e-07,-4.5073559392021524e-07,-4.2361647326060863e-07,-3.9526603740236404e-07,-3.6586497788307856e-07,-3.355987249255505e-07,-3.046576146006102e-07,-2.7323692582945314e-07,-2.415366203857013e-07,-2.0976048480007217e-07,-1.7811413320905835e-07,-1.4680090003426968e-07,-1.1601388461313595e-07,-8.592111173794029e-08,-5.6638504289803246e-08,-2.818474868679079e-08,-2.1150027928198877e-09,2.1178413001180653e-08,4.19510933590304e-08,6.040548480440465e-08,7.669851587926234e-08,9.095125442476819e-08,1.0326013986236025e-07,1.1370576248722257e-07,1.2235889241766016e-07,1.292844295479171e-07,1.345439403071871e-07,1.381972701541327e-07,1.4030355910605874e-07,1.409218714687749e-07,1.401115732017611e-07,1.3793253902121192e-07,1.3444523650329426e-07,1.297107088316233e-07,1.2379045597265856e-07,1.1674619111017307e-07,1.08639420132883e-07,9.953075011905265e-08,8.947876882619666e-08,7.85382379132088e-08,6.675719239774953e-08,5.41723331806135e-08,4.0801901539680394e-08,2.6635424467740996e-08,1.162088235939389e-08,-4.350663859306091e-09,-1.8333485088107653e-07,-8.563936350676361e-08,-1.490358075922846e-09,7.123341037536918e-08,1.3409609484614386e-07,1.8826573659993038e-07,2.346099387834948e-07,2.737730282949864e-07,3.0623926250113274e-07,3.323809195886854e-07,3.524931336913198e-07,3.66818520031019e-07,3.7556437515044946e-07,3.789145856963051e-07,3.770377496258649e-07,3.700925164801276e-07,3.5823078621621606e-07,3.4159913533621557e-07,3.203386267573865e-07,2.945829700758287e-07,2.6445479611828375e-07,2.300595565844973e-07,1.914762130449708e-07,1.4874339244612438e-07,1.0183902231724778e-07,5.06506456890808e-08,-5.0671156487267825e-09,-6.575142992863991e-08,-1.321086795259155e-07,-2.052186817648458e-07,-2.867039449819861e-07,-3.654480698285186e-07,-4.3257875858721466e-07,-4.901074684215426e-07,-5.395327040248254e-07,-5.819824805770255e-07,-6.182942026090779e-07,-6.490857834050762e-07,-6.748172456056069e-07,-6.958390899566229e-07,-7.124277456212812e-07,-7.248106122072408e-07,-7.331833982158014e-07,-7.377219926090908e-07,-7.385905388179357e-07,-7.359469001371544e-07,-7.299463446491957e-07,-7.207440209489458e-07,-7.084966177798445e-07,-6.933634786599715e-07,-6.755073594026402e-07,-6.550949597317265e-07,-6.322973213236803e-07,-6.072901576080335e-07,-5.80254161354395e-07,-5.513753214384484e-07,-5.208452678289701e-07,-4.888616516170259e-07,-4.556285524781839e-07,-4.2135688630069187e-07,-3.8626475642827623e-07,-3.505776461875981e-07,-3.145282770095199e-07,-2.7835583739131196e-07,-2.423040937328719e-07,-2.0661757829584376e-07,-1.7153454423670737e-07,-1.3727460644414225e-07,-1.0401788633913783e-07,-7.187153241818789e-08,-4.0819218173332104e-08,-1.2469203574428806e-08,1.2729661808523782e-08,3.5110298569645066e-08,5.492518192748356e-08,7.237105986603296e-08,8.760265059222346e-08,1.0074376124430713e-07,1.1189655126139879e-07,1.211486074905554e-07,1.2857802812067938e-07,1.3425695163405328e-07,1.3825395427673692e-07,1.406356508490432e-07,1.4146774083526003e-07,1.4081566599247444e-07,1.3874498793246556e-07,1.3532155064930534e-07,1.3061145804424807e-07,1.246808651422455e-07,1.1759554892230551e-07,1.0942018517465407e-07,1.0021720557713856e-07,9.004503749089743e-08,7.895543218541512e-08,6.69894674452958e-08,5.417169441131132e-08,4.050187350385123e-08,2.5943804501206525e-08,1.0410315493161177e-08,-6.260446863087063e-09,-2.4192220456368877e-07,-1.3318974594533357e-07,-4.011847110324157e-08,3.971711295805982e-08,1.0815882057373874e-07,1.66616482511844e-07,2.1616995226943779e-07,2.576455078661432e-07,2.916775378766115e-07,3.1875808617330355e-07,3.392753693384869e-07,3.5354289425326237e-07,3.618210337723537e-07,3.643327338487935e-07,3.6127467630948644e-07,3.528248610481836e-07,3.3914725806516645e-07,3.2039392046243473e-07,2.9670472924650666e-07,2.682047359485607e-07,2.3499885306630123e-07,1.971633875999547e-07,1.5473359421186888e-07,1.0768602778436036e-07,5.591401828235296e-08,-8.058407436844085e-10,-6.285853753435213e-08,-1.3084926570744284e-07,-2.0567983922287557e-07,-2.8865273519712146e-07,-3.8162037281838457e-07,-4.714182874011494e-07,-5.474717795520721e-07,-6.1207857589761e-07,-6.669817374878041e-07,-7.135187077723772e-07,-7.527158582647592e-07,-7.853588847546402e-07,-8.12051388568959e-07,-8.332630076343756e-07,-8.493672488395037e-07,-8.606700861091699e-07,-8.674310108736406e-07,-8.698782606071461e-07,-8.682197125298572e-07,-8.626506196186982e-07,-8.533590794486598e-07,-8.405298930485599e-07,-8.243472924530635e-07,-8.049968835370204e-07,-7.826670546652009e-07,-7.575500323538825e-07,-7.298427150005877e-07,-6.997473789919051e-07,-6.674723236986374e-07,-6.332324995005374e-07,-5.97250143072633e-07,-5.597554238749754e-07,-5.209870819991234e-07,-4.811930063223557e-07,-4.4063065790399263e-07,-3.995671788729202e-07,-3.582789300495799e-07,-3.1705005405106304e-07,-2.76169440310376e-07,-2.3592514285087655e-07,-1.9659483973805736e-07,-1.5843031538742326e-07,-1.2163331600838038e-07,-8.631977098236246e-08,-5.247031533613869e-08,-2.1668606744213077e-08,5.652324450235533e-09,2.9864547488255434e-08,5.125504761025992e-08,7.005021422425579e-08,8.643139112927706e-08,1.0054610830186544e-07,1.125170416106005e-07,1.2244915455998345e-07,1.3043517557078736e-07,1.3655964755024305e-07,1.4090183722364295e-07,1.4353777325436968e-07,1.445416328281757e-07,1.4398664147204704e-07,1.4194560082102e-07,1.3849111585534942e-07,1.3369555511131324e-07,1.2763074142028798e-07,1.2036733315347006e-07,1.1197381289707269e-07,1.0251494826604357e-07,9.204952578777286e-08,8.062708489320122e-08,6.828330457584691e-08,5.503364021131984e-08,4.086475854724136e-08,2.5723132097064633e-08,9.49938033114292e-09,-7.993952982862858e-09,-2.9857746113333486e-07,-1.782115914166388e-07,-7.528637305215069e-08,1.2742867046894354e-08,8.788831477528498e-08,1.5173618596596393e-07,2.055342444902054e-07,2.502615824390228e-07,2.8668600208855447e-07,3.154116458922336e-07,3.3691792750832133e-07,3.515906029275317e-07,3.597459902170694e-07,3.6164939571665244e-07,3.57528693703467e-07,3.475838148550394e-07,3.3199268817154085e-07,3.109139796333919e-07,2.8448678357127423e-07,2.528272413304253e-07,2.1602187298073761e-07,1.7411719819112102e-07,1.2710498515714803e-07,7.49022102752311e-08,1.7324570478045665e-08,-4.594777919047713e-08,-1.1541369244391202e-07,-1.9180547068541146e-07,-2.761571099557118e-07,-3.698904188471378e-07,-4.749178667804229e-07,-5.764270001408294e-07,-6.623860205949667e-07,-7.351936503127111e-07,-7.967356633284161e-07,-8.484967295876589e-07,-8.916469907972859e-07,-9.271087713890403e-07,-9.556109954633918e-07,-9.77734511190699e-07,-9.939491770033925e-07,-1.0046433368591787e-06,-1.0101466292927332e-06,-1.0107472797011497e-06,-1.0067050172941124e-06,-9.98260625090074e-07,-9.856429547735678e-07,-9.690740649228192e-07,-9.487729910358805e-07,-9.249585339848602e-07,-8.97851358168755e-07,-8.676756173363661e-07,-8.346602699622593e-07,-7.990402026816624e-07,-7.610572456873568e-07,-7.209611347089547e-07,-6.790104470545061e-07,-6.354735110151886e-07,-5.90629255192604e-07,-5.447679227229645e-07,-4.981915193903372e-07,-4.5121378680883684e-07,-4.0415938227837867e-07,-3.573617928352757e-07,-3.1115929772067573e-07,-2.658880084210547e-07,-2.2187065900010392e-07,-1.7939943611338084e-07,-1.3871085719963234e-07,-9.995087573683227e-08,-6.312980476038464e-08,-2.9778287233468948e-08,-1.8769317894405403e-10,2.60225247314508e-08,4.9156701904523074e-08,6.9460601890351e-08,8.713516527412343e-08,1.0234697852754016e-07,1.1523660273434044e-07,1.2592531906434957e-07,1.345205077390545e-07,1.4111981417950274e-07,1.458142788336833e-07,1.4869061742228995e-07,1.4983282266858693e-07,1.4932322781854243e-07,1.472431361842805e-07,1.4367308446288459e-07,1.3869277197144374e-07,1.3238065238547406e-07,1.2481314739016368e-07,1.1606340095186898e-07,1.0619944761038804e-07,9.528161890510513e-08,8.335896254667711e-08,7.046440553492193e-08,5.660835302496813e-08,4.177034831875275e-08,2.588825355185099e-08,8.844244462929798e-09,-9.55242518612165e-09,-3.5290653752997034e-07,-2.2056577426593435e-07,-1.0715150366200556e-07,-1.0116251441538999e-08,7.263279912699324e-08,1.4279546079434438e-07,2.0174236203564018e-07,2.505726416312314e-07,2.901644658379092e-07,3.212188418068667e-07,3.442970342106699e-07,3.5985181577861916e-07,3.682529070330187e-07,3.698070890986164e-07,3.6477350850376196e-07,3.533746416685132e-07,3.3580328604361186e-07,3.122258236481227e-07,2.827818758149319e-07,2.4758033916021677e-07,2.0669166080184537e-07,1.6013607477606186e-07,1.078673866011135e-07,4.975177548891468e-08,-1.4458989258142772e-08,-8.516053109291461e-08,-1.6293564315306732e-07,-2.4860146246087057e-07,-3.4326444942073864e-07,-4.4838162266975933e-07,-5.658195544979667e-07,-6.794442553720285e-07,-7.760022891838819e-07,-8.578711267289769e-07,-9.269899001478388e-07,-9.849300784734424e-07,-1.0329624309533034e-06,-1.07211430655369e-06,-1.1032180955054118e-06,-1.1269524155554654e-06,-1.143876783258526e-06,-1.1544601928960335e-06,-1.1591041246808082e-06,-1.1581606826455618e-06,-1.1519466546803582e-06,-1.1407542756061239e-06,-1.124859396840374e-06,-1.1045276610708078e-06,-1.0800191721622321e-06,-1.051592051945406e-06,-1.019505191322347e-06,-9.840204336271135e-07,-9.454043716308789e-07,-9.039298933285548e-07,-8.598775727776499e-07,-8.135369678201821e-07,-7.652078535085373e-07,-7.152013853226762e-07,-6.638411463038868e-07,-6.114639829427706e-07,-5.584204711080433e-07,-5.050747695359507e-07,-4.5180350754476535e-07,-3.9899320868819785e-07,-3.47035568180597e-07,-2.9631968169479117e-07,-2.472200878203574e-07,-2.0007929443967107e-07,-1.5518344552727845e-07,-1.1273023269020457e-07,-7.27896837909001e-08,-3.683472412420243e-08,-4.8783398105222576e-09,2.3448873747460796e-08,4.845396238495673e-08,7.039215106916918e-08,8.947704856651556e-08,1.0588938492002864e-07,1.1978430793711994e-07,1.312974559608726e-07,1.40549944897146e-07,1.4765236436592573e-07,1.5270788432027186e-07,1.5581458870408164e-07,1.5706715499064417e-07,1.5655798608848696e-07,1.5437787904554842e-07,1.5061628777674317e-07,1.4536120724870887e-07,1.3869867512711548e-07,1.30711853865934e-07,1.2147962156144174e-07,1.1107456423026315e-07,9.956022744777759e-08,8.698745470182232e-08,7.338961538646679e-08,5.8776503627781064e-08,4.312666274853182e-08,2.6377894500103312e-08,8.415953908771715e-09,-1.093762939132444e-08,-4.04520188161145e-07,-2.6001172700756107e-07,-1.3567858165453258e-07,-2.9034466159057958e-08,6.203007021839038e-08,1.3927495861768143e-07,2.0415125730150455e-07,2.5784473901825125e-07,3.0131798691243924e-07,3.353492568619313e-07,3.605673092736229e-07,3.7748176917344093e-07,3.8650881416199354e-07,3.879921820238738e-07,3.822196128417995e-07,3.694348906985309e-07,3.49845645234254e-07,3.236270354798667e-07,2.909213843300193e-07,2.518337721999128e-07,2.06423539535897e-07,1.5469159676460275e-07,9.656340757725815e-08,3.186751331331681e-08,-3.9690478511644693e-08,-1.185583953627616e-07,-2.053722315418752e-07,-3.0099443835390064e-07,-4.065540471863308e-07,-5.234842651849677e-07,-6.535478048042226e-07,-7.795433034385685e-07,-8.8719032493454e-07,-9.787735815147845e-07,-1.0562192527353401e-06,-1.1211330749913742e-06,-1.1748463890204683e-06,-1.218461050618604e-06,-1.2528902093592233e-06,-1.2788943470458296e-06,-1.2971125451082994e-06,-1.308089061042415e-06,-1.3122954254290804e-06,-1.3101484370258976e-06,-1.3020245597243898e-06,-1.2882712807084137e-06,-1.269215982241517e-06,-1.2451728326912645e-06,-1.2164481364878057e-06,-1.1833445120405414e-06,-1.1461641993173354e-06,-1.105211738453407e-06,-1.0607962082058314e-06,-1.013233167475022e-06,-9.628464027551901e-07,-9.099695470350371e-07,-8.549475988119256e-07,-7.981383306907708e-07,-7.399135323823987e-07,-6.806599793059929e-07,-6.207799516051867e-07,-5.60691045233812e-07,-5.008249133324935e-07,-4.4162445067944425e-07,-3.835387892901066e-07,-3.270153212981086e-07,-2.7248783523166823e-07,-2.2035980336882546e-07,-1.7098200395142957e-07,-1.2462421998949785e-07,-8.144218361643754e-08,-4.285700898879866e-08,-8.475296752040882e-09,2.2050209248680406e-08,4.9018710313222266e-08,7.268642990223301e-08,9.327322245217917e-08,1.1096915080467816e-07,1.2594045088701848e-07,1.3833472961034666e-07,1.4828537371539567e-07,1.5591518488482116e-07,1.6133928133373897e-07,1.646673275378542e-07,1.6600516557874585e-07,1.6545592113115167e-07,1.631206462173888e-07,1.5909854270456973e-07,1.5348678783888676e-07,1.4637995772426142e-07,1.3786901779875126e-07,1.2803982219596747e-07,1.1697103798734017e-07,1.0473138796718084e-07,9.137608952865703e-08,7.69423596973373e-08,6.144386116432594e-08,4.486399794927712e-08,2.7148093725837947e-08,8.194840267648488e-09,-1.2151801710107348e-08,-4.5303359111146867e-07,-2.9624980982229013e-07,-1.6070516062792488e-07,-4.4003981824539715e-08,5.593887533787239e-08,1.4090213734639544e-07,2.123801370646714e-07,2.7161336412976085e-07,3.1962205266411653e-07,3.572397596280553e-07,3.851451787311687e-07,4.038910988200777e-07,4.139298058953201e-07,4.156344963288335e-07,4.0931645784691704e-07,3.9523789855620025e-07,3.7362037704606406e-07,3.446488251978751e-07,3.084711754666474e-07,2.6519361882926225e-07,2.1487153891471187e-07,1.574962023251259e-07,9.297734669615521e-08,2.11219109491962e-08,-5.839068663842033e-08,-1.4603607270018046e-07,-2.4247421236792767e-07,-3.485787704411426e-07,-4.654635893016921e-07,-5.945011131530099e-07,-7.373242059505203e-07,-8.758599000066494e-07,-9.949475557575137e-07,-1.0967418602853138e-06,-1.183111652961461e-06,-1.2556556829996986e-06,-1.3157311316868079e-06,-1.364486297474387e-06,-1.4028930709950945e-06,-1.4317772283144144e-06,-1.4518456953243504e-06,-1.463710433776399e-06,-1.4679088752986887e-06,-1.464921032246671e-06,-1.455183564003009e-06,-1.439101169009317e-06,-1.4170557100724855e-06,-1.3894134762480982e-06,-1.3565309540262658e-06,-1.3187594363549977e-06,-1.2764487490626003e-06,-1.2299503257011715e-06,-1.1796198161971425e-06,-1.1258193725434663e-06,-1.0689197154574375e-06,-1.0093020480334204e-06,-9.473598440047813e-07,-8.835004970054443e-07,-8.181467706535478e-07,-7.517379347094427e-07,-6.847304074290457e-07,-6.175976465253064e-07,-5.508289402229875e-07,-4.84926647921762e-07,-4.2040133433313356e-07,-3.577641476904835e-07,-2.975157416822775e-07,-2.401310834656679e-07,-1.8603971325448566e-07,-1.3560158120658537e-07,-8.907981668732041e-08,-4.785394477626026e-08,-1.1012806314548028e-08,2.176340287919564e-08,5.0759230077808425e-08,7.622540582498033e-08,9.838253304014635e-08,1.1742559635133677e-07,1.3352851238349743e-07,1.4684834688645108e-07,1.5752903219240323e-07,1.657045176096485e-07,1.7150133812098738e-07,1.7504061944598723e-07,1.764395567495935e-07,1.758124115818858e-07,1.7327106876396194e-07,1.6892518434590043e-07,1.628819399393507e-07,1.5524539980659277e-07,1.4611544689563505e-07,1.3558625432263056e-07,1.2374423164487796e-07,1.1066537308139541e-07,9.641193063248282e-08,8.102834318681935e-08,6.453638233735475e-08,4.6929549100919214e-08,2.8166919137960075e-08,8.166959532724989e-09,-1.3197584786442419e-08,-4.980659670819933e-07,-3.2894618308995915e-07,-1.8198567382800256e-07,-5.4887696745625485e-08,5.438502641390104e-08,1.4760013119040747e-07,2.2626440430309131e-07,2.916439426512079e-07,3.447903702997078e-07,3.8656958237814994e-07,4.176906717036584e-07,4.387334372065711e-07,4.50173350130139e-07,4.5240318331818725e-07,4.457507495227044e-07,4.3049237357904614e-07,4.068618574968922e-07,3.750548020406238e-07,3.3522823743847103e-07,2.8749560232907916e-07,2.3191720548010238e-07,1.684864200929705e-07,9.711200674265179e-08,1.7597150546044194e-08,-7.038395289492305e-08,-1.673107927061054e-07,-2.7384087272772074e-07,-3.9083131467793813e-07,-5.193542889030257e-07,-6.607013017640544e-07,-8.163695589695741e-07,-9.675673008969306e-07,-1.0983556405334302e-06,-1.2107431627988215e-06,-1.306514019174448e-06,-1.3872298967976e-06,-1.4542456305613085e-06,-1.508731510423815e-06,-1.5516979359678592e-06,-1.5840199237908532e-06,-1.606460114312975e-06,-1.619689576155965e-06,-1.6243060904736296e-06,-1.6208498481712703e-06,-1.6098166656167832e-06,-1.5916689377132007e-06,-1.5668446105699096e-06,-1.535764479786835e-06,-1.4988381158839124e-06,-1.4564686960556167e-06,-1.4090569893209841e-06,-1.3570047058073616e-06,-1.3007173835917048e-06,-1.2406069496810333e-06,-1.1770940555062039e-06,-1.1106102509962265e-06,-1.0416000235671484e-06,-9.70522687498608e-07,-8.978540633145174e-07,-8.240878341281986e-07,-7.497364050672591e-07,-6.753310224306053e-07,-6.014208325423733e-07,-5.285704808494962e-07,-4.5735577903025946e-07,-3.883569182725056e-07,-3.221487069604111e-07,-2.592874011956214e-07,-2.0029393927611813e-07,-1.4563389521334236e-07,-9.569546801272406e-08,-5.1828380916422477e-08,-1.2511219614975565e-08,2.2546516241579816e-08,5.361075154089718e-08,8.092213072262346e-08,1.0469762958598126e-07,1.25133359426165e-07,1.4240781174239914e-07,1.566850944033283e-07,1.6811791084092604e-07,1.7685015394043784e-07,1.8301905694478777e-07,1.8675688633158915e-07,1.8819218685139216e-07,1.8745060144194342e-07,1.8465529135395212e-07,1.7992697696364346e-07,1.7338360973043574e-07,1.65139672736147e-07,1.5530509322160652e-07,1.4398373750798308e-07,1.3127144882381934e-07,1.1725358443583674e-07,1.0200201353297078e-07,8.557155695262722e-08,6.799589385851483e-08,4.928304621009145e-08,2.9410705404162002e-08,8.321918325687591e-09,-1.4077960791277256e-08,-5.392402544527742e-07,-3.5774732790796233e-07,-1.9921998016190515e-07,-6.14565704531451e-08,5.752057859407201e-08,1.5944727842784962e-07,2.458179033097096e-07,3.178982729086827e-07,3.767463318491613e-07,4.2323711301776623e-07,4.580893855426285e-07,4.818920586648382e-07,4.951288943343921e-07,4.982004367297349e-07,4.914423404528324e-07,4.7513949796303515e-07,4.49535548655935e-07,4.1483751118982294e-07,3.712154302809563e-07,3.187970813500869e-07,2.5765794214974954e-07,1.8780682980526133e-07,1.0916782376577548e-07,2.1559359371643805e-08,-7.532830501192823e-08,-1.8195565311966734e-07,-2.9895441903186554e-07,-4.27143311733568e-07,-5.675354296969021e-07,-7.213329438556152e-07,-8.89903882454845e-07,-1.0538611395468728e-06,-1.1965512111048782e-06,-1.3198327139804485e-06,-1.4253896938986532e-06,-1.5147260805174402e-06,-1.589172677010447e-06,-1.6499014985985118e-06,-1.6979437448507897e-06,-1.7342089502893068e-06,-1.7595037905708014e-06,-1.7745496512048313e-06,-1.7799984778063523e-06,-1.776446700888082e-06,-1.7644472143718258e-06,-1.744519511484523e-06,-1.7171581588292881e-06,-1.6828398296803879e-06,-1.6420291303743347e-06,-1.5951834475035913e-06,-1.5427570253982403e-06,-1.4852044582200404e-06,-1.4229837522423775e-06,-1.3565590833818155e-06,-1.2864033434321177e-06,-1.2130005355104475e-06,-1.1368480441465232e-06,-1.0584587670719996e-06,-9.783630528389277e-07,-8.971103398400578e-07,-8.152703376216065e-07,-7.334335311969635e-07,-6.522107259052944e-07,-5.722312896247575e-07,-4.941397003617764e-07,-4.18589985318694e-07,-3.4623766410185143e-07,-2.77728913754384e-07,-2.1368689967370293e-07,-1.5469563693825016e-07,-1.0128252405891947e-07,-5.477987173215163e-08,-1.2982068827930447e-08,2.43721453242455e-08,5.7528040537124156e-08,8.67131364105544e-08,1.1213750078409532e-07,1.3399529046346376e-07,1.5246690464041361e-07,1.6772132115387258e-07,1.7991834650564417e-07,1.892106232308894e-07,1.957453119388923e-07,1.9966541197946064e-07,2.0111071302785806e-07,2.0021838531475963e-07,1.9712322218776168e-07,1.9195754776211416e-07,1.848507968367491e-07,1.7592876606613862e-07,1.6531252653170245e-07,1.5311698029413517e-07,1.394490393365637e-07,1.2440540704815181e-07,1.0806995342265839e-07,9.051070044702704e-08,7.177648127528104e-08,5.189341617718517e-08,3.0861471981382136e-08,8.651551656975785e-09,-1.4796184604991539e-08,-5.761828467109598e-07,-3.8228853855489595e-07,-2.1207159926099996e-07,-6.341537702825836e-08,6.559387082793755e-08,1.7664593493275446e-07,2.71202696648753e-07,3.505067357147741e-07,4.155985698629871e-07,4.6733926102202595e-07,5.06435752455572e-07,5.334668344364649e-07,5.489080668576648e-07,5.531543342200828e-07,5.46538994422637e-07,5.29348826643067e-07,5.018342003596216e-07,4.6421409017221907e-07,4.1667576156181654e-07,3.593691623176044e-07,2.923962831273538e-07,2.157960071951224e-07,1.295252592798022e-07,3.343759417746184e-08,-7.273926231584588e-08,-1.894249858526903e-07,-3.172049324229366e-07,-4.568421982451625e-07,-6.09280009987223e-07,-7.756305733990283e-07,-9.571464298714716e-07,-1.1339502978248243e-06,-1.2887065612353134e-06,-1.4231263887333048e-06,-1.5387860428528662e-06,-1.6371181416210276e-06,-1.7194134768648886e-06,-1.786829705426574e-06,-1.8404040023063791e-06,-1.8810675533485748e-06,-1.9096604436059787e-06,-1.9269460186296093e-06,-1.9336241712289125e-06,-1.9303432693367203e-06,-1.917710623188088e-06,-1.8963015144457377e-06,-1.866666890782435e-06,-1.8293398770742957e-06,-1.784841277007301e-06,-1.7336842435001263e-06,-1.6763782885994365e-06,-1.6134327877755757e-06,-1.5453601128715224e-06,-1.4726785041747684e-06,-1.3959147660393676e-06,-1.315606842274754e-06,-1.2323062967053866e-06,-1.1465806901582147e-06,-1.0590158068662673e-06,-9.70217640330772e-07,-8.808140011040445e-07,-7.914555578680548e-07,-7.028160714175494e-07,-6.155915339816124e-07,-5.304978922182202e-07,-4.482670235589326e-07,-3.696406690432678e-07,-2.953621227944691e-07,-2.2616566728421277e-07,-1.62764070696413e-07,-1.0583503243249341e-07,-5.670634217521384e-08,-1.243144996144868e-08,2.7222649835718178e-08,6.247974342950781e-08,9.355233838448402e-08,1.2064125834280084e-07,1.4393633483509502e-07,1.6361771366132446e-07,1.7985741435252234e-07,1.928208972424185e-07,2.026684846316227e-07,2.0955654824198265e-07,2.1363841907015972e-07,2.1506500333825963e-07,2.1398510399768556e-07,2.105454544973621e-07,2.0489047282202046e-07,1.9716174123851541e-07,1.8749721261498917e-07,1.760301393322283e-07,1.6288771740827187e-07,1.4818943835225843e-07,1.3204514662487184e-07,1.1455281419612129e-07,9.579606925925555e-08,7.584155837994684e-08,5.4736285356847506e-08,3.250516020435686e-08,9.149111837773167e-09,-1.5355718751051778e-08,-6.085233908965462e-07,-4.021989092578194e-07,-2.201793033856547e-07,-6.04201807884208e-08,7.892802345090427e-08,1.9949902337893724e-07,3.027054554163398e-07,3.8974587162545734e-07,4.616206411819832e-07,5.191537991443805e-07,5.630182773688848e-07,5.93762342278447e-07,6.118354207191227e-07,6.176118118009091e-07,6.114110641347109e-07,5.935140532616165e-07,5.641740337009591e-07,5.23622174825827e-07,4.720673307805669e-07,4.096900525309874e-07,3.3663113418351207e-07,2.529753028679458e-07,1.5873101540802575e-07,5.3807715371211587e-08,-6.200767399085095e-08,-1.8907280245648817e-07,-3.279078280794189e-07,-4.792061608216463e-07,-6.438346277887057e-07,-8.228195735919584e-07,-1.0173157228054759e-06,-1.2070513865098333e-06,-1.37401697152035e-06,-1.5197814446520456e-06,-1.6458102463542587e-06,-1.7534562089409168e-06,-1.8439587687334547e-06,-1.9184489574635406e-06,-1.977958039008778e-06,-2.023428120634663e-06,-2.0557235224869263e-06,-2.0756420769945694e-06,-2.0839258329313896e-06,-2.0812708635114162e-06,-2.068336039119548e-06,-2.0457507378829335e-06,-2.014121542957542e-06,-1.9740380229671597e-06,-1.926077718375053e-06,-1.8708104672553623e-06,-1.8088022034453176e-06,-1.7406183518638257e-06,-1.6668269323593026e-06,-1.5880014663845143e-06,-1.5047237609103624e-06,-1.4175866214995706e-06,-1.3271965211550049e-06,-1.234176222983444e-06,-1.1391673223890125e-06,-1.0428326381557863e-06,-9.458583416355723e-07,-8.489556704579101e-07,-7.528620302176009e-07,-6.583412488436459e-07,-5.661827205737108e-07,-4.771991691520727e-07,-3.9222278535764605e-07,-3.1209956723364087e-07,-2.3768183066528682e-07,-1.6981908971093317e-07,-1.0934788613349655e-07,-5.760516858796987e-08,-1.086229863814912e-08,3.108675032509354e-08,6.844411772992471e-08,1.0140620102580108e-07,1.3016299837336526e-07,1.5489829260640753e-07,1.7579033561369171e-07,1.9301276073874634e-07,2.0673552856950518e-07,2.171257792650567e-07,2.2434851622271536e-07,2.2856708183999597e-07,2.299434092314708e-07,2.2863804721694292e-07,2.248099624708432e-07,2.1861612465074977e-07,2.1021087943587147e-07,1.9974511226937808e-07,1.8736520362399682e-07,1.732117761566383e-07,1.5741823659656702e-07,1.4010912221058956e-07,1.2139827509579766e-07,1.0138688958232272e-07,8.016151100731915e-08,5.7792109899462656e-08,3.433041507655991e-08,9.808763849339715e-09,-1.576017063345738e-08,-6.358946425181266e-07,-4.1710428040495026e-07,-2.2316448935967287e-07,-5.20901015509682e-08,9.790573676295487e-08,2.2839274513756705e-07,3.407194281026032e-07,4.3602073737052973e-07,5.152346216105449e-07,5.791247692606099e-07,6.283070761549726e-07,6.632776384998221e-07,6.844403542246791e-07,6.921324938300019e-07,6.866468684460955e-07,6.68249478768518e-07,6.371917797612606e-07,5.937169515735438e-07,5.380598376534192e-07,4.704405073481986e-07,3.9105173167790046e-07,3.0004103360908257e-07,1.9748838930600662e-07,8.338110915373853e-08,-4.2412096880065644e-08,-1.8016538991365511e-07,-3.303154922562703e-07,-4.93473535869817e-07,-6.704256321965087e-07,-8.6211882396043e-07,-1.0696296046528211e-06,-1.2723854058480578e-06,-1.4516923699820167e-06,-1.608982992320125e-06,-1.7456113245692731e-06,-1.86284535590162e-06,-1.9618654114342113e-06,-2.0437669317492517e-06,-2.109566182117902e-06,-2.1602076968326593e-06,-2.196572544996476e-06,-2.2194867650374493e-06,-2.229729533002222e-06,-2.228040799237165e-06,-2.2151282541249314e-06,-2.191673574068002e-06,-2.158337961649777e-06,-2.115767035297721e-06,-2.064595148945724e-06,-2.005449235214215e-06,-1.938952269715332e-06,-1.8657264517208857e-06,-1.7863961893917722e-06,-1.701590967228748e-06,-1.611948159995621e-06,-1.518115841281203e-06,-1.420755615982105e-06,-1.320545483994513e-06,-1.218182716954355e-06,-1.1143867007546266e-06,-1.0099016639408042e-06,-9.054991766923313e-07,-8.019802686134833e-07,-7.001769789328995e-07,-6.009531245484784e-07,-5.052040561948337e-07,-4.1385517940575494e-07,-3.278590551295851e-07,-2.481909760120159e-07,-1.7584305001994513e-07,-1.118170270915055e-07,-5.74739147145368e-08,-8.275954927344873e-09,3.595707580961259e-08,7.540579635507228e-08,1.1024989764814575e-07,1.4066754754197728e-07,1.6683532043833552e-07,1.8892843852367622e-07,2.0712114782167632e-07,2.2158710057992249e-07,2.3249966012750652e-07,2.4003207936376834e-07,2.4435752862935276e-07,2.4564896433689516e-07,2.440788385654681e-07,2.398186539396999e-07,2.330383692826644e-07,2.2390566118091463e-07,2.125850459031663e-07,1.9923686607101362e-07,1.8401614798756286e-07,1.6707133944448804e-07,1.4854294501730358e-07,1.2856208722259092e-07,1.0724903831624208e-07,8.471178958871592e-08,6.104475286988144e-08,3.632772231645716e-08,1.062526494485968e-08,-1.601323209932902e-08,-6.579323712001604e-07,-4.266290020779414e-07,-2.2063589282912587e-07,-3.801521506717487e-08,1.2295865081093093e-07,2.637840360489207e-07,3.8573094644525165e-07,4.898513513820664e-07,5.769982235415293e-07,6.478508162952402e-07,7.029437829012742e-07,7.426979229071327e-07,7.674505641913701e-07,7.774838313205319e-07,7.730492984787919e-07,7.543877735676272e-07,7.217432122207504e-07,6.753700247938676e-07,6.155333272961963e-07,5.42502010947685e-07,4.5653487526763454e-07,3.578604930664966e-07,2.4665195265401255e-07,1.229981440299913e-07,-1.3126199134053482e-08,-1.6188895681581505e-07,-3.236243654001947e-07,-4.988484965737945e-07,-6.882628056050068e-07,-8.927422780025491e-07,-1.1133053198026282e-06,-1.3291757287483809e-06,-1.5209517916342598e-06,-1.689934409794942e-06,-1.8373667091302722e-06,-1.9644289636811995e-06,-2.072237344307652e-06,-2.161845520383266e-06,-2.2342482490963984e-06,-2.2903862196393195e-06,-2.3311515717261008e-06,-2.3573936576395495e-06,-2.3699247484328744e-06,-2.3695254915686257e-06,-2.356950009402011e-06,-2.332930588885225e-06,-2.2981819568108804e-06,-2.253405165572678e-06,-2.199291134860609e-06,-2.1365239073335156e-06,-2.065783682991661e-06,-1.9877496991186376e-06,-1.903103021290943e-06,-1.812529306719274e-06,-1.7167215944270156e-06,-1.6163831675582279e-06,-1.5122305213028437e-06,-1.404996455256821e-06,-1.2954332911710273e-06,-1.184316195691802e-06,-1.0724465627064958e-06,-9.606553813891701e-07,-8.49806484518588e-07,-7.407995382667894e-07,-6.345726015070939e-07,-5.321040531406573e-07,-4.3441366497554456e-07,-3.42562591726689e-07,-2.576520648366107e-07,-1.8082061286883163e-07,-1.1323966462385361e-07,-5.6310865263914145e-08,-4.6732792177337196e-09,4.18283497146446e-08,8.335328549830676e-08,1.200642104091759e-07,1.5212689163480683e-07,1.7971002196421623e-07,2.0298513729557845e-07,2.2212653151786626e-07,2.3731111505278365e-07,2.487181866909246e-07,2.565291057511823e-07,2.6092686271736284e-07,2.6209555248245674e-07,2.6021975670759253e-07,2.5548384204806046e-07,2.4807118031855667e-07,2.3816329599162724e-07,2.2593894644420577e-07,2.1157314160679357e-07,1.952361125039378e-07,1.7709224284823117e-07,1.5729898446973658e-07,1.36005785866515e-07,1.1335307326617282e-07,8.947133472771965e-08,6.448036919964541e-08,3.84887736570076e-08,1.1593754725192468e-08,-1.6118621067778027e-08,-6.742753110324942e-07,-4.3039702275306654e-07,-2.1219264373267244e-07,-1.776187035840577e-08,1.54559946314645e-07,3.0619158628012274e-07,4.383095146787719e-07,5.518625171623079e-07,6.47594948190364e-07,7.260761535079425e-07,7.877336891439963e-07,8.328880908680207e-07,8.617871342807882e-07,8.746377422433264e-07,8.71633925401375e-07,8.529793759613082e-07,8.189035770088823e-07,7.696705492007872e-07,7.055796476549115e-07,6.269581598388624e-07,5.341458542035283e-07,4.274720985896932e-07,3.072267084508463e-07,1.736262874922965e-07,2.677846184052064e-08,-1.333529611459633e-07,-3.069783222211607e-07,-4.945039432519079e-07,-6.965413377002555e-07,-9.13899878871494e-07,-1.1475596237227893e-06,-1.3766468869289666e-06,-1.5810196182374737e-06,-1.761850391794104e-06,-1.920271997648038e-06,-2.0573754735255495e-06,-2.1742098597276654e-06,-2.271783238128086e-06,-2.3510647065162174e-06,-2.4129869956929284e-06,-2.458449489920013e-06,-2.4883214636946017e-06,-2.5034453958066588e-06,-2.504640262762608e-06,-2.492704747398294e-06,-2.468420325580757e-06,-2.432554215458288e-06,-2.385862190851495e-06,-2.329091273939569e-06,-2.262982333002731e-06,-2.1882726190678047e-06,-2.1056982811719088e-06,-2.015996903804714e-06,-1.9199101120121345e-06,-1.8181862896415806e-06,-1.7115834541775559e-06,-1.6008723273513076e-06,-1.4868396339122058e-06,-1.370291651241787e-06,-1.2520580194185735e-06,-1.132995804362343e-06,-1.0139937851494327e-06,-8.959769097017994e-07,-7.799108299007947e-07,-6.668063869197828e-07,-5.577238699007086e-07,-4.5377681693710386e-07,-3.561350690934064e-07,-2.6602672753078784e-07,-1.8473859069546817e-07,-1.1361450525551382e-07,-5.411544268014245e-08,-5.549291600146137e-11,4.8695985323229705e-08,9.227695224893828e-08,1.3083294101830966e-07,1.6451708783359913e-07,1.9348996339763477e-07,2.1791922016382738e-07,2.379790756590807e-07,2.5384965863670804e-07,2.657162476160092e-07,2.737684302905643e-07,2.7819920847653097e-07,2.7920406810922506e-07,2.7698002848595676e-07,2.717246803945281e-07,2.636352195575802e-07,2.529074803146964e-07,2.397349748190746e-07,2.243079452480225e-07,2.068124404600615e-07,1.8742943381609662e-07,1.663340048919869e-07,1.4369461358292507e-07,1.196724993232464e-07,9.442123925649807e-08,6.808649574973808e-08,4.0805975262575334e-08,1.2709610191209488e-08,-1.608002482402919e-08,-6.845651496816669e-07,-4.2803260626956763e-07,-1.9742629697358785e-07,9.123709540338564e-09,1.9321923080376755e-07,3.56189503209712e-07,4.991006719442757e-07,6.22776354091115e-07,7.278267401725775e-07,8.146837494031484e-07,8.836398096698473e-07,9.348879563618091e-07,9.685611217770666e-07,9.847686921667889e-07,9.836286228315406e-07,9.652936157861407e-07,9.299700838914612e-07,8.779288636020684e-07,8.095069147690974e-07,7.250995814854333e-07,6.251434024816864e-07,5.100899676644489e-07,3.803719245398781e-07,2.363629364235879e-07,7.833415682897063e-08,-9.358943907511572e-08,-2.794688119507014e-07,-4.795821041734295e-07,-6.944425109342085e-07,-9.247980366005214e-07,-1.1716089297040674e-06,-1.4140238377034756e-06,-1.6311229123620698e-06,-1.8239516772182217e-06,-1.993532809022206e-06,-2.140867451641324e-06,-2.2669362041969503e-06,-2.3726998264245606e-06,-2.4590997986600794e-06,-2.527058870820559e-06,-2.5774817007768457e-06,-2.6112556438483006e-06,-2.629251721919648e-06,-2.63232577607878e-06,-2.6213197908397694e-06,-2.597063369861033e-06,-2.5603753411279442e-06,-2.5120654723397603e-06,-2.4529362833181933e-06,-2.3837849503971778e-06,-2.3054053069157607e-06,-2.2185899532921587e-06,-2.124132499084617e-06,-2.0228299674923242e-06,-1.9154853995825975e-06,-1.8029107008715132e-06,-1.6859297764579355e-06,-1.5653820023853208e-06,-1.442126079844727e-06,-1.3170443146215118e-06,-1.1910473559245295e-06,-1.0650794150523917e-06,-9.401239631598224e-07,-8.172098756164069e-07,-6.974179439431318e-07,-5.818876101890957e-07,-4.7182368827604347e-07,-3.6850271900239923e-07,-2.732784559884198e-07,-1.8758577919091997e-07,-1.1294199097291681e-07,-5.0888560573926005e-08,5.5751368784299496e-09,5.6554919587989536e-08,1.0216730303579919e-07,1.425406291329501e-07,1.778154706099259e-07,2.081444473793058e-07,2.336915867807077e-07,2.546313534576123e-07,2.7114746085319483e-07,2.834315571268809e-07,2.9168185727731307e-07,2.9610177326085405e-07,2.968985766656359e-07,2.9428211489492224e-07,2.8846359209328123e-07,2.796544201239175e-07,2.6806514248524723e-07,2.539044347313019e-07,2.3737818822676728e-07,2.186886892742701e-07,1.9803391190928074e-07,1.7560694869471733e-07,1.515956078770228e-07,1.261822049576571e-07,9.95435694281539e-08,7.185127075499677e-08,4.327204088324067e-08,1.3968336592567773e-08,-1.5901044516322147e-08,-6.884465505611639e-07,-4.1916085576713723e-07,-1.7592222830615893e-07,4.311298578441137e-08,2.3947906095820735e-07,4.144029494000988e-07,5.688209893674325e-07,7.034069478827125e-07,8.186086091337806e-07,9.14690246547166e-07,9.917784236110084e-07,1.0499087308275893e-06,1.0890712678348413e-06,1.1092528906303822e-06,1.1104744439410218e-06,1.0928213837620172e-06,1.0564663749601616e-06,1.00168264435569e-06,9.288471081918045e-07,8.384326040948057e-07,7.309889697088958e-07,6.07113245908875e-07,4.6740995494367784e-07,3.1244321138414417e-07,1.4268334356910104e-07,-4.154831591847765e-08,-2.401318569338345e-07,-4.531930156252314e-07,-6.811332663761881e-07,-9.246397690473929e-07,-1.1846694984785363e-06,-1.4405315013581038e-06,-1.6704893620502154e-06,-1.8754607318512817e-06,-2.0563578639217036e-06,-2.2140920367147955e-06,-2.3495756056411695e-06,-2.4637222341768615e-06,-2.5574459392978042e-06,-2.6316595128944132e-06,-2.6872727531993406e-06,-2.7251908079686368e-06,-2.746312816597917e-06,-2.751530949140835e-06,-2.7417298763010998e-06,-2.7177866626094243e-06,-2.6805710509509415e-06,-2.6309460962305963e-06,-2.5697691055590057e-06,-2.4978928487838127e-06,-2.416167013961103e-06,-2.325439895530952e-06,-2.2265603171419123e-06,-2.1203798053211004e-06,-2.0077550439029754e-06,-1.8895506519148704e-06,-1.7666423391684172e-06,-1.6399205037999476e-06,-1.5102943439921946e-06,-1.378696561392224e-06,-1.246088735185223e-06,-1.113467441523087e-06,-9.818711799511634e-07,-8.523881416132188e-07,-7.261648056953225e-07,-6.044152702401773e-07,-4.884310985063078e-07,-3.7959127954402995e-07,-2.7937164751302206e-07,-1.893527463653043e-07,-1.1122454343924412e-07,-4.663295003908933e-08,1.2214680316244222e-08,6.539854850821744e-08,1.1301338254108715e-07,1.5517039305525448e-07,1.919979675951794e-07,2.2364137564757156e-07,2.502617506268472e-07,2.720345897648258e-07,2.891479731218312e-07,3.018006578477583e-07,3.102001605996504e-07,3.1456090378080537e-07,3.1510247166671284e-07,3.120480006920652e-07,3.0562271359904796e-07,2.960525988804882e-07,2.835632339926473e-07,2.6837875216831545e-07,2.5072095735362973e-07,2.3080859877496202e-07,2.0885682464585862e-07,1.850768417999074e-07,1.596758120984283e-07,1.3285701392480103e-07,1.0482028383294662e-07,7.576272543958368e-08,4.5879627628458406e-08,1.5365473974377804e-08,-1.55851403836834e-08,-6.855672026645633e-07,-4.034081397089684e-07,-1.4726060528396749e-07,8.469351415736655e-08,2.939127270208834e-07,4.815053392036305e-07,6.482547555800631e-07,7.946566451446319e-07,9.209647077872582e-07,1.0272420614535047e-06,1.1134155009575448e-06,1.1793301390597506e-06,1.2248022030580842e-06,1.2496679929435596e-06,1.2538271929837772e-06,1.2372788700914971e-06,1.2001486091360741e-06,1.1427053593530782e-06,1.0653667362353397e-06,9.686917811057638e-07,8.5336056544401e-07,7.201405727672671e-07,5.698405217014811e-07,4.032532194974383e-07,2.210901435009819e-07,2.391169485688576e-08,-1.8794163420612856e-07,-4.1441073214219404e-07,-6.55764603051465e-07,-9.126245139413125e-07,-1.1859576775808434e-06,-1.4553944172748656e-06,-1.6983454619213302e-06,-1.915597796375271e-06,-2.107952540503733e-06,-2.276231936972681e-06,-2.4212818848911536e-06,-2.5439711825122554e-06,-2.6451886612287e-06,-2.725839209506633e-06,-2.7868394403842295e-06,-2.829113520062911e-06,-2.8535894778979e-06,-2.8611961672684684e-06,-2.852860939277616e-06,-2.829508020105352e-06,-2.7920575406233007e-06,-2.74142514664186e-06,-2.6785221138885455e-06,-2.6042558985120425e-06,-2.51953106762306e-06,-2.4252505721817815e-06,-2.322317344383688e-06,-2.211636222278383e-06,-2.0941162249222075e-06,-1.9706732215090878e-06,-1.842233057407291e-06,-1.7097352186197744e-06,-1.574137133504431e-06,-1.4364192259651245e-06,-1.2975908465899327e-06,-1.158697215369719e-06,-1.0208275081799855e-06,-8.851242029675389e-07,-7.527937599213349e-07,-6.251186259031938e-07,-5.034704031674894e-07,-3.893237766090938e-07,-2.842704188533918e-07,-1.900315350366751e-07,-1.0846681197346433e-07,-4.135348786287992e-08,1.9856919711812493e-08,7.52176411613922e-08,1.2480113347687602e-07,1.6870171257840864e-07,2.0703634135236954e-07,2.399440263384802e-07,2.675842510947857e-07,2.901348146032887e-07,3.0778936664805073e-07,3.207548550558482e-07,3.292490317033881e-07,3.3349810925916464e-07,3.3373461925418457e-07,3.301954931014795e-07,3.231203693308176e-07,3.127501206853889e-07,2.993255920680242e-07,2.830865430531181e-07,2.642707954145097e-07,2.431135955708287e-07,2.1984721259426317e-07,1.9470080254239936e-07,1.6790057644103334e-07,1.3967030787760142e-07,1.1023220085106533e-07,7.980810234333358e-08,4.8620981202270634e-08,1.6896503758577746e-08,-1.513557727236349e-08,-6.755778930462228e-07,-3.8040244488831057e-07,-1.1101697941882932e-07,1.3436814330212267e-07,3.571232065516514e-07,5.582169498267878e-07,7.382521249157784e-07,8.975136556712471e-07,1.0360253985795737e-06,1.153612058860433e-06,1.249963276998138e-06,1.3246973274685076e-06,1.3774222336862828e-06,1.4077923700139694e-06,1.4155587846953296e-06,1.4006115519487926e-06,1.3630124814915328e-06,1.303016527209962e-06,1.22108029848681e-06,1.1178562442263005e-06,9.941714042075775e-07,8.50990152132925e-07,6.893611278836293e-07,5.1034959885536e-07,3.1495780839626403e-07,1.0403743874773821e-07,-1.217999376326396e-07,-3.6226676579028724e-07,-6.174685341325491e-07,-8.879475234946e-07,-1.174690198228091e-06,-1.4578363864418851e-06,-1.7139145942355393e-06,-1.9435767572335255e-06,-2.1475122025066453e-06,-2.3264561823121958e-06,-2.48119183573515e-06,-2.6125475350026166e-06,-2.721391422651019e-06,-2.8086245802204834e-06,-2.875173868790916e-06,-2.921985128961775e-06,-2.9500171492339547e-06,-2.960236606238695e-06,-2.9536140372011085e-06,-2.931120812174058e-06,-2.8937270196864903e-06,-2.842400154702727e-06,-2.7781044938288398e-06,-2.7018010526970024e-06,-2.6144480391418185e-06,-2.517001739374606e-06,-2.4104178003744784e-06,-2.2956528986869064e-06,-2.1736668130278253e-06,-2.0454249452769252e-06,-1.9119013615703518e-06,-1.7740824522411274e-06,-1.6329713361014018e-06,-1.4895931604845313e-06,-1.345001472559279e-06,-1.200285857960242e-06,-1.0565810566800733e-06,-9.150777675558933e-07,-7.77035329843709e-07,-6.437964010706728e-07,-5.168035968357242e-07,-3.976177652885163e-07,-2.8793706595607935e-07,-1.896152134540773e-07,-1.0467592318074895e-07,-3.5057556431185476e-08,2.84926379855309e-08,8.599910404568662e-08,1.375115497344658e-07,1.8310796435277173e-07,2.2289516306472162e-07,2.570075624775277e-07,2.856048127946544e-07,3.0886879244875885e-07,3.270003427843487e-07,3.402160045683202e-07,3.4874492380635186e-07,3.528260227226593e-07,3.5270548055727997e-07,3.486345347805858e-07,3.4086759312963623e-07,3.2966063753635935e-07,3.152698999476956e-07,2.9795079510010015e-07,2.779571048102064e-07,2.555404209364336e-07,2.309498685820329e-07,2.0443214570597074e-07,1.7623192729232048e-07,1.4659268662222227e-07,1.1575797484367882e-07,8.397316156958854e-08,5.148756103402319e-08,1.8556740773903036e-08,-1.4555370064576257e-08,-6.58132597446693e-07,-3.4977359978865323e-07,-6.676235293480628e-08,1.9265522515427712e-07,4.297435323356475e-07,6.453051308538991e-07,8.397287695984615e-07,1.0130507958720871e-06,1.1650248953194761e-06,1.2951961290586055e-06,1.4029760621806075e-06,1.487716450957228e-06,1.5487794518509274e-06,1.5856026183320766e-06,1.5977570710690345e-06,1.5849971971874352e-06,1.5473001097921449e-06,1.4848929490950266e-06,1.3982660073323182e-06,1.2881696864945065e-06,1.1555935200969683e-06,1.001725968980429e-06,8.278944895126672e-07,6.354865153786905e-07,4.258535245506384e-07,2.0020229178762712e-07,-4.0520278986875556e-08,-2.957398018982402e-07,-5.653530253693075e-07,-8.497986276783693e-07,-1.1500845386988427e-06,-1.4470799540357586e-06,-1.7164146462095055e-06,-1.958600265388501e-06,-2.1742145670256294e-06,-2.3639098152585967e-06,-2.5284125460793566e-06,-2.668517691983125e-06,-2.785079573430288e-06,-2.8790016117673643e-06,-2.9512260202702316e-06,-3.002724255334578e-06,-3.0344886599144614e-06,-3.047525484607795e-06,-3.042849305690122e-06,-3.021478755569839e-06,-2.9844334246436915e-06,-2.9327317716546523e-06,-2.867389881637612e-06,-2.789420927774753e-06,-2.6998352195924563e-06,-2.5996407505910916e-06,-2.4898441909868127e-06,-2.3714523044276083e-06,-2.245473800880001e-06,-2.112921671461158e-06,-1.974816085145696e-06,-1.8321879623232574e-06,-1.6860833762101513e-06,-1.5375689698318908e-06,-1.387738612940402e-06,-1.2377215585833072e-06,-1.0886923912278992e-06,-9.418830837388698e-07,-7.985974901506974e-07,-6.602285724268298e-07,-5.28278542579126e-07,-4.04381806157563e-07,-2.903299831461769e-07,-1.8809717409304516e-07,-9.986172999346164e-08,-2.7755474227191083e-08,3.8108723008497635e-08,9.772444131959245e-08,1.511184273856813e-07,1.9835349459189444e-07,2.3952830386065145e-07,2.747750741819896e-07,3.042560815506611e-07,3.2815958863567433e-07,3.466956501051789e-07,3.6009207959581337e-07,3.6859074535091537e-07,3.724442768122305e-07,3.7191320714837464e-07,3.6726354094439266e-07,3.5876471711396863e-07,3.466879303466163e-07,3.313047766241061e-07,3.128861968707745e-07,2.917017057543533e-07,2.680189088067869e-07,2.421033296134686e-07,2.142185890381208e-07,1.84626998580757e-07,1.5359064559521868e-07,1.213730496129505e-07,8.824143935390136e-08,5.446961503859547e-08,2.03411943103312e-08,-1.3847228749834551e-08,-6.328885852979138e-07,-3.1115318850694737e-07,-1.4062293611762819e-08,2.6009046579032397e-07,5.124392752982382e-07,7.435867249088916e-07,9.536674142394166e-07,1.1424254121789642e-06,1.3092991230365006e-06,1.4535089064048886e-06,1.5741441504339332e-06,1.6702474879514394e-06,1.7408944909479167e-06,1.785267503165286e-06,1.8027223089258713e-06,1.7928461472561822e-06,1.7555052449580497e-06,1.6908796583462299e-06,1.5994828848268452e-06,1.4821635319367102e-06,1.3400864006278842e-06,1.1746907254752576e-06,9.876240815046466e-07,7.806516774108209e-07,5.555424712366732e-07,3.1393582883209634e-07,5.719534023053793e-08,-2.137400998040368e-07,-4.984939004064544e-07,-7.973599583437318e-07,-1.1113593647071828e-06,-1.4223455338226717e-06,-1.705054702462661e-06,-1.9598534110848267e-06,-2.1872102713707714e-06,-2.3877016242210883e-06,-2.562006785735493e-06,-2.7108972106193378e-06,-2.835222790353358e-06,-2.935897446218454e-06,-3.0138853591133754e-06,-3.0701886007731073e-06,-3.1058365359224604e-06,-3.12187709833779e-06,-3.119369871359366e-06,-3.099380802522407e-06,-3.062978334667988e-06,-3.011230726292434e-06,-2.9452043486742974e-06,-2.865962776264389e-06,-2.774566522863018e-06,-2.672073314867538e-06,-2.5595388320572523e-06,-2.4380178851603067e-06,-2.3085660379392957e-06,-2.172241720404867e-06,-2.030108919905663e-06,-1.8832405790753732e-06,-1.7327228744679486e-06,-1.5796605972096788e-06,-1.4251839066251546e-06,-1.270456778716138e-06,-1.1166875230102624e-06,-9.65141793770957e-07,-8.171585736548564e-07,-6.741696474084499e-07,-5.377230618185066e-07,-4.0951086176149386e-07,-2.9140076401734024e-07,-1.8547002396031594e-07,-9.403705748802644e-08,-1.9461055958839634e-08,4.8686950246650404e-08,1.1036770563970217e-07,1.6558546727108533e-07,2.143899716970783e-07,2.5687469967884624e-07,2.9317293990860376e-07,3.234527601203063e-07,3.479116359436889e-07,3.6677120961242884e-07,3.802724522474654e-07,3.8867136733773573e-07,3.9223528208804633e-07,3.912397155917607e-07,3.8596578004698534e-07,3.766980569638689e-07,3.637228890877119e-07,3.4732703629895427e-07,3.277966569377469e-07,3.054165928991924e-07,2.8046995652644265e-07,2.5323803975115124e-07,2.240005917009645e-07,1.9303654063265718e-07,1.6062526795468873e-07,1.2704856796860648e-07,9.259342502782709e-08,5.7555669326258026e-08,2.22443767746777e-08,-1.3013503029315086e-08,-5.99506536417614e-07,-2.6417376376392796e-07,4.75257799553194e-08,3.372316588973163e-07,6.059144966439065e-07,8.539338913359015e-07,1.0811220596224095e-06,1.2868807639513896e-06,1.4702834841823032e-06,1.6301777273568902e-06,1.7652843875043531e-06,1.874292399682837e-06,1.955947715117078e-06,2.0091359321716773e-06,2.032957816841076e-06,2.026796521403174e-06,1.9903746744968923e-06,1.9237988034105413e-06,1.8275879010365028e-06,1.7026824991670467e-06,1.5504304678637982e-06,1.372546011351101e-06,1.171039039401805e-06,9.481133253217414e-07,7.060337054236032e-07,4.46965146807641e-07,1.727899638549012e-07,-1.1508603319102895e-07,-4.159219964771769e-07,-7.298018987754015e-07,-1.0577350590374144e-06,-1.382849871393066e-06,-1.6790301631177632e-06,-1.9464950482977953e-06,-2.1856106112153936e-06,-2.3968888911812196e-06,-2.5809755150606384e-06,-2.738631831480394e-06,-2.8707153066609726e-06,-2.9781603932921653e-06,-3.0619610916069907e-06,-3.1231558066929708e-06,-3.1628147091707855e-06,-3.182029546337446e-06,-3.1819056918812658e-06,-3.1635561420162266e-06,-3.128097142697172e-06,-3.076645146562427e-06,-3.0103148333537507e-06,-2.9302179725288347e-06,-2.837462954671749e-06,-2.733154865483575e-06,-2.6183960212334923e-06,-2.4942869276626852e-06,-2.361927666427736e-06,-2.2224197556851127e-06,-2.0768685759615353e-06,-1.9263865005399852e-06,-1.7720969223692555e-06,-1.6151394274906652e-06,-1.4566764278731342e-06,-1.2979016334687855e-06,-1.1400508139423056e-06,-9.844153778645985e-07,-8.323593907511114e-07,-6.853407753605427e-07,-5.449375747435326e-07,-4.1288018906033926e-07,-2.9109007111274685e-07,-1.8172381604983213e-07,-8.72179420863661e-08,-1.0192398639699049e-08,6.020223640490725e-08,1.2389265140524186e-07,1.8086240650671328e-07,2.3115170349239604e-07,2.7485310956553516e-07,3.121052757519901e-07,3.430859656772814e-07,3.68005174211045e-07,3.8709876595455985e-07,4.006228450655857e-07,4.088489294089598e-07,4.120599146979126e-07,4.105467636029255e-07,4.046058312658605e-07,3.945367341578453e-07,3.806406769947151e-07,3.632191674133331e-07,3.4257306699725433e-07,3.190019482541632e-07,2.928037497848281e-07,2.642747468601545e-07,2.3370988404669745e-07,2.0140355407941754e-07,1.6765095690415039e-07,1.327502339734963e-07,9.700562606748573e-08,6.073189070768155e-08,2.4260029463675003e-08,-1.2056126580821001e-08,-5.576506682084697e-07,-2.084665856953054e-07,1.1845877795259706e-07,4.246685011211293e-07,7.109234682775965e-07,9.772853013238532e-07,1.2232262323466811e-06,1.4477494070267924e-06,1.649510224088222e-06,1.8269337032882127e-06,1.978325547337971e-06,2.1019761862287634e-06,2.196257958436888e-06,2.2597158137477906e-06,2.2911515980386194e-06,2.2897012221184443e-06,2.254902968890497e-06,2.18675402729192e-06,2.0857512483501026e-06,1.952911286038871e-06,1.7897648652407879e-06,1.5983200045987442e-06,1.3809896575452443e-06,1.140480456459203e-06,8.796411310274979e-07,6.012718948290787e-07,3.0789990451918167e-07,1.5312358094755418e-09,-3.166026924609895e-07,-6.462759427611429e-07,-9.884343545170666e-07,-1.3278033554515958e-06,-1.6375153241416503e-06,-1.9176455332172635e-06,-2.168471161131876e-06,-2.3904579622445266e-06,-2.584236493130151e-06,-2.7505750835961713e-06,-2.890353300013261e-06,-3.0045377089778616e-06,-3.0941607752140042e-06,-3.1603031865186895e-06,-3.2040795453695996e-06,-3.226627136751674e-06,-3.2290973608376346e-06,-3.212649382782158e-06,-3.1784455714890202e-06,-3.1276483492111254e-06,-3.0614181362052926e-06,-2.9809121386293776e-06,-2.8872837880996847e-06,-2.7816826959831266e-06,-2.665255034827975e-06,-2.539144304739163e-06,-2.4044924859970816e-06,-2.2624416231253008e-06,-2.114135932358362e-06,-1.960724576393734e-06,-1.8033653094466388e-06,-1.6432292632837382e-06,-1.4815072212666023e-06,-1.319417811270278e-06,-1.158218137857018e-06,-9.992174708002352e-07,-8.437947256724138e-07,-6.934206562456459e-07,-5.496859917295006e-07,-4.1433718988689004e-07,-2.893216673974283e-07,-1.768432157507745e-07,-7.942385945456443e-08,2.694399066865193e-11,7.262004234522001e-08,1.3824867786102522e-07,1.9687975320127676e-07,2.48549535115284e-07,2.93355551918282e-07,3.3144723280699167e-07,3.6301664115718954e-07,3.8828995847933255e-07,4.075200121917822e-07,4.209799398771555e-07,4.289579601369111e-07,4.317531472472735e-07,4.2967207259575904e-07,4.230261694745419e-07,4.121296889224108e-07,3.9729813471449463e-07,3.788470898477961e-07,3.5709137204365426e-07,3.323444806091919e-07,3.049183215713711e-07,2.7512322352636113e-07,2.432682861369315e-07,2.0966214286517687e-07,1.7461428099991844e-07,1.3843715971167195e-07,1.0144950390593126e-07,6.398127129490737e-08,2.638072022408733e-08,-1.0976561466902519e-08,-5.069888741149085e-07,-1.4365641045919719e-07,1.992205012535429e-07,5.230411695546814e-07,8.282917927790036e-07,1.114665671624045e-06,1.3812072124107815e-06,1.6264593631434843e-06,1.8486050040947363e-06,2.045598426830341e-06,2.2152860963420698e-06,2.355517663775469e-06,2.464249084942801e-06,2.5396397347799307e-06,2.58014475681245e-06,2.584602692841926e-06,2.55231685611772e-06,2.4831271314120725e-06,2.377467160239324e-06,2.2364004876068767e-06,2.0616284534664654e-06,1.8554625312712718e-06,1.6207544378475253e-06,1.3607785925953803e-06,1.0790633797025946e-06,7.791702997037183e-07,4.6442393510952703e-07,1.3760119828935267e-07,-1.9940296088376738e-07,-5.459020824186353e-07,-9.026830857098958e-07,-1.2564053615150714e-06,-1.5796519662715066e-06,-1.8723691903906826e-06,-2.1347696837556776e-06,-2.367299290427303e-06,-2.5705979102237474e-06,-2.745461660243269e-06,-2.8928088792024504e-06,-3.013650798817041e-06,-3.109067111708946e-06,-3.180186294631054e-06,-3.228170239372258e-06,-3.254202572814732e-06,-3.259480000730663e-06,-3.2452060498872976e-06,-3.2125866665785037e-06,-3.1628272266190586e-06,-3.0971306053792792e-06,-3.0166960393927895e-06,-2.9227185817158813e-06,-2.8163890126951026e-06,-2.6988941185162795e-06,-2.571417294783095e-06,-2.4351394744933976e-06,-2.291240422303018e-06,-2.1409004830964934e-06,-1.9853029258413796e-06,-1.8256370865848873e-06,-1.6631025898540273e-06,-1.4989150170238384e-06,-1.33431349253495e-06,-1.1705707701636247e-06,-1.0090065163940352e-06,-8.510046103679484e-07,-6.98035457274459e-07,-5.516847062023869e-07,-4.13690623731641e-07,-2.859937458258192e-07,-1.7080293708401705e-07,-7.067793425376789e-08,1.116612031131026e-08,8.589242210342669e-08,1.533649759520503e-07,2.1354157553927752e-07,2.6646287597890943e-07,3.122390788627968e-07,3.510369091611141e-07,3.8306788080672497e-07,4.08578173201956e-07,4.278401838162672e-07,4.4114567910985223e-07,4.4880036996814427e-07,4.5111969235660984e-07,4.4842556893181217e-07,4.410439482386866e-07,4.2930295097139964e-07,4.13531488621901e-07,3.940582541191994e-07,3.7121101509560644e-07,3.45316168152333e-07,3.166985377001429e-07,2.8568142702941856e-07,2.5258695484148094e-07,2.1773674367335065e-07,1.8145308244395388e-07,1.4406079958439727e-07,1.0589030236916985e-07,6.728258172162921e-08,2.859724521679288e-08,-9.775743712921943e-09,-4.471928761616223e-07,-6.935055049059855e-08,2.903456508989045e-07,6.330735492415895e-07,9.589523249001166e-07,1.267217812060619e-06,1.5564088422830123e-06,1.8245440139266877e-06,2.069282027594917e-06,2.288064267252572e-06,2.4782411571353647e-06,2.63718587337145e-06,2.762399611269257e-06,2.851612275715832e-06,2.902881378677793e-06,2.914690251909066e-06,2.886044488218094e-06,2.8165629402319978e-06,2.7065569430007478e-06,2.5570891719030644e-06,2.370002187504069e-06,2.1479065044950117e-06,1.894118858027969e-06,1.6125429038407468e-06,1.3074865694838094e-06,9.834126334813004e-07,6.446221044296003e-07,2.948751836425268e-07,-6.303771643857971e-08,-4.277463422239654e-07,-7.99711074183604e-07,-1.1678362620975465e-06,-1.5045317913284652e-06,-1.8096493015990187e-06,-2.0833764699710554e-06,-2.3261754932038014e-06,-2.5387259507195632e-06,-2.721875814734013e-06,-2.876600243457767e-06,-3.003967690976682e-06,-3.105112966377048e-06,-3.1812164953564043e-06,-3.233488800125151e-06,-3.2631591555532727e-06,-3.2714674703589314e-06,-3.259658597394743e-06,-3.2289784416454056e-06,-3.180671382104244e-06,-3.1159786459044248e-06,-3.0361373701750634e-06,-2.942380163124646e-06,-2.835935035604622e-06,-2.7180256226702348e-06,-2.5898716556488897e-06,-2.4526896829167415e-06,-2.3076940756919117e-06,-2.1560983973942388e-06,-1.999117265463e-06,-1.837968897169731e-06,-1.6738786101825878e-06,-1.5080836480846213e-06,-1.3418398221072291e-06,-1.1764305992046862e-06,-1.013179410484513e-06,-8.534660813816948e-07,-6.987483916785534e-07,-5.505899842959829e-07,-4.106967585976991e-07,-2.8096642913300945e-07,-1.6356035998300026e-07,-6.10071212793324e-08,2.3183991635874583e-08,9.995194036004941e-08,1.6914207754174396e-07,2.307156772988588e-07,2.8472935625073544e-07,3.3131554573969573e-07,3.706656730925417e-07,4.03016086315894e-07,4.286365610063072e-07,4.478211920012072e-07,4.6088136316910494e-07,4.681404326251177e-07,4.6992977272257204e-07,4.66585847821814e-07,4.5844807186267137e-07,4.458572464611188e-07,4.291544318256051e-07,4.086801456537278e-07,3.8477382023344737e-07,3.5777347687111305e-07,3.280156012105155e-07,2.958352243647719e-07,2.615662342655222e-07,2.255419616107239e-07,1.8809611478955473e-07,1.4956421147702487e-07,1.1028589377725249e-07,7.060906402412878e-08,3.08977353311726e-08,-8.454031943210315e-09,-3.7793839553470756e-07,1.4882991166205295e-08,3.9246378906754494e-07,7.556299988317531e-07,1.1040034778200437e-06,1.4362527355272995e-06,1.750326157034766e-06,2.043656549184084e-06,2.3133364592157386e-06,2.5562653381233926e-06,2.7692744904432035e-06,2.949236959034592e-06,3.0931694601323087e-06,3.198332482901508e-06,3.2623331537241475e-06,3.2832334540628725e-06,3.2596636672548603e-06,3.1909373816439028e-06,3.0771602659756834e-06,2.91932100079099e-06,2.7193502964856343e-06,2.4801335677505704e-06,2.2054644333412102e-06,1.8999289295517315e-06,1.5687131447522474e-06,1.2173291322712113e-06,8.512554437343033e-07,4.754896089853715e-07,9.401846255473438e-08,-2.907802172262624e-07,-6.7875315681409e-07,-1.0612438442581614e-06,-1.4111696986006439e-06,-1.728353064129128e-06,-2.013015168237982e-06,-2.2656809061461743e-06,-2.487105155590381e-06,-2.6782141298464124e-06,-2.840057823785528e-06,-2.9737729328941825e-06,-3.080554971578899e-06,-3.161637975876385e-06,-3.218280072997718e-06,-3.2517534084474654e-06,-3.2633372286330416e-06,-3.2543132127263303e-06,-3.225962391746807e-06,-3.1795631800697424e-06,-3.116390183037597e-06,-3.0377135451555407e-06,-2.9447986766655367e-06,-2.838906250438444e-06,-2.7212924025705375e-06,-2.5932091038961123e-06,-2.455904700064128e-06,-2.310624648673017e-06,-2.1586125170594557e-06,-2.0011113479200416e-06,-1.839365557012788e-06,-1.6746236036338004e-06,-1.5081417769566053e-06,-1.3411895755988215e-06,-1.1750573256508473e-06,-1.0110668730349024e-06,-8.505863604472306e-07,-6.950501710562733e-07,-5.459849925948461e-07,-4.050428470691945e-07,-2.740443172808445e-07,-1.550435985519336e-07,-5.0442341266246155e-08,3.602416436337093e-08,1.1470231111932127e-07,1.8543980843756316e-07,2.4822042393639104e-07,3.0313159412395353e-07,3.503390481277916e-07,3.9006675834640915e-07,4.225809709123551e-07,4.481778906068787e-07,4.6717447718462466e-07,4.799017416911852e-07,4.866999436074612e-07,4.87915183319958e-07,4.83896997353649e-07,4.749966661689091e-07,4.615660266993775e-07,4.4395664465617166e-07,4.2251924866255105e-07,3.9760336373591613e-07,3.695571091218338e-07,3.3872714761610793e-07,3.054587917836134e-07,2.700962866544816e-07,2.3298329597578828e-07,1.9446361499078552e-07,1.5488212137333246e-07,1.1458601115577123e-07,7.392695162177673e-08,3.326633581258119e-08,-7.011162384247955e-09,-2.9890534204734195e-07,1.0955775789294903e-07,5.06376455488335e-07,8.918080113189492e-07,1.2647999662800052e-06,1.6233253132779695e-06,1.964655378974122e-06,2.2855890437794236e-06,2.5826316292714655e-06,2.852134935762884e-06,3.0904101620717635e-06,3.2938252895657154e-06,3.458896783344001e-06,3.5823836709781656e-06,3.6613904236515995e-06,3.693483244976572e-06,3.6768216706509687e-06,3.6103029804498323e-06,3.493710636303682e-06,3.327850998241668e-06,3.114657486447227e-06,2.857240376307099e-06,2.5598637983130647e-06,2.2278375155602034e-06,1.8673170653251155e-06,1.485009350313739e-06,1.0877796791899394e-06,6.821513112824514e-07,2.736767115331047e-07,-1.338066169770863e-07,-5.390503484694359e-07,-9.357206744846028e-07,-1.2984645823585679e-06,-1.6271843896191598e-06,-1.9222122736970403e-06,-2.1841907204134118e-06,-2.413990336363838e-06,-2.612642244237193e-06,-2.7812866826534585e-06,-2.921135595263301e-06,-3.033446554994145e-06,-3.1195050336981897e-06,-3.18061253218811e-06,-3.218078724975842e-06,-3.2332163222782647e-06,-3.2273377611816967e-06,-3.2017531249206517e-06,-3.1577688858092787e-06,-3.0966871998415744e-06,-3.019805570628467e-06,-2.9284167613244965e-06,-2.8238088757941117e-06,-2.7072655610481363e-06,-2.5800663072571833e-06,-2.4434868427949636e-06,-2.2987996434837934e-06,-2.1472746005632023e-06,-1.990179924904387e-06,-1.8287834106089243e-06,-1.6643542460046146e-06,-1.4981656529738944e-06,-1.3314987674256526e-06,-1.1656483557609518e-06,-1.001931198785741e-06,-8.416982420008685e-07,-6.863518020274522e-07,-5.373689146796298e-07,-3.9633063565106153e-07,-2.649542137469888e-07,-1.4513254780424048e-07,-3.901854343098318e-08,4.960666318396544e-08,1.300042916741585e-07,2.0206064475096322e-07,2.6580748329690204e-07,3.213804928867791e-07,3.689907314439092e-07,4.089021229091787e-07,4.4141461435741083e-07,4.66852077320612e-07,4.855539261365771e-07,4.978694209607397e-07,5.041538321131893e-07,5.047658679879855e-07,5.000659524966783e-07,4.904150720356365e-07,4.761740052388791e-07,4.5770281267941017e-07,4.353605075267873e-07,4.0950485914547347e-07,3.8049230447355964e-07,3.4867796013328014e-07,3.1441574322579447e-07,2.780586201718127e-07,2.3995900560849225e-07,2.0046931160789946e-07,1.599425611801551e-07,1.1873276394473629e-07,7.71942894093468e-08,3.5681343494163906e-08,-5.446215981662685e-09,-2.0977800755258191e-07,2.1534672711873606e-07,6.331841122264336e-07,1.0430807458308645e-06,1.4430925491502348e-06,1.8303448113544038e-06,2.201361910892015e-06,2.5522939035463995e-06,2.879076213592434e-06,3.1775435860468426e-06,3.443517588444554e-06,3.6728820465239385e-06,3.861657259665616e-06,4.006081808890683e-06,4.102709789269341e-06,4.148530670153161e-06,4.14111753664186e-06,4.078805374858015e-06,3.960892162554255e-06,3.787842497145112e-06,3.5614613565751092e-06,3.2850013181976333e-06,2.9631730292576295e-06,2.6020429384170163e-06,2.2088181272863985e-06,1.791528378046863e-06,1.3586135325834447e-06,9.184056779091195e-07,4.784681135016222e-07,4.467420142235252e-08,-3.7985108214010567e-07,-7.902687671889991e-07,-1.1651473549757319e-06,-1.50462470803195e-06,-1.8092316276966158e-06,-2.079796700913933e-06,-2.3173487250250254e-06,-2.5230458607351583e-06,-2.6981264356041085e-06,-2.8438769824563108e-06,-2.9616119570038784e-06,-3.05266099293621e-06,-3.1183609327831965e-06,-3.1600508722675105e-06,-3.179069109661568e-06,-3.17675130466937e-06,-3.15442940874352e-06,-3.1134310891406254e-06,-3.05507946962863e-06,-2.9806930739409963e-06,-2.891585899226139e-06,-2.7890675729295515e-06,-2.6744435656085755e-06,-2.549015445283414e-06,-2.4140811710471593e-06,-2.270935435557973e-06,-2.1208700807423767e-06,-1.965174631131643e-06,-1.8051370187850237e-06,-1.6420446184177848e-06,-1.4771857797757553e-06,-1.3118521491438544e-06,-1.1473422310378346e-06,-9.84966876688157e-07,-8.260577141348528e-07,-6.719799230171459e-07,-5.241509648639453e-07,-3.840659037685575e-07,-2.533242880970621e-07,-1.3363097560980197e-07,-2.677464510844181e-08,6.381432746487885e-08,1.4565586216459274e-07,2.1872791431666523e-07,2.8313934953534494e-07,3.390943051957504e-07,3.8686079070965603e-07,4.267478747616995e-07,4.590901211653168e-07,4.842375715730291e-07,5.025494235275048e-07,5.143900670517718e-07,5.201266033220858e-07,5.201272916114822e-07,5.147605787262094e-07,5.043944955006202e-07,4.893962860687621e-07,4.70132186488228e-07,4.4696730181031644e-07,4.202655521991344e-07,3.9038967423470354e-07,3.577012757341537e-07,3.225609533968053e-07,2.853284923454102e-07,2.463631716394605e-07,2.060241853444472e-07,1.6467110526447613e-07,1.226639937767705e-07,8.036175146369638e-08,3.811300107291514e-08,-3.757607899619515e-09,-1.1024518632618005e-07,3.3320714882525227e-07,7.744522250211937e-07,1.2115306908906625e-06,1.641241322989073e-06,2.0597295496121315e-06,2.4627636558534098e-06,2.8459000842604584e-06,3.204583063381232e-06,3.5342104004904033e-06,3.830183871019391e-06,4.087955721756558e-06,4.30307975661226e-06,4.471274685615463e-06,4.588508107429593e-06,4.651111141592868e-06,4.6559355149779246e-06,4.600564255692479e-06,4.483578723278452e-06,4.304861858889206e-06,4.065887601720752e-06,3.769926661289796e-06,3.422106531349327e-06,3.029298521514554e-06,2.599849820047133e-06,2.1432103807191962e-06,1.669504403068147e-06,1.1890599474806159e-06,7.118459379398022e-07,2.4668756547708755e-07,-2.0041231522549154e-07,-6.23758948967161e-07,-1.0097364920444147e-06,-1.358853364520169e-06,-1.6719851686520248e-06,-1.950224832368771e-06,-2.19479241755213e-06,-2.4069785335208286e-06,-2.5881119511456012e-06,-2.739541172159453e-06,-2.8626238745608793e-06,-2.9587208313756464e-06,-3.0291924009663304e-06,-3.075396517337615e-06,-3.0986875676035897e-06,-3.100415800989769e-06,-3.081927060006317e-06,-3.0445627088607327e-06,-2.989659683478205e-06,-2.9185506168831537e-06,-2.8325640112272642e-06,-2.7330244386394326e-06,-2.6212527599854035e-06,-2.498566355459224e-06,-2.366279364851118e-06,-2.2257029394880514e-06,-2.078145513048488e-06,-1.9249131063176224e-06,-1.7673096932936512e-06,-1.6066376761725496e-06,-1.4441985497891897e-06,-1.281293890690939e-06,-1.1192268962955135e-06,-9.593048484889105e-07,-8.028431184425355e-07,-6.511717078681258e-07,-5.056458400692249e-07,-3.6766244632240375e-07,-2.38682376091121e-07,-1.202406989754949e-07,-1.3753258989006155e-08,7.847406971929776e-08,1.613702307715238e-07,2.3505635839618697e-07,2.997593106746094e-07,3.557725292647103e-07,4.034280760833395e-07,4.4307931302981616e-07,4.750910684143103e-07,4.998340923324467e-07,5.176819179555205e-07,5.29009079970347e-07,5.341901066141076e-07,5.335989576218196e-07,5.27608721474296e-07,5.1659146431573e-07,5.009181678491053e-07,4.80958719592388e-07,4.570819344247376e-07,4.2965559609090554e-07,3.990465140560671e-07,3.65620596611216e-07,3.297429466192549e-07,2.917779924645445e-07,2.520896729885243e-07,2.1104169570898156e-07,1.6899785841543488e-07,1.2632226063749346e-07,8.337848350520093e-08,4.0523408891103604e-08,-1.943117548938407e-09,0.0,4.642193590867874e-07,9.325531935610827e-07,1.4002499994717272e-06,1.8625340060729633e-06,2.314599990523585e-06,2.7516123614475005e-06,3.1687073514716346e-06,3.5609978837311837e-06,3.923581363154734e-06,4.2515513564638634e-06,4.540015007029831e-06,4.784119265157418e-06,4.979090857337697e-06,5.1202977393553535e-06,5.203344089684129e-06,5.224217199740311e-06,5.179512680489573e-06,5.066766397819005e-06,4.884900148937172e-06,4.6347210454912705e-06,4.319330132523372e-06,3.944274965128493e-06,3.5173696270236598e-06,3.0482577401203444e-06,2.547882943934234e-06,2.028010947979299e-06,1.5008637517932514e-06,9.788615075285673e-07,4.744497217084593e-07,0.0,-4.350706131608646e-07,-8.304732392435911e-07,-1.187615644077322e-06,-1.5079023422742286e-06,-1.79273399292181e-06,-2.0435070927282026e-06,-2.2616137810794072e-06,-2.448441712768679e-06,-2.605373976572267e-06,-2.7337890501864754e-06,-2.8350607866172956e-06,-2.9105584290984113e-06,-2.9616466524662315e-06,-2.989685629305682e-06,-2.9960311193604092e-06,-2.9820345807849387e-06,-2.9490433018485728e-06,-2.8984005517038815e-06,-2.8314457488138365e-06,-2.7495146455952293e-06,-2.6539395277825793e-06,-2.546049426945404e-06,-2.4271703444995066e-06,-2.298625485435445e-06,-2.161735499839196e-06,-2.0178187300938495e-06,-1.8681914614188184e-06,-1.7141681731168574e-06,-1.557061787551988e-06,-1.3981839134711045e-06,-1.2388450798179527e-06,-1.0803549557020241e-06,-9.240225517567091e-07,-7.711563979252523e-07,-6.23064693120506e-07,-4.810554239862594e-07,-3.4643645488157243e-07,-2.2051560256451583e-07,-1.046007386099183e-07,0.0,9.337401179973853e-08,1.7674476986886522e-07,2.505061293945187e-07,3.150498079642325e-07,3.707652433129188e-07,4.180396558313701e-07,4.572581754008706e-07,4.888039851117287e-07,5.130584626710019e-07,5.304013128510112e-07,5.412106894902388e-07,5.458633076637031e-07,5.44734547370275e-07,5.381985502050322e-07,5.266283103420108e-07,5.103957609061832e-07,4.898718565352453e-07,4.6542665265210275e-07,4.374293816984806e-07,4.062485263221706e-07,3.7225188926745736e-07,3.358066594992899e-07,2.972794739205006e-07,2.570364739740033e-07,2.1544335658181894e-07,1.728654195220592e-07,1.2966760308257066e-07,8.621453388443266e-08,4.287058712111121e-08,0.0,1.1279673104857046e-07,5.803854235357105e-07,1.0672010752916973e-06,1.566895805273402e-06,2.072718333245979e-06,2.5787838761143593e-06,3.0803427784441438e-06,3.573905513912472e-06,4.057444329457001e-06,4.530757548219083e-06,4.996060239625738e-06,5.458866133215616e-06,5.929213865512392e-06,6.423205908675777e-06,6.964503352292219e-06,7.584346435268486e-06,8.315219110744931e-06,9.163228990780334e-06,1.0010003667237443e-05,1.059314802261017e-05,1.060521101573978e-05,9.922701504489786e-06,8.677408169979198e-06,7.185496805490435e-06,5.719025635284199e-06,4.407756740163485e-06,3.2598900163539277e-06,2.2619600248315538e-06,1.4089615016056794e-06,7.134317535688465e-07,2.1050438827054264e-07,-2.327872022905431e-07,-6.354128703987892e-07,-9.989762584718759e-07,-1.32517006097101e-06,-1.6155902655837715e-06,-1.8717564270448426e-06,-2.0951359019316136e-06,-2.2871613848355412e-06,-2.449242356762621e-06,-2.5827723244763396e-06,-2.689133345461971e-06,-2.769698842945625e-06,-2.825835357559807e-06,-2.8589036444530503e-06,-2.870259372423718e-06,-2.861253585319916e-06,-2.8332330252587407e-06,-2.787540379027737e-06,-2.725514484996137e-06,-2.648490522709469e-06,-2.557800197741702e-06,-2.4547719282226663e-06,-2.3407310353626672e-06,-2.2169999373509696e-06,-2.0848983434981546e-06,-1.9457434428385127e-06,-1.8008500778886272e-06,-1.65153088892973e-06,-1.4990964054681997e-06,-1.3448550467412028e-06,-1.1901129673496905e-06,-1.0361736380786906e-06,-8.843369676454883e-07,-7.358976120289982e-07,-5.921418057412447e-07,-4.543414111781199e-07,-3.2374247583413797e-07,-2.015422138542058e-07,-8.884028047085335e-08,1.3526374649200981e-08,1.0542561128342385e-07,1.877952351960092e-07,2.6082423458549356e-07,3.247922166919756e-07,3.8002506756352805e-07,4.268738139600868e-07,4.65702662025218e-07,4.968825008623567e-07,5.207873515509158e-07,5.377924126862284e-07,5.482729851572833e-07,5.526038884466678e-07,5.511591557469993e-07,5.44311889440325e-07,5.324342104482748e-07,5.158972644169912e-07,4.950712650566016e-07,4.703255660419722e-07,4.42028761142219e-07,4.105488200947109e-07,3.762532772072246e-07,3.3950950313317174e-07,3.006851105714263e-07,2.60148575149026e-07,2.182701940938571e-07,1.7542354165458542e-07,1.3198750637029566e-07,8.834827617146593e-08,4.4896436986024404e-08,1.973239112437683e-09,2.196336895176189e-07,6.934329833609336e-07,1.2043835774903214e-06,1.7458524596614306e-06,2.3107594619076896e-06,2.8933059866966755e-06,3.4898281417945393e-06,4.099309459636453e-06,4.723921956549162e-06,5.369795592310985e-06,6.048143939983495e-06,6.7768424777173114e-06,7.582502458523699e-06,8.502915098667086e-06,9.58924701403349e-06,1.0906008581543369e-05,1.2523344785594926e-05,1.4486156556268573e-05,1.6736146415385946e-05,1.8541620216323108e-05,1.905226409067644e-05,1.7718725176190024e-05,1.5099461768082074e-05,1.2054901902062467e-05,9.329064807128683e-06,6.9963813838749575e-06,5.034078138647492e-06,3.402995241977984e-06,2.0816730611059735e-06,1.0766224994368356e-06,4.182301347936668e-07,-3.458229039489568e-08,-4.4500060996984485e-07,-8.152591279797251e-07,-1.147379940825659e-06,-1.4432120748844237e-06,-1.7044559180821265e-06,-1.9327042839655063e-06,-2.1294753169954568e-06,-2.296235949248392e-06,-2.4344178592746805e-06,-2.5454281129926114e-06,-2.6306561896091207e-06,-2.691478599347493e-06,-2.729261915325036e-06,-2.7453647695927986e-06,-2.741139177493485e-06,-2.717931429775512e-06,-2.67708270891832e-06,-2.6199295310794608e-06,-2.547804078576286e-06,-2.4620344634792547e-06,-2.3639449464532547e-06,-2.2548561235564426e-06,-2.1360850850688754e-06,-2.0089455432278786e-06,-1.874747918263448e-06,-1.7347993630964684e-06,-1.5904036941917953e-06,-1.4428611764675882e-06,-1.2934680787437909e-06,-1.1435158646459766e-06,-9.942897974977143e-07,-8.47066590753035e-07,-7.031104813920498e-07,-5.636666581435436e-07,-4.299501861969436e-07,-3.0312713117428985e-07,-1.8428221762443645e-07,-7.435766046007633e-08,2.592623130301574e-08,1.1608263679089745e-07,1.9709248084687532e-07,2.690580435514271e-07,3.321786212510049e-07,3.867205943528142e-07,4.329926106207855e-07,4.71329507408546e-07,5.020818942499223e-07,5.256096615407655e-07,5.42277983993335e-07,5.524548715208045e-07,5.565096731688756e-07,5.548121700050645e-07,5.477320353916172e-07,5.356385289906217e-07,5.189003448729464e-07,4.978855688894356e-07,4.7296172376802454e-07,4.444958985681339e-07,4.128549757119445e-07,3.784059871526999e-07,3.415166541336419e-07,3.0255619468464047e-07,2.61896517388459e-07,2.1991394395417642e-07,1.7699155288164858e-07,1.3352188358361104e-07,8.990836299699205e-08,4.655847302619368e-08,3.8701668160065804e-09,3.2028954162506854e-07,8.05017812040978e-07,1.3475895117562706e-06,1.9408385731872605e-06,2.577877460207283e-06,3.2537061402037717e-06,3.9663272835126815e-06,4.717575967200439e-06,5.513949616290398e-06,6.367650194646453e-06,7.297977205273362e-06,8.333145216626506e-06,9.512504710522167e-06,1.0888950293318768e-05,1.253089857123969e-05,1.4522510575018372e-05,1.6959831352775495e-05,1.994225355752195e-05,2.3540272622541145e-05,2.8054073030936976e-05,2.9229289660707117e-05,2.705140042325373e-05,2.1545883090828105e-05,1.69796299100467e-05,1.3068343947496453e-05,9.76298817989266e-06,6.993976332202212e-06,4.70672160185905e-06,2.8735820234314485e-06,1.499665695839297e-06,6.208612477200695e-07,1.584281285931302e-07,-2.5986772281881765e-07,-6.367835505944316e-07,-9.747003294095641e-07,-1.2757224242725427e-06,-1.5417451596164837e-06,-1.7745070645723452e-06,-1.9756330721442064e-06,-2.1466670901950767e-06,-2.289095490015927e-06,-2.4043636199475674e-06,-2.493887251063228e-06,-2.559060445771083e-06,-2.601260944193549e-06,-2.62185384660377e-06,-2.6221941348837524e-06,-2.6036284071924156e-06,-2.5674960812925902e-06,-2.515130239300174e-06,-2.447858229276746e-06,-2.367002099242632e-06,-2.273878911183423e-06,-2.1698009623676325e-06,-2.056075925760769e-06,-1.9340069080825206e-06,-1.8048924109679036e-06,-1.670026165487247e-06,-1.530696790186655e-06,-1.3881871939811974e-06,-1.2437736019853457e-06,-1.0987240160050386e-06,-9.542958186196846e-07,-8.117320704978714e-07,-6.722558062160683e-07,-5.370612694425957e-07,-4.0730050841010047e-07,-2.840631443312264e-07,-1.6834602768120654e-07,-6.101423529643579e-08,3.7240987101733866e-08,1.254845347411886e-07,2.0491182459345558e-07,2.7557720441117267e-07,3.3763243699185015e-07,3.9129897628190565e-07,4.3684774983392187e-07,4.745834898918568e-07,5.048334941556442e-07,5.27939791006753e-07,5.442538388810112e-07,5.541329984135685e-07,5.579382084053645e-07,5.560324687887338e-07,5.487798647560948e-07,5.36544958638088e-07,5.196924397551713e-07,4.985869667594724e-07,4.735931689212583e-07,4.4507579834601753e-07,4.1340004778562824e-07,3.78932072059624e-07,3.4203977636040505e-07,3.0309396125619133e-07,2.6246993366330236e-07,2.2054967953406102e-07,1.7772457922017496e-07,1.3439830124475524e-07,9.098880134957788e-08,4.793022504140763e-08,5.6825605013403494e-09,4.145412403189828e-07,9.148718088500275e-07,1.495392721367812e-06,2.14796187082582e-06,2.8657317197515523e-06,3.6445328867500838e-06,4.483957421238436e-06,5.388275444601198e-06,6.367351206272744e-06,7.437701533364408e-06,8.62377709442738e-06,9.959460049200772e-06,1.1489643459287724e-05,1.3271561191567655e-05,1.5375283785355598e-05,1.788267834641507e-05,2.0885235111858565e-05,2.4484877549995173e-05,2.8850714571045726e-05,3.4180852821050807e-05,4.798901262816561e-05,3.298839272676855e-05,2.647937418365809e-05,2.0963827417740608e-05,1.6263462543444278e-05,1.2235812842681827e-05,8.815519845469176e-06,5.961159307162838e-06,3.658218593278535e-06,1.92485488407777e-06,8.160661723795861e-07,3.4468165934352403e-07,-8.10447917393215e-08,-4.642534624946102e-07,-8.076242768486395e-07,-1.1134939813764753e-06,-1.3839401013719172e-06,-1.6208447207617963e-06,-1.8259439839582784e-06,-2.0008663911262587e-06,-2.1471615325498165e-06,-2.2663211608871437e-06,-2.3597943989884994e-06,-2.428998600291573e-06,-2.4753270529933487e-06,-2.500154424653092e-06,-2.5048406043567013e-06,-2.4907334153675648e-06,-2.459170533966322e-06,-2.4114808498455972e-06,-2.348985430784278e-06,-2.2729982018471547e-06,-2.1848264111449926e-06,-2.0857709257069996e-06,-1.977126378720433e-06,-1.8601811703722202e-06,-1.7362173062068381e-06,-1.6065100366996018e-06,-1.4723272367109094e-06,-1.334928430010841e-06,-1.1955633174569339e-06,-1.0554696016538023e-06,-9.158698088738163e-07,-7.779666839745637e-07,-6.429365751693429e-07,-5.119200498804297e-07,-3.8600886682040225e-07,-2.6622849376713377e-07,-1.5351673545775016e-07,-4.870158292944749e-08,4.751210585799653e-08,1.337510642360646e-07,2.114495214104393e-07,2.8064749554240605e-07,3.414700702401415e-07,3.941084905916192e-07,4.3880396836014997e-07,4.758345502727944e-07,5.055047310678017e-07,5.281375971879228e-07,5.440690657892708e-07,5.536437659610817e-07,5.572121466413702e-07,5.551284765223579e-07,5.477494858061632e-07,5.354334724169483e-07,5.185397526985316e-07,4.974283808532283e-07,4.7246009594561076e-07,4.4399648365039214e-07,4.12400365155374e-07,3.780364495172329e-07,3.4127230857542563e-07,3.0247975248695447e-07,2.6203669052038527e-07,2.2032953938135142e-07,1.777561766276681e-07,1.3472938623640145e-07,9.168130234753211e-08,4.9071235596841446e-08,7.402915200462644e-09,5.021668081206958e-07,1.021321423960063e-06,1.6435304861679862e-06,2.359047209775344e-06,3.160591532664011e-06,4.04436227239049e-06,5.0108972342768905e-06,6.0658491551763515e-06,7.220747465272386e-06,8.493791000779687e-06,9.910653563720062e-06,1.1505177928394092e-05,1.331967359558313e-05,1.540430791222628e-05,1.7814808422671565e-05,2.0607517061028363e-05,2.3830956616920918e-05,2.7516260527572845e-05,3.1651016574791235e-05,3.6452828131633895e-05,3.760600542488875e-05,3.507487557998349e-05,2.8911820287236605e-05,2.345154530717464e-05,1.8500258103345428e-05,1.4101808466482018e-05,1.0267435557253774e-05,7.00580592806418e-06,4.337180196334662e-06,2.3075640849026503e-06,1.0015900036742303e-06,5.22482837331303e-07,9.021497302921827e-08,-2.9859930916802335e-07,-6.468571817555976e-07,-9.570788919255975e-07,-1.2314951365468298e-06,-1.472114501063463e-06,-1.6807760956562092e-06,-1.8591905657017514e-06,-2.0089716852665564e-06,-2.1316602848632784e-06,-2.2287421089520797e-06,-2.3016609930106953e-06,-2.3518285082012514e-06,-2.380630981884098e-06,-2.3894345904800193e-06,-2.3795890466859983e-06,-2.3524302653240546e-06,-2.309282286305704e-06,-2.2514586532391765e-06,-2.180263386202047e-06,-2.096991642030581e-06,-2.0029301208704694e-06,-1.8993572501718214e-06,-1.7875431538275586e-06,-1.6687493921258168e-06,-1.544228435130845e-06,-1.4152228055138052e-06,-1.2829637941117944e-06,-1.1486696100116482e-06,-1.0135427747578246e-06,-8.787665076235569e-07,-7.454997819465368e-07,-6.148706808044972e-07,-4.879676926906251e-07,-3.658287589422152e-07,-2.494284942862385e-07,-1.396652544049983e-07,-3.735214923976361e-08,5.678077172703827e-08,1.4096985242024165e-07,2.1684862070395827e-07,2.84463466323982e-07,3.439293051622093e-07,3.9541909785079143e-07,4.3915260720927044e-07,4.7538616152709936e-07,5.044039363089098e-07,5.265108465213492e-07,5.420269706361783e-07,5.512833055953091e-07,5.546186132128354e-07,5.523771268069475e-07,5.449069219887055e-07,5.325587987707641e-07,5.156855638918548e-07,4.946416389383145e-07,4.697829512247855e-07,4.414670915235954e-07,4.1005374682751035e-07,3.7590543815571457e-07,3.3938861243964696e-07,3.0087515177234176e-07,2.607443698812691e-07,2.1938556783294276e-07,1.7720125232639077e-07,1.346113265686697e-07,9.205915354466985e-08,5.0021475701310204e-08,9.02457735284555e-09,5.829506433055014e-07,1.1220879342255275e-06,1.7864867500423016e-06,2.5641651322798814e-06,3.4467869940247874e-06,4.430187554904592e-06,5.514872712265098e-06,6.7064837005992434e-06,8.016209505328832e-06,9.461096395572486e-06,1.1064132470760233e-05,1.285386306925852e-05,1.4863104845486646e-05,1.712604876533702e-05,1.9672632516248437e-05,2.2518370230750697e-05,2.5646385618891106e-05,2.8971748567649274e-05,3.227265783894223e-05,3.4649367104434734e-05,3.512377536146196e-05,3.3101571822226085e-05,2.919719990551355e-05,2.441137431338823e-05,1.9671580233675338e-05,1.5235452843796662e-05,1.123532212998609e-05,7.751241369545674e-06,4.852032716306694e-06,2.6206628918612084e-06,1.1753579902195379e-06,6.901647142324958e-07,2.5259596577211844e-07,-1.4085663584845917e-07,-4.932199948418109e-07,-8.071387570091509e-07,-1.0849569762896745e-06,-1.3287833903819403e-06,-1.5405432633373883e-06,-1.722019455059699e-06,-1.8748847042552773e-06,-2.000726718485808e-06,-2.101067434016992e-06,-2.177377640097662e-06,-2.2310879869763507e-06,-2.2635972176172975e-06,-2.2762782938805162e-06,-2.270482939210824e-06,-2.247544995588558e-06,-2.2087828921521806e-06,-2.155501443708734e-06,-2.0889931356238745e-06,-2.0105390035821693e-06,-1.9214091789773286e-06,-1.822863140194187e-06,-1.71614968413728e-06,-1.6025066087404984e-06,-1.4831600738351924e-06,-1.3593235829405634e-06,-1.232196501024421e-06,-1.1029619927884795e-06,-9.72784234314583e-07,-8.428047238508131e-07,-7.141375088473572e-07,-5.878631840977522e-07,-4.6502165048461626e-07,-3.46603951174992e-07,-2.335441315334924e-07,-1.2671313925470432e-07,-2.6918206823641463e-08,6.508761031809675e-08,1.4720814628945107e-07,2.212142561250625e-07,2.8716958899047923e-07,3.4519017952227363e-07,3.954402099495071e-07,4.381252887753226e-07,4.734852142203335e-07,5.017871658494405e-07,5.233197333826738e-07,5.383879231896225e-07,5.473091348389235e-07,5.504100158973245e-07,5.480240690096286e-07,5.40489882907308e-07,5.28149874668003e-07,5.113494540262422e-07,4.904365459452406e-07,4.657614322222207e-07,4.376768956575759e-07,4.0653867104805364e-07,3.727062258423095e-07,3.365439094142994e-07,2.984225236229456e-07,2.5872138190739464e-07,2.1783095375695674e-07,1.7615627749969e-07,1.341215287144649e-07,9.217648158016503e-08,5.080583488968514e-08,1.0541778395337909e-08,6.566909520215349e-07,1.2148451778608126e-06,1.9186805428582187e-06,2.7535091716400582e-06,3.7093215921587833e-06,4.78078593863979e-06,5.967311890658937e-06,7.273104967969503e-06,8.707119648006477e-06,1.028278263676078e-05,1.2017283246953094e-05,1.393010329686234e-05,1.604026730852541e-05,1.836150401266111e-05,2.089404654441469e-05,2.3610951743918684e-05,2.6434823004417635e-05,2.9196897368120092e-05,3.154383719027779e-05,3.295823670828731e-05,3.293074567834754e-05,3.126476644142139e-05,2.8180591769282056e-05,2.421382934795713e-05,1.9913420586673115e-05,1.5672554227387784e-05,1.1711730635007362e-05,8.176395719864343e-06,5.183679462971587e-06,2.8538132816048034e-06,1.3355639856009494e-06,8.462006074682667e-07,4.0483080434807216e-07,7.931760404470034e-09,-3.4757007385024715e-07,-6.643825882658014e-07,-9.449191108226085e-07,-1.1913571155862765e-06,-1.4056860701903063e-06,-1.5897461515633117e-06,-1.745259339648728e-06,-1.8738541521012383e-06,-1.977085114355334e-06,-2.056447930754397e-06,-2.1133912022752895e-06,-2.14932541214074e-06,-2.165629776916112e-06,-2.163657444999899e-06,-2.144739421990978e-06,-2.1101875153976585e-06,-2.061296519354403e-06,-1.9993458018631597e-06,-1.9256004103730607e-06,-1.8413117738935036e-06,-1.7477180490299942e-06,-1.6460441312995474e-06,-1.5375013300777405e-06,-1.4232866841905648e-06,-1.3045818746707697e-06,-1.1825516716046312e-06,-1.0583418348566582e-06,-9.330763779386118e-07,-8.078541089312301e-07,-6.83744397748498e-07,-5.617822109425743e-07,-4.429626439204067e-07,-3.2823551484147266e-07,-2.1850111167512204e-07,-1.1460888527326161e-07,-1.736158092666892e-08,7.24724676829e-08,1.5252081380823844e-07,2.2462650982478815e-07,2.888750519121491e-07,3.453904213233481e-07,3.943349230041268e-07,4.3590599706446045e-07,4.7033165514550223e-07,4.978655593072908e-07,5.187823122827562e-07,5.333732502705909e-07,5.419428606809313e-07,5.448058450250112e-07,5.422847893700774e-07,5.347083788212124e-07,5.224100874057945e-07,5.057272820656023e-07,4.850006931792602e-07,4.605742203940815e-07,4.327950594037596e-07,4.020141515570022e-07,3.6858697325666805e-07,3.3287469606682347e-07,2.952457628842433e-07,2.560779457634282e-07,2.1576098976462883e-07,1.7470002278801113e-07,1.3332002995067498e-07,9.207178472121645e-08,5.143948740199851e-08,1.1949624071220345e-08,7.232082688475312e-07,1.2975627081838562e-06,2.0352552002420794e-06,2.9186689977907677e-06,3.935636552425595e-06,5.07894671179461e-06,6.345966962017123e-06,7.738263792389163e-06,9.261079312290334e-06,1.092248655122194e-05,1.2731979990844217e-05,1.469815227135718e-05,1.6824953824493296e-05,1.9105816440061768e-05,2.1514622961609657e-05,2.3992100628291324e-05,2.642592466968681e-05,2.862347544372875e-05,3.0302054476383774e-05,3.1130750973234466e-05,3.08371400576941e-05,2.9321595653823607e-05,2.6711008151569926e-05,2.3307638526726396e-05,1.947752284100124e-05,1.5546803605675625e-05,1.1763424947922649e-05,8.311335748211435e-06,5.343509362885158e-06,3.009691861778751e-06,1.4807303308888459e-06,9.892765779548376e-07,5.457773791985302e-07,1.4678788524041917e-07,-2.1073831155092757e-07,-5.295149649601569e-07,-8.119809717190243e-07,-1.0603497379135008e-06,-1.2766506533340205e-06,-1.4627635494777664e-06,-1.6204470550555985e-06,-1.751361702274109e-06,-1.8570885655870657e-06,-1.9391441497377447e-06,-1.9989921767435232e-06,-2.0380528468838567e-06,-2.0577100681890267e-06,-2.0593170676485825e-06,-2.044200720463358e-06,-2.013664864533828e-06,-1.96899280752756e-06,-1.911449183393935e-06,-1.8422812732988534e-06,-1.7627198713860326e-06,-1.673979747143449e-06,-1.5772597321452473e-06,-1.4737424384722395e-06,-1.364593598521422e-06,-1.2509610011792824e-06,-1.133972988457873e-06,-1.014736472274692e-06,-8.943344381325815e-07,-7.738229296075139e-07,-6.54227568075083e-07,-5.36539774778801e-07,-4.217130493208881e-07,-3.106599387580838e-07,-2.0425069964015723e-07,-1.0331504843087629e-07,-8.648644579116248e-09,7.89742465609578e-08,1.5695507806204933e-07,2.2714911160724011e-07,2.896645670862261e-07,3.446369249984605e-07,3.9223118569713816e-07,4.326411753601428e-07,4.660871247524236e-07,4.928124195949051e-07,5.130801158063773e-07,5.271695817374791e-07,5.35373469852947e-07,5.379951142711414e-07,5.353463833469688e-07,5.277459775997683e-07,5.155181447419871e-07,4.989917787127191e-07,4.784998732911424e-07,4.5437930931881855e-07,4.269709652977231e-07,3.9662015260989626e-07,3.636773880643979e-07,3.2849952807040463e-07,2.91451302049231e-07,2.529073014880742e-07,2.1325451035559487e-07,1.7289550293726568e-07,1.3225246525843195e-07,9.177214943874715e-08,5.193162199671054e-08,1.3244062526910853e-08,7.823540071340242e-07,1.3686902839438411e-06,2.1325236244375743e-06,3.0533562029931737e-06,4.116587966766437e-06,5.3126202114353626e-06,6.636088760625737e-06,8.085093337231024e-06,9.660259237152717e-06,1.1363438585906297e-05,1.3195812125061561e-05,1.515508556854452e-05,1.7231393306972577e-05,1.9401448063962827e-05,2.162047285873793e-05,2.3811732678183413e-05,2.5854729328165847e-05,2.757823390747508e-05,2.877011590293087e-05,2.9214287957509263e-05,2.8749010053131056e-05,2.732275070089758e-05,2.5017748487391236e-05,2.2028968775905268e-05,1.8610892829826052e-05,1.5022147278278287e-05,1.1491970662644045e-05,8.21453919809594e-06,5.361189380470351e-06,3.098988999027473e-06,1.6097356295909941e-06,1.1183326750011655e-06,6.744680161767076e-07,2.748490046223784e-07,-8.348207226229281e-08,-4.031947495281852e-07,-6.867135153519069e-07,-9.362563028263942e-07,-1.1538680933015914e-06,-1.3414497779150948e-06,-1.5007826179841335e-06,-1.6335487287146466e-06,-1.7413480416947759e-06,-1.8257122061425346e-06,-1.8881158751707437e-06,-1.9299857940289843e-06,-1.952708065922475e-06,-1.957633922402893e-06,-1.946084274373119e-06,-1.919353270325213e-06,-1.878711043040517e-06,-1.8254057858697187e-06,-1.7606652651953252e-06,-1.6856978464898506e-06,-1.601693086964316e-06,-1.509821927553818e-06,-1.4112365004769151e-06,-1.3070695557755514e-06,-1.1984335016592158e-06,-1.0864190506555008e-06,-9.720934693766754e-07,-8.564984488613335e-07,-7.406476518992429e-07,-6.255240627579365e-07,-5.120773737452375e-07,-4.012218003265069e-07,-2.938349202575818e-07,-1.9075835714031478e-07,-9.280130790432375e-08,-7.47923585479549e-10,8.463079097053431e-08,1.6055324297256426e-07,2.2883502003574452e-07,2.8960590643936656e-07,3.430142362987982e-07,3.8923043208249617e-07,4.2844793302085784e-07,4.608823581693368e-07,4.867696205851821e-07,5.063635294928556e-07,5.199332509063478e-07,5.277608651636867e-07,5.301391630174368e-07,5.273697547011228e-07,5.197615225804309e-07,5.076294220554865e-07,4.91293622487759e-07,4.710789760099473e-07,4.4731480391008016e-07,4.203349954662833e-07,3.9047842101582186e-07,3.580896687561832e-07,3.2352012312990796e-07,2.8712941224114037e-07,2.4928726345955206e-07,2.1037581921111177e-07,1.707924707754196e-07,1.3095324328350397e-07,9.129666523946401e-08,5.228781989437606e-08,1.4421842993100966e-08,8.340181687552865e-07,1.4272271815822239e-06,2.2081405976469564e-06,3.1536744959747535e-06,4.2467600740217005e-06,5.475162577956652e-06,6.8304184747826285e-06,8.30676378074461e-06,9.899894016837087e-06,1.1605378102481555e-05,1.3416527747489649e-05,1.532150412742732e-05,1.729944433943927e-05,1.931545760814851e-05,2.131458037716097e-05,2.321542558073729e-05,2.490578202055689e-05,2.624453213601898e-05,2.7074965977228364e-05,2.7251203434231568e-05,2.6672269439567434e-05,2.5311646996996088e-05,2.322973367242373e-05,2.0563788563966125e-05,1.7500892024361252e-05,1.4246613552952131e-05,1.1001706686085538e-05,7.952456901419125e-06,5.273149501956457e-06,3.1356872925411316e-06,1.721813923768036e-06,1.2325792011383843e-06,7.90136513594123e-07,3.9139984552711886e-07,3.354784025745164e-08,-2.8600404612676643e-07,-5.696317695178464e-07,-8.195297623876062e-07,-1.0377359370015819e-06,-1.2261541716269955e-06,-1.3865741202381672e-06,-1.5206883740459461e-06,-1.6301071185302918e-06,-1.716370497687927e-06,-1.780958932549001e-06,-1.8253016522128293e-06,-1.850783688903609e-06,-1.8587515694050038e-06,-1.8505179086901966e-06,-1.8273650817366895e-06,-1.7905481194284068e-06,-1.7412969460713842e-06,-1.6808180504909493e-06,-1.6102956604372441e-06,-1.5308924712480707e-06,-1.4437499644258084e-06,-1.3499883400884102e-06,-1.2507060795529572e-06,-1.1469791515085089e-06,-1.0398598789667296e-06,-9.303754970357323e-07,-8.195264572379772e-07,-7.082845773002289e-07,-5.975912011788557e-07,-4.883556263602983e-07,-3.8145417331108594e-07,-2.777304041488116e-07,-1.7799711511140463e-07,-8.304077638544977e-08,6.371008247387673e-09,8.947881000758754e-08,1.6335426116074363e-07,2.2972994155726102e-07,2.887550312999916e-07,3.405906945819284e-07,3.8541415441150665e-07,4.2342058225398766e-07,4.5482335192336186e-07,4.798531939160988e-07,4.987566974662157e-07,5.117945004191797e-07,5.192394085312864e-07,5.213746055919135e-07,5.184920550985793e-07,5.10891151041513e-07,4.988776466599135e-07,4.827628726626471e-07,4.628632474178827e-07,4.3950007845430803e-07,4.129996552130321e-07,3.8369363578731635e-07,3.519197343216493e-07,3.1802272015173357e-07,2.8235574409639305e-07,2.452820102644954e-07,2.071768094261303e-07,1.684299130974043e-07,1.2944827870388243e-07,9.065891105025424e-08,5.251153830403697e-08,1.5480471021323467e-08,8.781356033851534e-07,1.472710792060889e-06,2.261074271932344e-06,3.218046013274917e-06,4.3242773780727925e-06,5.564913320615277e-06,6.928346025667851e-06,8.404955605355542e-06,9.985702408813556e-06,1.16604289535908e-05,1.3415733357508304e-05,1.5232297672883607e-05,1.7081617619343077e-05,1.892223137266343e-05,2.069586425394515e-05,2.2324496405373995e-05,2.3710179384265243e-05,2.473998689928596e-05,2.5297895099310056e-05,2.5283074185918976e-05,2.4630707588236606e-05,2.33289973497185e-05,2.1426380894221286e-05,1.9026542950712074e-05,1.627371678836843e-05,1.3334329921749012e-05,1.0381416565172501e-05,7.585748584323485e-06,5.114218543642071e-06,3.133552799921825e-06,1.8165324678720181e-06,1.3314939946856413e-06,8.922281122539979e-07,4.958900751015372e-07,1.398282064582381e-07,-1.7842646044665092e-07,-4.611742325453541e-07,-7.105626291813429e-07,-9.286026922147631e-07,-1.1171848126772836e-06,-1.2780935105156862e-06,-1.4130208598184606e-06,-1.5235784279603934e-06,-1.6113077149673906e-06,-1.6776891553250698e-06,-1.7241497896720917e-06,-1.7520697364249427e-06,-1.7627875997039893e-06,-1.7576049451888601e-06,-1.7377899639509374e-06,-1.7045804291649743e-06,-1.6591860342623031e-06,-1.602790185166298e-06,-1.5365513047905488e-06,-1.4616036956536058e-06,-1.3790579967744767e-06,-1.290001264472444e-06,-1.1954967039948623e-06,-1.0965830810655849e-06,-9.94273850973179e-07,-8.895560597182183e-07,-7.833890994755611e-07,-6.767034417515166e-07,-5.703995279183266e-07,-4.6534706772386734e-07,-3.623850764482601e-07,-2.6232305692584847e-07,-1.6594377847392767e-07,-7.40080824650266e-08,1.2737996952313946e-08,9.355383282866945e-08,1.6539464268245532e-07,2.2987454439068815e-07,2.871595455791659e-07,3.3742281574469385e-07,3.8084883300600507e-07,4.1763576215185914e-07,4.479964010483607e-07,4.7215807934799907e-07,4.90361862653236e-07,5.028613536916177e-07,5.09921314457562e-07,5.118162717494113e-07,5.088292178330866e-07,5.012504789881847e-07,4.893767965148917e-07,4.7351064571510965e-07,4.5395980648966335e-07,4.310371926428987e-07,4.050609440827153e-07,3.7635478543687535e-07,3.4524865500508865e-07,3.1207960835870266e-07,2.77192999952587e-07,2.409439415284653e-07,2.0369902354810245e-07,1.6583825803483792e-07,1.2775714764192178e-07,8.986869528250228e-08,5.2605033060688535e-08,1.641816336929474e-08,9.146904718054508e-07,1.5051532387507194e-06,2.2914448615513657e-06,3.246908467261242e-06,4.350288391487497e-06,5.584355407319317e-06,6.934589840657991e-06,8.387849836473784e-06,9.93092449812883e-06,1.1548874764745703e-05,1.3223086719603856e-05,1.4929009413740001e-05,1.663364132030999e-05,1.8292995342542542e-05,1.985004103568507e-05,2.1233981592891924e-05,2.2362035125949574e-05,2.314485998398647e-05,2.3496071568178724e-05,2.334491089259258e-05,2.2649529057195147e-05,2.1407414011798023e-05,1.9659929997225974e-05,1.7489777394621896e-05,1.5012606899576087e-05,1.2365853337444366e-05,9.69828131706032e-06,7.162756599162534e-06,4.91307523732103e-06,3.1041328963092585e-06,1.8937562026141647e-06,1.4148065174903334e-06,9.80396901319843e-07,5.879403720493566e-07,2.3497458627377458e-07,-8.083342126548703e-08,-3.6168858912660604e-07,-6.096733478632429e-07,-8.26755642677762e-07,-1.0147982229799203e-06,-1.175568338583397e-06,-1.310747272585037e-06,-1.4219393533813402e-06,-1.5106802396178877e-06,-1.5784443774216695e-06,-1.6266516007639166e-06,-1.6566728918613757e-06,-1.6698353458837163e-06,-1.6674263981039425e-06,-1.6506973762260544e-06,-1.6208664392639021e-06,-1.5791209595527192e-06,-1.5266193981558657e-06,-1.4644927174443917e-06,-1.3938453690063458e-06,-1.3157558911265367e-06,-1.2312771486282474e-06,-1.1414362497321508e-06,-1.0472341807636589e-06,-9.496452112360539e-07,-8.496161404167527e-07,-7.480654832795594e-07,-6.458827296059146e-07,-5.43927854509884e-07,-4.430313089296119e-07,-3.439947677004656e-07,-2.4759294807991185e-07,-1.545768137696018e-07,-6.567842308281816e-08,1.8382465427269622e-08,9.689018825350843e-08,1.667089884420981e-07,2.293058580190102e-07,2.8486101547853407e-07,3.335583970760229e-07,3.7558959669844347e-07,4.1115640713116895e-07,4.404721548101939e-07,4.637620934945498e-07,4.812631253491631e-07,4.932230878495068e-07,4.99899802061144e-07,5.015600335712654e-07,4.984784774982665e-07,4.909368460324323e-07,4.792231113647099e-07,4.6363093808778664e-07,4.4445932613581447e-07,4.220124767994337e-07,3.965998890235025e-07,3.685366898372807e-07,3.381442001954232e-07,3.0575073445408887e-07,2.7169262654562397e-07,2.3631546626169668e-07,1.999755113499563e-07,1.6304121057856657e-07,1.2589472428581614e-07,8.893325836192719e-08,5.256993447959958e-08,1.7233804110089118e-08,9.437188007423497e-07,1.5249498726540747e-06,2.300290326924579e-06,3.242287573822494e-06,4.328279319560151e-06,5.5390819126362756e-06,6.8577024166018236e-06,8.268035433360338e-06,9.753482500951282e-06,1.1295441047331377e-05,1.2871640641749566e-05,1.445436038852588e-05,1.600865280607354e-05,1.7490835790533198e-05,1.884768986995176e-05,2.0016967770541367e-05,2.0929883419346708e-05,2.151605633619709e-05,2.171085466117218e-05,2.1464281824678242e-05,2.0749777502541727e-05,1.9570950675234675e-05,1.796460982073215e-05,1.5999458879062868e-05,1.3771095554224819e-05,1.1394940506281966e-05,8.99904527653209e-06,6.7183200304640366e-06,4.690853721850647e-06,3.05605358598373e-06,1.9536060956945683e-06,1.482473908129277e-06,1.0544945929953396e-06,6.673400610753629e-07,3.1874479536686356e-07,6.5228031563927066e-09,-2.7142297353481413e-07,-5.170970717636561e-07,-7.324120087470146e-07,-9.191914677028885e-07,-1.0791751199674328e-06,-1.2140243282284284e-06,-1.3253282017335904e-06,-1.414609642582796e-06,-1.4833311463064751e-06,-1.5329002090369556e-06,-1.5646742573544326e-06,-1.5799650604545914e-06,-1.5800426133851514e-06,-1.5661384985540815e-06,-1.539448743359152e-06,-1.5011361976151507e-06,-1.4523324571829938e-06,-1.3941393613574675e-06,-1.3276300924985014e-06,-1.2538499080229768e-06,-1.1738165381894664e-06,-1.0885202889235367e-06,-9.989238982024897e-07,-9.059622080898023e-07,-8.105417331961982e-07,-7.135402305689479e-07,-6.158064055039006e-07,-5.181599208825381e-07,-4.213919105941531e-07,-3.262662236788261e-07,-2.3352163477280376e-07,-1.4387523460091187e-07,-5.8027145576000077e-08,2.333342541036464e-08,9.952100378235634e-08,1.6733030995473296e-07,2.2805816670304588e-07,2.8189653375518845e-07,3.2903871430459726e-07,3.696829279443823e-07,4.040347981016199e-07,4.3230885134504607e-07,4.547292063484335e-07,4.715296507831253e-07,4.829532943193617e-07,4.892519611089217e-07,4.906854550460872e-07,4.875208013325871e-07,4.800315413837215e-07,4.684971361736127e-07,4.532025159220014e-07,4.34437801138284e-07,4.124982106834467e-07,3.8768416574331557e-07,3.603015934021686e-07,3.3066242876329637e-07,2.990853090283605e-07,2.658964450728578e-07,2.314306438398966e-07,1.9603243583420062e-07,1.6005723345988821e-07,1.2387240585895287e-07,8.785810402972081e-08,5.240760849863318e-08,1.7926902716592395e-08,9.653092008717648e-07,1.5327784307860073e-06,2.289307370975306e-06,3.2073300598637297e-06,4.263345709572201e-06,5.436744618040725e-06,6.708626818964192e-06,8.060605196057093e-06,9.473565831239497e-06,1.0926369620178975e-05,1.2394510781387225e-05,1.384879983604822e-05,1.5254212902934269e-05,1.656914267688652e-05,1.7745382012837403e-05,1.8729228753042892e-05,1.9464059561413458e-05,1.9894523297978917e-05,1.9972140027416438e-05,1.9661636607834428e-05,1.8946966670817707e-05,1.7835838544913426e-05,1.636181987754429e-05,1.4583657677390845e-05,1.258214794333712e-05,1.0455444789857207e-05,8.313912437968958e-06,6.275443891259895e-06,4.461701819914201e-06,2.995168395672341e-06,1.996416713614617e-06,1.5346531824787126e-06,1.1145539541418955e-06,7.340388720916014e-07,3.9103658271878875e-07,8.351074608124958e-08,-1.9052190868941584e-07,-4.3298036100573107e-07,-6.457132706745633e-07,-8.304967098442079e-07,-9.8903451779789e-07,-1.1229604115493997e-06,-1.2338412045435626e-06,-1.3231806569128855e-06,-1.3924236119524587e-06,-1.4429601731619275e-06,-1.476129751131243e-06,-1.4932248652952209e-06,-1.4954946264568946e-06,-1.4841478555328559e-06,-1.4603558150771704e-06,-1.4252545451354932e-06,-1.3799468058083536e-06,-1.3255036371250903e-06,-1.2629655537519021e-06,-1.193343398802159e-06,-1.1176188885345955e-06,-1.036744888889659e-06,-9.516454763723426e-07,-8.632158503590057e-07,-7.723221818189884e-07,-6.798015045571819e-07,-5.864617784602255e-07,-4.930822777243405e-07,-4.0041447687108716e-07,-3.0918361776790023e-07,-2.20091134136678e-07,-1.338180769684556e-07,-5.1029615202137234e-08,2.7619428574240774e-08,1.0147821997750007e-07,1.6729022802214416e-07,2.2616358894668772e-07,2.7829978401118725e-07,3.239000827637226e-07,3.6316866291354034e-07,3.9631490285923443e-07,4.2355488538748876e-07,4.451122278531837e-07,4.612183816050794e-07,4.7211254486659176e-07,4.780413206671008e-07,4.792582321352991e-07,4.7602318620754945e-07,4.686019564402197e-07,4.572657376853743e-07,4.42290810493012e-07,4.239583412207325e-07,4.0255433454816204e-07,3.7836974775242704e-07,3.5170076988895657e-07,3.2284926299553374e-07,2.921233555032577e-07,2.598381689151766e-07,2.2631664603254895e-07,1.9189043104332728e-07,1.5690072740963106e-07,1.2169902838229223e-07,8.664757836615294e-08,5.211938405492131e-08,1.8497554412839165e-08,9.796019493942048e-07,1.5295023877095186e-06,2.260602986392168e-06,3.1458592909348785e-06,4.161513086548337e-06,5.2861034376679115e-06,6.4994446548088745e-06,7.781587420173812e-06,9.111764120138365e-06,1.0467329800591642e-05,1.1822737251138385e-05,1.314862586357565e-05,1.4411156231589607e-05,1.5571778131331735e-05,1.658766169041058e-05,1.7413023294655766e-05,1.8001508295167064e-05,1.8309632579756552e-05,1.830104683332941e-05,1.7951126720337096e-05,1.7251199406230865e-05,1.6211681705375063e-05,1.4863571552268372e-05,1.32580687887059e-05,1.1464496879717473e-05,9.567017288228668e-06,7.660764546950212e-06,5.847946450283581e-06,4.2341940688903105e-06,2.925111211147754e-06,2.022696466958612e-06,1.571672651825103e-06,1.1607694871984045e-06,7.881349439780645e-07,4.518811790383163e-07,1.5011729215877725e-07,-1.1902604193925187e-07,-3.573792393033666e-07,-5.667223493320939e-07,-7.487781124644933e-07,-9.052083893255217e-07,-1.0376130452730748e-06,-1.1475305719043803e-06,-1.2364398889981908e-06,-1.3057629002006328e-06,-1.356867478836691e-06,-1.3910706415248958e-06,-1.4096417309726956e-06,-1.413805478903743e-06,-1.4047448583996966e-06,-1.3836036644665692e-06,-1.3514887844300959e-06,-1.3094721375943678e-06,-1.2585922779776657e-06,-1.199855666167587e-06,-1.1342376275343826e-06,-1.062683025169827e-06,-9.861066877879812e-07,-9.053936460688815e-07,-8.213992459406434e-07,-7.349492241252225e-07,-6.468398494368175e-07,-5.578382516037955e-07,-4.6868307558498146e-07,-3.8008561009972036e-07,-2.927315398044693e-07,-2.0728345566752462e-07,-1.243842216713198e-07,-4.4661232473483735e-08,3.126849876379977e-08,1.0279261709605972e-07,1.6661910360292726e-07,2.236524622017056e-07,2.741017753040124e-07,3.1817497707832985e-07,3.560814785602532e-07,3.8803417600463107e-07,4.142508470061289e-07,4.34955006432323e-07,4.503763223592708e-07,4.6075069931097294e-07,4.663201311410971e-07,4.673324142975488e-07,4.640407976824512e-07,4.5670363029962233e-07,4.455840538562333e-07,4.309497752056757e-07,4.130729431908986e-07,3.9223014590128817e-07,3.687025371616018e-07,3.427760946175663e-07,3.147420053201349e-07,2.848971673720764e-07,2.5354478702936857e-07,2.2099503867198695e-07,1.8756573945321753e-07,1.5358297083866278e-07,1.1938155613479813e-07,8.530527810899763e-08,5.170669644765808e-08,1.8946402822034228e-08,9.8678671645808e-07,1.5160870216821212e-06,2.216478919203158e-06,3.061992406346426e-06,4.0291613775874295e-06,5.09624269159585e-06,6.242382363038804e-06,7.44676216720914e-06,8.68774808449333e-06,9.94206983688562e-06,1.1184080992107103e-05,1.2385177856307668e-05,1.3513487942081872e-05,1.453396707014914e-05,1.5409055423569388e-05,1.6100021202867036e-05,1.6569052024907782e-05,1.6782035549708183e-05,1.6711817642218088e-05,1.634157563627881e-05,1.5667845830174456e-05,1.470274230288381e-05,1.3475015338639368e-05,1.2029798858508354e-05,1.0427128086869243e-05,8.739497476890312e-06,7.0488150655851194e-06,5.443069876927623e-06,4.012884669086631e-06,2.8479368828172903e-06,2.033092358007662e-06,1.5940045848600199e-06,1.1934772730398926e-06,8.298607475909796e-07,5.014341081960147e-07,2.064422380286401e-07,-5.687485196204476e-08,-2.9026003231052177e-07,-4.954232801116755e-07,-6.740308992457567e-07,-8.276986455945793e-07,-9.579878410505836e-07,-1.0664037259294926e-06,-1.1543954438398914e-06,-1.2233571748831226e-06,-1.274630034350877e-06,-1.3095044376009716e-06,-1.3292227001597486e-06,-1.3349816976909412e-06,-1.3279354554021047e-06,-1.3091975726330025e-06,-1.2798434175034487e-06,-1.2409120501411616e-06,-1.1934078525552856e-06,-1.1383018599080679e-06,-1.0765328028541916e-06,-1.0090078846967771e-06,-9.366033311076048e-07,-8.601647646181612e-07,-7.805074712709059e-07,-6.984166426101391e-07,-6.146476919732993e-07,-5.299267585627967e-07,-4.4495152402344523e-07,-3.6039247141044954e-07,-2.768947119968892e-07,-1.950804874414144e-07,-1.1555241966927337e-07,-3.889752541589297e-08,3.43080653950324e-08,1.0349385160570049e-07,1.6534613163479627e-07,2.2055360708740573e-07,2.6933135995495484e-07,3.118928463295011e-07,3.4845201046769423e-07,3.792249542071632e-07,4.0443114904913094e-07,4.2429423373427904e-07,4.39042465293127e-07,4.489089005515679e-07,4.5413138440648825e-07,4.549524147822571e-07,4.516189447281913e-07,4.443821715292152e-07,4.334973522469882e-07,4.1922367550222067e-07,4.018242108501776e-07,3.8156594976374766e-07,3.5871994576064886e-07,3.33561555161939e-07,3.0637077379461787e-07,2.77432658019498e-07,2.470378101200463e-07,2.154828977432122e-07,1.8307116437846366e-07,1.5011287287536112e-07,1.1692560747739827e-07,8.383434329461192e-08,5.1171177490953904e-08,1.927460478997323e-08,9.870992482015734e-07,1.4935324128707283e-06,2.159260228759625e-06,2.959837837560746e-06,3.872577422479014e-06,4.8759778701043544e-06,5.949087862579652e-06,7.070845475789934e-06,8.219428537054484e-06,9.371654853455877e-06,1.050248462915477e-05,1.158469508717364e-05,1.2588814802463665e-05,1.348341591587611e-05,1.423585776562826e-05,1.4813546929745868e-05,1.518572091920461e-05,1.5325678167157657e-05,1.5213278732755955e-05,1.483745170735104e-05,1.419839441588399e-05,1.3309157095740824e-05,1.2196380647528595e-05,1.0900078666733201e-05,9.472494349299489e-06,7.97617696829152e-06,6.48147800406424e-06,5.063650052106066e-06,3.7996543457319975e-06,2.764683852204597e-06,2.028359903083425e-06,1.6022402859768666e-06,1.2131352835461205e-06,8.595681842025516e-07,5.399643748865969e-07,2.5269079322788075e-07,-3.911591960069025e-09,-2.3150244023972481e-07,-4.31723002472915e-07,-6.061823419969586e-07,-7.564478136380255e-07,-8.840389170881454e-07,-9.904237704965133e-07,-1.0770175725315443e-06,-1.1451825309818592e-06,-1.196228832081605e-06,-1.2314163076092978e-06,-1.2519565273990283e-06,-1.2590151044068768e-06,-1.2537140491780453e-06,-1.2371340517892394e-06,-1.2103166034302733e-06,-1.174265898044331e-06,-1.1299504781139606e-06,-1.0783046089172614e-06,-1.0202293834284788e-06,-9.565935763976454e-07,-8.882342817340075e-07,-8.159573826290217e-07,-7.405379190911738e-07,-6.627204325600399e-07,-5.832193814041732e-07,-5.027197332372696e-07,-4.2187784838502025e-07,-3.4132277123786007e-07,-2.6165803998432016e-07,-1.834641076127727e-07,-1.0730143574368085e-07,-3.371427628214961e-08,3.676490657088728e-08,1.0361050079794829e-07,1.634994155595046e-07,2.1689451755991036e-07,2.640156093952852e-07,3.050807205975825e-07,3.4030770779156944e-07,3.6991555295299114e-07,3.941253408392207e-07,4.131609390149319e-07,4.27249424067389e-07,4.366213060807449e-07,4.415106048296541e-07,4.421548280525069e-07,4.387948964408509e-07,4.3167505299015384e-07,4.2104278705911693e-07,4.071487964734054e-07,3.9024700457516626e-07,3.705946433069665e-07,3.48452408083774e-07,3.240846850672981e-07,2.977598461367888e-07,2.697506009257308e-07,2.40334388353042e-07,2.097937818078976e-07,1.784168724530054e-07,1.4649758425071754e-07,1.1433586301436068e-07,8.223767121547935e-08,5.051471170351385e-08,1.9483797174863215e-08,9.808173182112533e-07,1.4628242820424222e-06,2.0911704879113416e-06,2.8432768243043806e-06,3.6976373552834105e-06,4.633447022010392e-06,5.630154842341924e-06,6.666989259083579e-06,7.722496362335094e-06,8.774133984074989e-06,9.797971935267467e-06,1.0768557795269301e-05,1.1659014809193629e-05,1.2441438807872078e-05,1.3087649419924914e-05,1.3570322914874392e-05,1.3864488507416025e-05,1.3949310633621086e-05,1.3810016376541404e-05,1.343977445756727e-05,1.2841305578302762e-05,1.2028014436237647e-05,1.102448291472831e-05,9.866241467808275e-06,8.59882168241484e-06,7.276164033854148e-06,5.958492052625823e-06,4.7097599994739e-06,3.5947439083855344e-06,2.675802404903744e-06,2.009338176990289e-06,1.5970681328656047e-06,1.2203049785303403e-06,8.777137484416191e-07,5.678428789497019e-07,2.891647728279441e-07,4.011015501354117e-08,-1.8090435590435408e-07,-3.754549067271942e-07,-5.450944347308662e-07,-6.913411622695345e-07,-8.156707271135696e-07,-9.19511207682513e-07,-1.0042404017178072e-06,-1.0711848133567818e-06,-1.1216198929987886e-06,-1.1567711550342836e-06,-1.1778158697998429e-06,-1.1858850880547002e-06,-1.182065809318485e-06,-1.1674031503380731e-06,-1.1429024077309647e-06,-1.1095309405571837e-06,-1.0682198253091514e-06,-1.0198652586604156e-06,-9.653297032826826e-07,-9.054427900049555e-07,-8.410020062564423e-07,-7.727732165911675e-07,-7.014910763461033e-07,-6.278594140009424e-07,-5.525516710542611e-07,-4.7621149923444166e-07,-3.99453622203625e-07,-3.2286507079049174e-07,-2.4700689518351387e-07,-1.7241644246380797e-07,-9.961026180564944e-08,-2.9087661859025485e-08,3.866510458729269e-08,1.0317011416632059e-07,1.611060327597658e-07,2.1270150623274716e-07,2.581800979259408e-07,2.9776367615242986e-07,3.3167350366175233e-07,3.6013114704351167e-07,3.833591877527507e-07,4.0158174523261674e-07,4.150248367579219e-07,4.2391660523367767e-07,4.284874481523588e-07,4.2897007984898465e-07,4.255995561990817e-07,4.186132868357327e-07,4.0825105544736186e-07,3.9475506417130607e-07,3.783700137474979e-07,3.5934322700603674e-07,3.3792481936628284e-07,3.14367916159989e-07,2.889289125290997e-07,2.618677671378053e-07,2.3344831575048204e-07,2.0393858472540297e-07,1.736110776917484e-07,1.42743001396179e-07,1.1161638949371964e-07,8.051807668758458e-08,4.97394706914456e-08,1.9576065343802968e-08,9.68256234134585e-07,1.4249013418990012e-06,2.014250310851673e-06,2.715822370341587e-06,3.509606264812362e-06,4.375863485356976e-06,5.2948542057152555e-06,6.246531380540259e-06,7.21024533949406e-06,8.164501655728109e-06,9.086817933129248e-06,9.953728314173676e-06,1.074098514963873e-05,1.1424002187458318e-05,1.1978569808458685e-05,1.238184836856097e-05,1.2613610978559737e-05,1.2657665624820096e-05,1.2503345263890302e-05,1.214692243312609e-05,1.1592790818312785e-05,1.0854265702644738e-05,9.953888155130823e-06,8.92316748344671e-06,7.801751025206303e-06,6.636056290559525e-06,5.477427121322626e-06,4.379879128069294e-06,3.397486415014346e-06,2.5814509612184795e-06,1.9769295339922427e-06,1.5792546958211588e-06,1.2156346274561181e-06,8.848443402213226e-07,5.855306725164518e-07,3.162530613851259e-07,7.551881369681457e-08,-1.3818801512022835e-07,-3.263838211866132e-07,-4.905680291286428e-07,-6.322102484210534e-07,-7.527412274833408e-07,-8.53546884519672e-07,-9.359647726507697e-07,-1.001282420963877e-06,-1.050737076146057e-06,-1.085516447626797e-06,-1.1067601305352733e-06,-1.115561444262121e-06,-1.112969479760387e-06,-1.0999911962236227e-06,-1.0775934481057642e-06,-1.0467048574887378e-06,-1.0082174755657563e-06,-9.62988201523171e-07,-9.118399483589703e-07,-8.555625640555275e-07,-7.949135337557352e-07,-7.30618504696143e-07,-6.633716908918575e-07,-5.93836228902578e-07,-5.226445690417696e-07,-4.503989973533532e-07,-3.776723914350612e-07,-3.050093162963487e-07,-2.329275632984448e-07,-1.6192022429262458e-07,-9.245837317255036e-08,-2.4994397722472063e-08,4.003401357470761e-08,1.0219927056494423e-07,1.581920967617758e-07,2.0799982342684045e-07,2.5184912804372266e-07,2.8996520699289093e-07,3.225723592657966e-07,3.4989449882064123e-07,3.72155581619865e-07,3.8957994862048985e-07,4.0239259372520237e-07,4.108193697130711e-07,4.150871469433388e-07,4.154239398158882e-07,4.1205901508165045e-07,4.052229944909934e-07,3.9514796225552385e-07,3.820675855943394e-07,3.662172543758837e-07,3.4783424360649703e-07,3.2715790024250985e-07,3.044298534451155e-07,2.798942448509215e-07,2.537979725793371e-07,2.2639093944617264e-07,1.9792629216913768e-07,1.6866063431212733e-07,1.3885419154103278e-07,1.0877090380935576e-07,7.867841572271737e-08,4.8847933506301904e-08,1.9553913087384025e-08,9.497641465013809e-07,1.3806365726496673e-06,1.9303125700268133e-06,2.5805434453596604e-06,3.313035103243738e-06,4.109398883955155e-06,4.951026657812502e-06,5.8189311567821556e-06,6.693592063292141e-06,7.554847807408538e-06,8.381872983415201e-06,9.153280656737063e-06,9.847385754441791e-06,1.0442658214192067e-05,1.0918380968454696e-05,1.125550750945077e-05,1.1437687655540982e-05,1.145240110916567e-05,1.1292111124297682e-05,1.0955330670253929e-05,1.0447485935358352e-05,9.781469711813896e-06,8.977799542050584e-06,8.064328144147093e-06,7.075489449891222e-06,6.051094738488488e-06,5.034713844163636e-06,4.071684603856558e-06,3.2067944540033982e-06,2.4816857726569595e-06,1.9320833904669347e-06,1.549628805546614e-06,1.199844530575123e-06,8.815840704982711e-07,5.935674760321521e-07,3.3442176942372464e-07,1.0271643286980603e-07,-1.0300715173667567e-07,-2.8421217928671646e-07,-4.4234823910923554e-07,-5.788377551086508e-07,-6.950663090079848e-07,-7.923761427928228e-07,-8.720621990912719e-07,-9.353701331786119e-07,-9.834958088629839e-07,-1.0175858672753677e-06,-1.038739029235153e-06,-1.0480078565454186e-06,-1.0464007545032327e-06,-1.0348840470540319e-06,-1.0143839978475575e-06,-9.857886857572827e-07,-9.499496731705162e-07,-9.076834305698141e-07,-8.597725026144154e-07,-8.06966420013021e-07,-7.499823787356792e-07,-6.895057241377275e-07,-6.261902927193306e-07,-5.606586786150848e-07,-4.935025052719891e-07,-4.252827945816447e-07,-3.5653053509961776e-07,-2.8774755674062427e-07,-2.1940782012429558e-07,-1.519592231918262e-07,-8.58260147012976e-08,-2.141188325789505e-08,4.0896237629787344e-08,1.0072364042916121e-07,1.5478281955004374e-07,2.0281376205110506e-07,2.450459206916626e-07,2.8170753742381236e-07,3.1302572580912795e-07,3.3922658480202225e-07,3.605353355897817e-07,3.7717647504104374e-07,3.893739405861103e-07,3.9735128260667934e-07,4.013318416815735e-07,4.015389291835837e-07,3.9819601064596367e-07,3.915268919456186e-07,3.8175590868061244e-07,3.691081191716514e-07,3.5380950132983564e-07,3.360871532428728e-07,3.1616949676477115e-07,2.9428648266062055e-07,2.7066979495695646e-07,2.455530510735207e-07,2.1917199306755554e-07,1.9176466393672393e-07,1.6357156147344904e-07,1.3483576075888853e-07,1.0580299515197839e-07,7.672168454269292e-08,4.784289805370983e-08,1.942023364831583e-08,9.257173603057002e-07,1.330829347078225e-06,1.8409263437279342e-06,2.4400401266890575e-06,3.1117325293880245e-06,3.839164177293361e-06,4.6050924987397205e-06,5.391833543622298e-06,6.181224122903903e-06,6.954619891547035e-06,7.692963300161481e-06,8.376952564730693e-06,8.98733789699997e-06,9.505363042972068e-06,9.913357887711696e-06,1.019547145021236e-05,1.0338515029132545e-05,1.0332864756955353e-05,1.0173354508688243e-05,9.860077465054525e-06,9.399010581257436e-06,8.802382230501075e-06,8.088718750246052e-06,7.282527738159197e-06,6.413600429960563e-06,5.515937768394521e-06,4.626321518681852e-06,3.782562461417834e-06,3.021466102090722e-06,2.376573248373624e-06,1.8757834201692002e-06,1.5090682990447735e-06,1.173714136487767e-06,8.686222246294504e-07,5.925607037751321e-07,3.4420436212940394e-07,1.221698505696005e-07,-7.495491924955075e-08,-2.4858717250728776e-07,-4.001309677661663e-07,-5.30963520047426e-07,-6.42425433445076e-07,-7.35814146317943e-07,-8.12379946004281e-07,-8.733239808710274e-07,-9.197977748700859e-07,-9.529038269033544e-07,-9.736969500034585e-07,-9.831860712377549e-07,-9.823362712592106e-07,-9.720708923858862e-07,-9.532735864199463e-07,-9.267902089179202e-07,-8.93430496297323e-07,-8.539694870877532e-07,-8.091486698713976e-07,-7.596768589950667e-07,-7.062308158343316e-07,-6.494556489430053e-07,-5.899650413219963e-07,-5.283413675406835e-07,-4.651357775240148e-07,-4.008683371548994e-07,-3.360283277880086e-07,-2.710748163642506e-07,-2.0643761382118892e-07,-1.4251874053145393e-07,-7.969451228089058e-08,-1.8318348096339268e-08,4.127561715423759e-08,9.876805253945593e-08,1.509025759958949e-07,1.9716675660387096e-07,2.3779278740872194e-07,2.7301190208819863e-07,3.030539593621134e-07,3.2814716232066207e-07,3.4851790909563477e-07,3.643907601112662e-07,3.759885022389724e-07,3.8353228892116366e-07,3.8724183627731415e-07,3.8733565741206294e-07,3.840313199236522e-07,3.77545714465705e-07,3.6809532485624056e-07,3.5589649249616293e-07,3.4116566971104143e-07,3.241196580903194e-07,3.049758290348279e-07,2.8395232462551055e-07,2.6126823768891193e-07,2.3714377065179808e-07,2.118003735335354e-07,1.8546086229194446e-07,1.5834951976400939e-07,1.3069218262758539e-07,1.0271631904510584e-07,7.4651102537358e-08,4.6727486957399555e-08,1.9178281552580315e-08,8.965158024292775e-07,1.2762053824836107e-06,1.7474217133579583e-06,2.296455662816698e-06,2.908790440649934e-06,3.5692593960894064e-06,4.262140684113251e-06,4.971215960121473e-06,5.679824378144975e-06,6.370942459015672e-06,7.027317975044388e-06,7.63168225812475e-06,8.16705981096958e-06,8.617186195772375e-06,8.96703457027908e-06,9.203438153670079e-06,9.31578124370362e-06,9.296716777580561e-06,9.142855929601882e-06,8.855367052443018e-06,8.440419131144786e-06,7.909409602089549e-06,7.2789273854009265e-06,6.5704175268863235e-06,5.809531352999816e-06,5.025162838786173e-06,4.248186148966412e-06,3.5099210205940497e-06,2.8403647431136414e-06,2.266250086498972e-06,1.8090375515992348e-06,1.4584891140184524e-06,1.1380709413853253e-06,8.46702414172324e-07,5.831751150234607e-07,3.4619191516586807e-07,1.3440156941497866e-07,-5.35724320533171e-08,-2.1910876737832137e-07,-3.635704644674852e-07,-4.882916920268702e-07,-5.945684382054903e-07,-6.836523714145118e-07,-7.567472321704679e-07,-8.150071780863129e-07,-8.59536584539e-07,-8.913908834997701e-07,-9.115780979022231e-07,-9.210607962216655e-07,-9.207582505928975e-07,-9.115486317374867e-07,-8.942711157715358e-07,-8.697278125576673e-07,-8.386854537732125e-07,-8.018768024731427e-07,-7.600017657893784e-07,-7.137282096063308e-07,-6.636924895473603e-07,-6.104997272153721e-07,-5.547238749985302e-07,-4.96907627325359e-07,-4.375622512443344e-07,-3.771674245419065e-07,-3.1617118490455677e-07,-2.549901081036563e-07,-1.9400984567237295e-07,-1.335861615469401e-07,-7.404661103590074e-08,-1.5693003113145504e-08,4.119522078106025e-08,9.635656495637384e-08,1.4657497172916117e-07,1.9108148259917532e-07,2.3011129792756996e-07,2.638988151853311e-07,2.9267671818746835e-07,3.1667531229236495e-07,3.3612210354979376e-07,3.5124159601018624e-07,3.622552709928653e-07,3.693817090243205e-07,3.728368164387904e-07,3.7283412240457e-07,3.695851171168968e-07,3.632996071775539e-07,3.541860692096371e-07,3.4245198723681787e-07,3.283041631930035e-07,3.1194899315923635e-07,2.935927046761148e-07,2.7344155292812435e-07,2.5170197593892933e-07,2.2858071134905527e-07,2.0428488003843086e-07,1.7902204492083601e-07,1.5300025670235205e-07,1.2642810215148049e-07,9.951477414306774e-08,7.247018565638016e-08,4.550515026919355e-08,1.8831644929433667e-08,8.625787535262064e-07,1.2174218687387748e-06,1.6509084422711815e-06,2.1515131304001172e-06,2.706644853243131e-06,3.3028674684438964e-06,3.926066631271949e-06,4.561582466562444e-06,5.194333565379846e-06,5.80895760797524e-06,6.389991414760358e-06,6.922109299153232e-06,7.390433180300676e-06,7.780920785167262e-06,8.080829381002618e-06,8.279242144935022e-06,8.36763325263506e-06,8.340437215609797e-06,8.195579329259458e-06,7.934918705647367e-06,7.564554309185693e-06,7.0949481128499125e-06,6.540827582069209e-06,5.9208410699152055e-06,5.256952806554494e-06,4.573577424701092e-06,3.896466381295917e-06,3.251370398189145e-06,2.662515370824331e-06,2.1509502630043045e-06,1.7328702286464638e-06,1.3988363903020574e-06,1.0937809889617846e-06,8.166128511222523e-07,5.661230971528132e-07,3.4102354180417996e-07,1.399803996159211e-07,-3.8357870862617814e-08,-1.953385415473462e-07,-3.322878808073529e-07,-4.5049899747208437e-07,-5.512235036343724e-07,-6.356662642355096e-07,-7.049825668489978e-07,-7.602771282769108e-07,-8.026044427994553e-07,-8.329700623570792e-07,-8.523324771329495e-07,-8.616053337726013e-07,-8.616597871827974e-07,-8.533268308184412e-07,-8.373994904950732e-07,-8.146347992592856e-07,-7.857554970377485e-07,-7.514514200039877e-07,-7.1238056212874e-07,-6.691698063982054e-07,-6.224153367656011e-07,-5.726827549941822e-07,-5.205069399690623e-07,-4.663917014656552e-07,-4.1080929624156517e-07,-3.541998919002158e-07,-2.969710831659689e-07,-2.394975854843994e-07,-1.8212125114919305e-07,-1.2515157180739e-07,-6.886684615013516e-08,-1.3516201140203863e-08,4.067733994358691e-08,9.351253985597431e-08,1.4182291562949842e-07,1.8457996204927746e-07,2.2202245547873012e-07,2.5438834879608135e-07,2.819133699703849e-07,3.048299919055013e-07,3.2336676719595016e-07,3.3774798599305736e-07,3.481936004426748e-07,3.549193555411417e-07,3.58137069026259e-07,3.5805500918181156e-07,3.548783272386357e-07,3.488095091234669e-07,3.4004881887752114e-07,3.2879471276495515e-07,3.152442088199658e-07,2.9959320143212684e-07,2.8203671475448305e-07,2.6276909252157897e-07,2.419841256007133e-07,2.1987512258209792e-07,1.966349332131228e-07,1.7245593967984927e-07,1.4753003666711663e-07,1.2204862759239452e-07,9.620267087339419e-08,7.01828154569793e-08,4.4179666832048056e-08,1.8384218007953998e-08,8.243409139027746e-07,1.155075639810172e-06,1.552302872284113e-06,2.00656667849706e-06,2.5071574295090053e-06,3.0423728604377052e-06,3.599735594199015e-06,4.16617956022868e-06,4.728225020509934e-06,5.2721623665517464e-06,5.784262678444877e-06,6.251029400950486e-06,6.659500599096152e-06,6.99760510999862e-06,7.25456860981827e-06,7.421357498881561e-06,7.491140182257923e-06,7.45973763093047e-06,7.326029013840134e-06,7.092274603450081e-06,6.764317737924103e-06,6.351630619871885e-06,5.867174903849315e-06,5.3270566900121545e-06,4.7499657552361145e-06,4.156399693183802e-06,3.567684546467403e-06,3.0048147188842976e-06,2.4871481079920094e-06,2.0310122325674037e-06,1.6483164772498814e-06,1.3310772504801494e-06,1.041740752046403e-06,7.791776056117346e-07,5.421554936647145e-07,3.293769340843396e-07,1.3951182696852592e-07,-2.8776189164099203e-08,-1.7680937390146623e-07,-3.0588085947155465e-07,-4.1724414965535946e-07,-5.121063124604815e-07,-5.916240903925179e-07,-6.569022407658185e-07,-7.089935195624665e-07,-7.488998230823746e-07,-7.775740948490066e-07,-7.959226874044615e-07,-8.04807938523031e-07,-8.050507791911996e-07,-7.974332374580385e-07,-7.827007393829e-07,-7.615641373890644e-07,-7.347014189707979e-07,-7.027590664170963e-07,-6.663530524129646e-07,-6.260694683411066e-07,-5.824647930043472e-07,-5.360658203961357e-07,-4.873692770521703e-07,-4.3684117331983816e-07,-3.8491594937015896e-07,-3.319954965532283e-07,-2.784481580775236e-07,-2.2460783982094922e-07,-1.7077339152360385e-07,-1.17208448972515e-07,-6.414195658982093e-08,-1.1769614698259427e-08,3.9743482604262626e-08,9.025872205900818e-08,1.3666869837626925e-07,1.7768368113892952e-07,2.1354689275746292e-07,2.445004409899275e-07,2.7078343708368396e-07,2.926306316116358e-07,3.1027154794597506e-07,3.239300478682854e-07,3.33824246823454e-07,3.4016669425345474e-07,3.4316474050534547e-07,3.430210218873428e-07,3.3993400695769444e-07,3.3409855845599226e-07,3.2570647557620014e-07,3.1494699016443057e-07,3.0200719788390756e-07,2.8707241161968443e-07,2.703264297301954e-07,2.519517166079021e-07,2.3212949784371007e-07,2.1103977755556907e-07,1.8886129154708424e-07,1.657714171984713e-07,1.419460694486309e-07,1.175596216758621e-07,9.27849000290699e-08,6.77933083819925e-08,4.27551458238062e-08,1.7840173481995008e-08,7.822488403290167e-07,1.0897128004461075e-06,1.4523587614611824e-06,1.8626597867447323e-06,2.3117066126105952e-06,2.789490802468692e-06,3.2851549411726404e-06,3.787215731357591e-06,4.2837741764944605e-06,4.762728212332816e-06,5.212001538834655e-06,5.61979933252526e-06,5.974897354415417e-06,6.266965850599244e-06,6.486923749687233e-06,6.627312314503777e-06,6.68267109205089e-06,6.649893344939449e-06,6.528533810410263e-06,6.32103923068817e-06,6.0328720632927535e-06,5.672500273425193e-06,5.2512309860059845e-06,4.782872616172454e-06,4.283218332915856e-06,3.76935278868454e-06,3.2587936483951e-06,2.7684897638807305e-06,2.3137100824341805e-06,1.9068752093035627e-06,1.55641739987422e-06,1.2561949562144322e-06,9.828701533697947e-07,7.352486471880083e-07,5.120528043287009e-07,3.1195886212763404e-07,1.3362796231157112e-07,-2.4269552376965106e-08,-1.6303610691307218e-07,-2.839342584267186e-07,-3.8817848539957867e-07,-4.769304677969227e-07,-5.512970249090797e-07,-6.123300020677002e-07,-6.610275238237263e-07,-6.983361481759976e-07,-7.251535587287377e-07,-7.42331517570188e-07,-7.506788715969094e-07,-7.509644604418243e-07,-7.439198170813454e-07,-7.302415847255529e-07,-7.105935978033047e-07,-6.856085926454045e-07,-6.55889526546345e-07,-6.220104937584875e-07,-5.845172349927077e-07,-5.439272444051011e-07,-5.007294860140042e-07,-4.553837411651879e-07,-4.0831962118675895e-07,-3.5993529588467876e-07,-3.105960100837351e-07,-2.606324878881637e-07,-2.103393581646551e-07,-1.5997377462573056e-07,-1.0975444837270637e-07,-5.98613571598923e-08,-1.043644096343524e-08,3.841436167367872e-08,8.661732107630017e-08,1.3113407922430487e-07,1.7041372795669083e-07,2.0470510419279395e-07,2.3425525776068517e-07,2.5930711164059986e-07,2.800978142515495e-07,2.968577359876244e-07,3.0981000996115277e-07,3.1917050109196775e-07,3.251480903471998e-07,3.279451727801967e-07,3.2775828365746537e-07,3.2477878318778393e-07,3.191935454385151e-07,3.111856101363012e-07,3.0093476699540534e-07,2.8861805113908755e-07,2.7441013543696126e-07,2.5848361166507655e-07,2.410091578803713e-07,2.2215559490871294e-07,2.0208984100631252e-07,1.809767811550553e-07,1.5897907655957828e-07,1.362569509579789e-07,1.1296800317193163e-07,8.926710912930662e-08,6.530648970664408e-08,4.123602997558263e-08,1.720393444217459e-08,7.367577648313479e-07,1.0218387193610415e-06,1.35169907267363e-06,1.7205852012623787e-06,2.1212806156925295e-06,2.5453972403795643e-06,2.983644051677317e-06,3.426073108302715e-06,3.862312085862272e-06,4.281794337609406e-06,4.673996577624276e-06,5.028691907092589e-06,5.336222539482343e-06,5.58779244461653e-06,5.775775441971701e-06,5.894029328377435e-06,5.938201819078911e-06,5.90600987847794e-06,5.797470898072721e-06,5.615062568818866e-06,5.363788490712755e-06,5.051128681103577e-06,4.6868581050551325e-06,4.282721906928198e-06,3.851962826274432e-06,3.408703996146035e-06,2.967198752988241e-06,2.5409683738111952e-06,2.1418596904358072e-06,1.7790701649639055e-06,1.4582167903660142e-06,1.1751841617348087e-06,9.181064615865489e-07,6.856984091771863e-07,4.7661649610596846e-07,2.894953722680175e-07,1.2297682261266226e-07,-2.4268740971496548e-08,-1.5352738573823822e-07,-2.660321825338796e-07,-3.6295796614177685e-07,-4.454192711998503e-07,-5.144705506002155e-07,-5.711079552743329e-07,-6.16272111693018e-07,-6.508514684244859e-07,-6.756858939527045e-07,-6.915702959638978e-07,-6.992581001369697e-07,-6.99464477285808e-07,-6.928692446721325e-07,-6.801193933726597e-07,-6.618312113248457e-07,-6.385919832884599e-07,-6.109612562893028e-07,-5.794716637133058e-07,-5.446293044503071e-07,-5.069136765935974e-07,-4.667771694074203e-07,-4.2464412385331195e-07,-3.809094822943239e-07,-3.3593706357651616e-07,-2.9005752212445254e-07,-2.435660805836691e-07,-1.9672016625697542e-07,-1.4973713279761042e-07,-1.0279230975325724e-07,-5.601769129368652e-08,-9.501648547091265e-09,3.670987190402896e-08,8.261009648963088e-08,1.2524038453440735e-07,1.6279096142663865e-07,1.9551773528594793e-07,2.2367363920677933e-07,2.475058789041089e-07,2.6725408061204927e-07,2.831492434629685e-07,2.954133472885719e-07,3.0425945775503076e-07,3.098921827509595e-07,3.1250835488012954e-07,3.1229783808676667e-07,3.094443783813223e-07,3.0412643777099263e-07,2.965179663731038e-07,2.867890804078666e-07,2.751066237415315e-07,2.616345984527915e-07,2.465344562012186e-07,2.2996524773859833e-07,2.1208363352795497e-07,1.9304376495430671e-07,1.7299705384380197e-07,1.520918586784217e-07,1.304731294971538e-07,1.0828207006232122e-07,8.565589474831945e-08,6.272777695636224e-08,3.9627102167192936e-08,1.6480145583244222e-08,6.883287869895748e-07,9.519277222881792e-07,1.2508468170609413e-06,1.5809431064511518e-06,1.936567250185036e-06,2.3108531948075985e-06,2.6959947732646996e-06,3.08350419037158e-06,3.464456983185294e-06,3.82973068084313e-06,4.170244195593057e-06,4.477203338426434e-06,4.7423552754720356e-06,4.958251491205594e-06,5.118515139317354e-06,5.218104818380992e-06,5.253563133701461e-06,5.22323525736498e-06,5.127440430431068e-06,4.968578270952834e-06,4.751152074220419e-06,4.481693110862979e-06,4.168573208744265e-06,3.821697501276186e-06,3.4520749294175952e-06,3.071270689864152e-06,2.690752205291983e-06,2.321148453473348e-06,1.9714522908793003e-06,1.6482089912373406e-06,1.3547586222518534e-06,1.0890470037566e-06,8.483987683555694e-07,6.314125427212572e-07,4.3666006074169556e-07,2.627213074714715e-07,1.0821057655220637e-07,-2.820585531045316e-08,-1.477989676238832e-07,-2.5177156331601236e-07,-3.4125672840637847e-07,-4.173189918101686e-07,-4.809572465880717e-07,-5.331087220697214e-07,-5.746534865534437e-07,-6.064191117355481e-07,-6.291852463910719e-07,-6.436879334163273e-07,-6.506235666403452e-07,-6.50652426924287e-07,-6.444017654790572e-07,-6.324684198109901e-07,-6.154209573105094e-07,-5.938013456442266e-07,-5.681261496859349e-07,-5.388872532290595e-07,-5.065521014252718e-07,-4.7156345795565123e-07,-4.343386705573863e-07,-3.952684410382041e-07,-3.5471510288254714e-07,-3.130104228578262e-07,-2.704529648648446e-07,-2.2730508714516732e-07,-1.837896904972237e-07,-1.400868977116751e-07,-9.633092429550394e-08,-5.260749701592253e-08,-8.952287452362594e-09,3.464904606028209e-08,7.82584464518518e-08,1.1900862391987521e-07,1.5483622809239007e-07,1.8600595812202482e-07,2.1277767049637658e-07,2.3540329817087154e-07,2.5412491546140494e-07,2.6917377658405495e-07,2.8077011161832603e-07,2.8912347019926664e-07,2.944334309891017e-07,2.9689052887574256e-07,2.9667728447792143e-07,2.939692488297166e-07,2.8893599928345305e-07,2.8174204093365913e-07,2.725475818468332e-07,2.615091608258908e-07,2.4878011415940183e-07,2.345108736765145e-07,2.1884909338382864e-07,2.0193960699705036e-07,1.8392422485122498e-07,1.649413870695682e-07,1.4512570156584403e-07,1.2460741137238536e-07,1.0351185644000412e-07,8.195902013980244e-08,6.006327854529812e-08,3.793349760394206e-08,1.5673643408707278e-08,6.3742641743698e-07,8.804321562109968e-07,1.1502539352915681e-06,1.4441956020845436e-06,1.7580377306616304e-06,2.0863199411036485e-06,2.42261854550361e-06,2.7598100582416154e-06,3.090321239555683e-06,3.4063697056081097e-06,3.700199684292195e-06,3.964316571339899e-06,4.191722081721123e-06,4.376149299408426e-06,4.512294057581446e-06,4.596036091162363e-06,4.624640571449187e-06,4.5969282433028355e-06,4.513400709555763e-06,4.376306674616576e-06,4.189635332508735e-06,3.959024642949527e-06,3.6915749752069648e-06,3.3955624335695735e-06,3.080050987696182e-06,2.7544081921598325e-06,2.4277357230391864e-06,2.1082332712882263e-06,1.80252302630021e-06,1.5149738619949072e-06,1.247085213837967e-06,9.987897704783824e-07,7.747027001606099e-07,5.732824269655444e-07,3.929993243235933e-07,2.3236863272041467e-07,8.997225392190256e-08,-3.552877449157516e-08,-1.4538888478776106e-07,-2.4077759117263385e-07,-3.227824081924719e-07,-3.924137765031425e-07,-4.506110511449669e-07,-4.982488929144512e-07,-5.361436221220439e-07,-5.6505925572802e-07,-5.857130644925242e-07,-5.987805663081675e-07,-6.048999238337188e-07,-6.04675746034104e-07,-5.986823100270561e-07,-5.874662262557748e-07,-5.71548569851287e-07,-5.514264965975384e-07,-5.275743549444805e-07,-5.004442973293233e-07,-4.7046638569783415e-07,-4.3804817852753153e-07,-4.035737809043372e-07,-3.674023366056075e-07,-3.298659433882853e-07,-2.912669819558132e-07,-2.518748681641356e-07,-2.1192227040301164e-07,-1.716008839748816e-07,-1.3105692647125486e-07,-9.038661725117273e-08,-4.963203332107089e-08,-8.777894206317337e-09,3.224997618774293e-08,7.358349902032773e-08,1.1245963375969536e-07,1.4657065217440269e-07,1.7619197502254183e-07,2.0159143318247954e-07,2.2302600528796483e-07,2.407399814124947e-07,2.549642660804101e-07,2.6591651642146464e-07,2.7380184649959147e-07,2.788138804201851e-07,2.8113598754435747e-07,2.8094257638121305e-07,2.784003582067917e-07,2.736695179837174e-07,2.6690475004791106e-07,2.5825613050322505e-07,2.4786980841965427e-07,2.3588850480641944e-07,2.2245181298715831e-07,2.0769629754896896e-07,1.9175539264562236e-07,1.7475910537209815e-07,1.5683353756984975e-07,1.381002512635842e-07,1.1867552050640859e-07,9.866953704874505e-08,7.818566954838585e-08,5.7319915110274553e-08,3.616072469352596e-08,1.4789425173359741e-08,5.8451644136521e-07,8.07790759522171e-07,1.050327876857224e-06,1.3107167035699133e-06,1.5860232004302047e-06,1.8720634157103684e-06,2.1636785549527897e-06,2.454998801707856e-06,2.7396932976477476e-06,3.0112078102000178e-06,3.2629928706347746e-06,3.4887248758745106e-06,3.68252138899944e-06,3.839149990283209e-06,3.954227792910267e-06,4.024406392943315e-06,4.047534811714595e-06,4.022791141961342e-06,3.950772338529967e-06,3.833531077326031e-06,3.6745489698200742e-06,3.478636733313083e-06,3.2517541882703053e-06,3.000746142958509e-06,2.7329942637524685e-06,2.4559898512488473e-06,2.176838029232949e-06,1.901710314094686e-06,1.635270319862323e-06,1.3801079740568531e-06,1.1362359146181082e-06,9.054198721584874e-07,6.97974927895848e-07,5.121968555642305e-07,3.4644133962708206e-07,1.991528735936068e-07,6.888026481902258e-08,-4.5717942264603287e-08,-1.458749291067151e-07,-2.3272135628205456e-07,-3.072934876728076e-07,-3.7054235287316263e-07,-4.233430688612849e-07,-4.6650377337833397e-07,-5.0077385652511e-07,-5.268513374448711e-07,-5.45389338261645e-07,-5.570016721306179e-07,-5.622675977215553e-07,-5.617358076751416e-07,-5.559277204243905e-07,-5.45340138294874e-07,-5.304473234848235e-07,-5.117025296786294e-07,-4.895390121095937e-07,-4.6437052376372134e-07,-4.365912907436551e-07,-4.0657544620125903e-07,-3.7467589049377117e-07,-3.412225364892798e-07,-3.0651989495023434e-07,-2.708439580625393e-07,-2.3443835271271745e-07,-1.9750976341297892e-07,-1.6022267368294524e-07,-1.2269355200363352e-07,-8.498472392173445e-08,-4.709833611298254e-08,-8.971040859981073e-09,2.952967752491062e-08,6.860620593042883e-08,1.0561426430396808e-07,1.3801603824153808e-07,1.6609971166342553e-07,1.901420139063414e-07,2.1040502133127192e-07,2.271346849944066e-07,2.4056063447099786e-07,2.508968457826976e-07,2.5834284362731346e-07,2.6308519223710134e-07,2.6529909906092283e-07,2.6515000858737277e-07,2.627951027142207e-07,2.5838465250298913e-07,2.5206318648761343e-07,2.439704546726817e-07,2.342421762982749e-07,2.23010564587091e-07,2.1040462424885883e-07,1.965502187556123e-07,1.8156990563731744e-07,1.655825407089408e-07,1.487026578490307e-07,1.3103964162606353e-07,1.1269672800296827e-07,9.376989610212216e-08,7.434675390641695e-08,5.450557385951561e-08,3.431469928700988e-08,1.3832616330859719e-08,5.300640661218136e-07,7.344364803037023e-07,9.514560474052573e-07,1.1808379164771892e-06,1.4207838497873709e-06,1.6682476125933016e-06,1.9192067791032363e-06,2.168924415251144e-06,2.4121955644409856e-06,2.6435783737388086e-06,2.857611576844846e-06,3.049020252342953e-06,3.212910956733253e-06,3.344955890930845e-06,3.4415639839548976e-06,3.5000349030813415e-06,3.5186902336496822e-06,3.4969746032358555e-06,3.435518521768958e-06,3.3361543099011894e-06,3.201876793775826e-06,3.0367415142834267e-06,2.845695049888103e-06,2.6343346661107158e-06,2.4085978449554743e-06,2.1743862873396177e-06,1.9371337520235476e-06,1.7013327657512262e-06,1.4700423038801055e-06,1.2444083759996925e-06,1.0232461909443349e-06,8.099427780669203e-07,6.191668836806079e-07,4.490321017582844e-07,2.9777095516890877e-07,1.6375675984242742e-07,4.550990236718453e-08,-5.8306173316593346e-08,-1.4889499811550025e-07,-2.2734008477066616e-07,-2.946189117412012e-07,-3.5161665391545426e-07,-3.9913895488320504e-07,-4.379233838828e-07,-4.6864944744352224e-07,-4.919471680500601e-07,-5.08404324443859e-07,-5.185724883195519e-07,-5.229720039348634e-07,-5.220960510371494e-07,-5.164139151415285e-07,-5.063735677257971e-07,-4.924036355321833e-07,-4.749148146597871e-07,-4.543007623248119e-07,-4.309384773417005e-07,-4.051881595931699e-07,-3.7739251910721796e-07,-3.478754872174062e-07,-3.1694026652123235e-07,-2.84866644550971e-07,-2.5190749071349046e-07,-2.182843607100043e-07,-1.841821522775829e-07,-1.4974279775318019e-07,-1.1505805323224152e-07,-8.016156709002216e-08,-4.502060507568164e-08,-9.528102750202935e-09,2.65038588823229e-08,6.334743826456866e-08,9.849363739054091e-08,1.291954476840234e-07,1.5575578964481252e-07,1.7846087736405492e-07,1.9757747833742702e-07,2.1335217965315487e-07,2.260119923725701e-07,2.3576576397867694e-07,2.428060205742214e-07,2.4731098321208416e-07,2.4944658957882374e-07,2.493684111146849e-07,2.4722339602701775e-07,2.4315139682110356e-07,2.3728646028469542e-07,2.297578701468943e-07,2.2069093929420987e-07,2.1020755082689745e-07,1.984264467528036e-07,1.8546326111704324e-07,1.7143029224723398e-07,1.5643600805383645e-07,1.405842807130816e-07,1.2397335480410583e-07,1.0669456909885342e-07,8.883088083924562e-08,7.045528759921861e-08,5.162931076956543e-08,3.2401799500158715e-08,1.2808436291164439e-08,4.7453231584814916e-07,6.608040595762953e-07,8.540286757419036e-07,1.0548900035573272e-06,1.2625712089617644e-06,1.4750175392272255e-06,1.6892066266485352e-06,1.9014072402855106e-06,2.1074199671158517e-06,2.302798987863701e-06,2.483056420846477e-06,2.64385116836861e-06,2.7811636127355925e-06,2.891456335164331e-06,2.9718195631526027e-06,3.0200985016978866e-06,3.0349982454696586e-06,3.0161607551869068e-06,2.9642075439968132e-06,2.8807413663490946e-06,2.7683004124438254e-06,2.63025933535387e-06,2.470672895050284e-06,2.294060087150249e-06,2.1051293117456186e-06,1.908448418312373e-06,1.7080673997775566e-06,1.5071063558638669e-06,1.3073277469125918e-06,1.1087214019743218e-06,9.091470162007777e-07,7.133584657702276e-07,5.392168406419245e-07,3.8463924090775063e-07,2.4773383665406e-07,1.2680990523737114e-07,2.0370821251808168e-08,-7.290227785644893e-08,-1.5417088340880503e-07,-2.2446035155579466e-07,-2.8468018474451783e-07,-3.3564243618608213e-07,-3.7807784161411234e-07,-4.126496011899544e-07,-4.399649246785362e-07,-4.605845570601859e-07,-4.7503054597852735e-07,-4.83792516809767e-07,-4.873327013491362e-07,-4.860899336983443e-07,-4.804827896377305e-07,-4.7091200819093314e-07,-4.577622985685537e-07,-4.4140360302391975e-07,-4.2219185627089856e-07,-4.0046925443815514e-07,-3.7656402036592655e-07,-3.5078962681201893e-07,-3.234434146051838e-07,-2.9480451935558014e-07,-2.6513099926389006e-07,-2.3465604024491033e-07,-2.0358310669532389e-07,-1.720799120021014e-07,-1.4027110965852224e-07,-1.0822966533204026e-07,-7.596698369458732e-08,-4.342206959974128e-08,-1.0450361014230984e-08,2.3186540382922817e-08,5.782808326765288e-08,9.111951987562296e-08,1.2013404438185178e-07,1.4519091025043994e-07,1.665857503962074e-07,1.8458890515153632e-07,1.994459326883853e-07,2.113793691096207e-07,2.2059110799577094e-07,2.2726501074750554e-07,2.3156951575904085e-07,2.3366010706706418e-07,2.3368155911476818e-07,2.3176991128057306e-07,2.280541514486047e-07,2.2265760471477942e-07,2.1569903262246655e-07,2.072934514794681e-07,1.975526768758587e-07,1.865855970380034e-07,1.7449817154157692e-07,1.6139314552043268e-07,1.4736946427306253e-07,1.3252137077846914e-07,1.1693717135843827e-07,1.0069766598500466e-07,8.387426510407565e-08,6.652686317198797e-08,4.8701622493561936e-08,3.0428952531402443e-08,1.1722162347562777e-08,4.183806381525254e-07,5.873378645281228e-07,7.584609397528198e-07,9.332418922461407e-07,1.111684517896896e-06,1.292572599175839e-06,1.4737421611635014e-06,1.6523372897082916e-06,1.8250430837048708e-06,1.9882955338871373e-06,2.1384704515540332e-06,2.272053944998078e-06,2.3857963480359095e-06,2.4768504341605394e-06,2.5428934586113367e-06,2.5822312285063883e-06,2.593881145552833e-06,2.5776301156731877e-06,2.534062475817346e-06,2.4645527308201197e-06,2.371217982110324e-06,2.2568255046587514e-06,2.1246520084885573e-06,1.978292706474368e-06,1.821420382366344e-06,1.6574971892538618e-06,1.4894449516639669e-06,1.3192835883600377e-06,1.1477527932997336e-06,9.739412513960662e-07,7.949644933370137e-07,6.16656707394703e-07,4.590390999656125e-07,3.198271382825998e-07,1.970143046979537e-07,8.886306334790524e-08,-6.120681377205061e-09,-8.921936571430242e-08,-1.6153607269673732e-07,-2.2402459324004824e-07,-2.7751607063906857e-07,-3.2274186169781583e-07,-3.6035266842447993e-07,-3.9093422973112555e-07,-4.150199858651522e-07,-4.3310117218759334e-07,-4.456347880714663e-07,-4.5304984311259213e-07,-4.5575222386596424e-07,-4.5412846165678096e-07,-4.485486224089647e-07,-4.39368485979377e-07,-4.269311359207516e-07,-4.115680402946379e-07,-3.9359966880018794e-07,-3.733356594921055e-07,-3.5107451815241184e-07,-3.2710280358014124e-07,-3.016937216966558e-07,-2.751050201100951e-07,-2.475760432991387e-07,-2.1932377887697114e-07,-1.9053770114092183e-07,-1.6137320462425992e-07,-1.3194342454422363e-07,-1.0230927271288727e-07,-7.246759684070522e-08,-4.23375479739854e-08,-1.1745620090903175e-08,1.9589420826996756e-08,5.2069141286986737e-08,8.351488842019937e-08,1.1086035837428711e-07,1.3444184042325668e-07,1.5456321487388107e-07,1.7149625227777676e-07,1.854830042463221e-07,1.967390925137193e-07,2.054572466515473e-07,2.1181076951034238e-07,2.159567701651476e-07,2.1803907813503452e-07,2.1819079419624792e-07,2.165364630443382e-07,2.131938747214782e-07,2.0827551466545292e-07,2.0188968697984098e-07,1.9414133372201976e-07,1.851325666000789e-07,1.749629181506342e-07,1.6372930857241248e-07,1.5152571304325728e-07,1.384425037094703e-07,1.2456543203770714e-07,1.0997421284716432e-07,9.474067421240502e-08,7.892645344939786e-08,6.258026070771587e-08,4.5734820634329694e-08,2.8403771833165096e-08,1.0579091714682088e-08,3.6206369297959556e-07,5.145006481459563e-07,6.652153992927022e-07,8.163377427697707e-07,9.685219680183855e-07,1.121231040302357e-06,1.273014633369844e-06,1.4217615500873991e-06,1.5649225492320002e-06,1.6997055592172529e-06,1.8232468776998837e-06,1.9327618147870254e-06,2.025677431595953e-06,2.099748937506104e-06,2.1531600976679215e-06,2.184606780638559e-06,2.1933616465463155e-06,2.179317027617639e-06,2.14300235646956e-06,2.0855721070494258e-06,2.0087601670002916e-06,1.9147968851538084e-06,1.8062857516310777e-06,1.6860377792258405e-06,1.556863152341817e-06,1.42132154799326e-06,1.2814346539183389e-06,1.1383669626319622e-06,9.920848962943343e-07,8.410124798430779e-07,6.817196569756114e-07,5.208101200100895e-07,3.79508373913874e-07,2.553388486076574e-07,1.4620585976575878e-07,5.035521938883853e-08,-3.3675860297605474e-08,-1.071086773044042e-07,-1.709680498043809e-07,-2.2612111421528452e-07,-2.7330986775495644e-07,-3.1317785658923006e-07,-3.462916251235273e-07,-3.7315765678903364e-07,-3.9423556692367744e-07,-4.099482676703729e-07,-4.20689739758816e-07,-4.268309424793698e-07,-4.287242892001566e-07,-4.267070213648076e-07,-4.2110373298512337e-07,-4.122282304963639e-07,-4.003848578351286e-07,-3.8586937125499254e-07,-3.6896940999903447e-07,-3.499645748421637e-07,-3.29126094226932e-07,-3.067160250316091e-07,-2.829859000778753e-07,-2.581746960222815e-07,-2.3250595293313754e-07,-2.0618383178297863e-07,-1.7938785155541026e-07,-1.5226600929244368e-07,-1.2492596111736934e-07,-9.742393646288878e-08,-6.975107991737011e-08,-4.181700280645139e-08,-1.3430619813781343e-08,1.5720831164082575e-08,4.609182145029776e-08,7.57048131580318e-08,1.0140819838878945e-07,1.2355427231168798e-07,1.424522655674818e-07,1.5837186818181537e-07,1.7154820130505244e-07,1.8218693577211864e-07,1.9046908527862236e-07,1.965553424217668e-07,2.0058991639860252e-07,2.0270385250935424e-07,2.0301783444786013e-07,2.0164449401828664e-07,1.9869027036104918e-07,1.9425686794587172e-07,1.884423605357808e-07,1.8134197983713414e-07,1.7304861514423908e-07,1.6365303564133792e-07,1.532438311071794e-07,1.4190705018818364e-07,1.2972549880180203e-07,1.1677764558626959e-07,1.0313606812076441e-07,8.886536511123252e-08,7.401945990706246e-08,5.863824100293129e-08,4.274355726351693e-08,2.63347745455746e-08,9.38450174355413e-09,3.0603030251229853e-07,4.427841589057393e-07,5.748258808239147e-07,7.047328900549848e-07,8.336269328052826e-07,9.614852662674805e-07,1.0874262406748155e-06,1.2099556823429596e-06,1.3271759050704815e-06,1.4369629858369493e-06,1.5371178027709159e-06,1.6254953713190733e-06,1.7001159240383725e-06,1.759260018790857e-06,1.8015487613859577e-06,1.8260090640281546e-06,1.832122807849883e-06,1.819857896682939e-06,1.7896785209581065e-06,1.7425315204098615e-06,1.6798055564175024e-06,1.603259888505456e-06,1.5149199057341802e-06,1.416937210590264e-06,1.3114130082915572e-06,1.2001847849843408e-06,1.084577597775252e-06,9.65122452314818e-07,8.41245606061559e-07,7.10937619186707e-07,5.704284197521909e-07,4.26763201747373e-07,3.014364353480904e-07,1.918183115341213e-07,9.57717669098953e-08,1.1571600694882465e-08,-6.217544905972902e-08,-1.265996617730533e-07,-1.8262538833502396e-07,-2.310175561166474e-07,-2.724189948765457e-07,-3.0737983403972513e-07,-3.3638021808304416e-07,-3.598475753659837e-07,-3.7816958242136895e-07,-3.917038093521448e-07,-4.00784852857004e-07,-4.0572959135125177e-07,-4.068410467432107e-07,-4.044112142156136e-07,-3.9872312357456496e-07,-3.9005231951812515e-07,-3.786678889404893e-07,-3.6483311663535035e-07,-3.4880581243062495e-07,-3.3083831927667755e-07,-3.111771798995068e-07,-2.900624063660696e-07,-2.6772625955076016e-07,-2.4439140158825356e-07,-2.2026823210365096e-07,-1.955511577800399e-07,-1.7041347654254208e-07,-1.4500048785335015e-07,-1.1942037838065286e-07,-9.373238444058117e-08,-6.793169367493422e-08,-4.193050223904317e-08,-1.5534671160237763e-08,1.1583997572593489e-08,3.991763420110805e-08,6.771787631130524e-08,9.181956651720612e-08,1.1258692635599216e-07,1.3032914331380767e-07,1.453086596404452e-07,1.577492725051089e-07,1.6784314387286916e-07,1.7575678324326475e-07,1.8163618207858605e-07,1.8561118072690043e-07,1.8779910546969262e-07,1.8830772614564052e-07,1.8723760848424506e-07,1.8468394701028833e-07,1.8073796185669937e-07,1.7548793078210004e-07,1.6901991079028267e-07,1.6141818482180476e-07,1.5276544922660418e-07,1.431427372943497e-07,1.3262905273086822e-07,1.2130066439924867e-07,1.09229990176908e-07,9.648397447684296e-08,8.312184220687838e-08,6.919209285003318e-08,5.472858443417667e-08,3.974557397253285e-08,2.4231728446903517e-08,8.143608576267005e-09,2.507225542279683e-07,3.727228539446003e-07,4.879237784268704e-07,5.991283545903632e-07,7.07727757613272e-07,8.14046225804869e-07,9.176297062060276e-07,1.017479524356479e-06,1.1122423074126598e-06,1.2003656445469367e-06,1.280226509529135e-06,1.3502378938792358e-06,1.4089378321377106e-06,1.4550637463098193e-06,1.4876137944129197e-06,1.5058957595244623e-06,1.5095630185158331e-06,1.4986363111422978e-06,1.473509397351215e-06,1.4349362382084251e-06,1.3839970512681253e-06,1.3220404601999688e-06,1.2505989741291546e-06,1.171275210555086e-06,1.0855966714152555e-06,9.948375690950386e-07,8.998070686791304e-07,8.006037106388665e-07,6.963341502078217e-07,5.847918863995699e-07,4.6210164439858207e-07,3.354143275904277e-07,2.255366066316914e-07,1.297632817058833e-07,4.599276659088715e-08,-2.7409256011818475e-08,-9.172038796118875e-08,-1.4794676405092215e-07,-1.9688962267983552e-07,-2.3919745750656833e-07,-2.7540628444401475e-07,-3.059700598610614e-07,-3.3128320803081694e-07,-3.51697053193215e-07,-3.6753167722912517e-07,-3.7908441538083094e-07,-3.8663591657567677e-07,-3.904544561021607e-07,-3.907990005034441e-07,-3.8792138194443515e-07,-3.820678332707366e-07,-3.734800567945129e-07,-3.6239594193161047e-07,-3.4905000294925725e-07,-3.336735732196263e-07,-3.164947623367892e-07,-2.9773815360094265e-07,-2.776241882826546e-07,-2.563681462960338e-07,-2.341785868034482e-07,-2.1125505313048514e-07,-1.8778477093612985e-07,-1.6393797545739108e-07,-1.3986139589043157e-07,-1.1566931331606727e-07,-9.143151099664479e-08,-6.715735238747041e-08,-4.2775089233957954e-08,-1.810515360408962e-08,7.17414334716325e-09,3.356847811941725e-08,5.9588492146376586e-08,8.214909655685605e-08,1.0161736092961718e-07,1.1829377520380608e-07,1.324266623792274e-07,1.4422330172316625e-07,1.5385844190261648e-07,1.6148123298412717e-07,1.6722101354244647e-07,1.711920687314868e-07,1.7349743389466502e-07,1.7423185804126536e-07,1.7348406685505387e-07,1.7133846250078041e-07,1.6787637843326398e-07,1.6317698200665542e-07,1.5731789156578914e-07,1.503755498999591e-07,1.4242537238951097e-07,1.335416647747721e-07,1.2379728070879044e-07,1.132629616521151e-07,1.0200627034052287e-07,9.008999433645562e-08,7.756985989946494e-08,6.449135846760629e-08,5.0885442533074114e-08,3.676277713963161e-08,2.210620998031739e-08,6.861524823497408e-09,1.9657506945822207e-07,3.0491233553407216e-07,4.052667330750891e-07,5.004011447929852e-07,5.917668387730532e-07,6.798727775664608e-07,7.645605896291315e-07,8.452145920980081e-07,9.209266496003068e-07,9.906265558260458e-07,1.0531855201044452e-06,1.1074989308453693e-06,1.1525532163906091e-06,1.1874801894893056e-06,1.2116009308671355e-06,1.2244601315937229e-06,1.2258508897354427e-06,1.2158292267383762e-06,1.1947170234714287e-06,1.1630916411611031e-06,1.121760150911989e-06,1.0717158066220197e-06,1.014074121734132e-06,9.49985634420635e-07,8.805222180664846e-07,8.065337958577958e-07,7.284728833598485e-07,6.461852129733812e-07,5.58663334164739e-07,4.63747984490949e-07,3.577453406746969e-07,2.4758551188327556e-07,1.5236975529053976e-07,6.945986552722182e-08,-3.100778608336153e-09,-6.67809249523313e-08,-1.2269210610999465e-07,-1.7168299803098408e-07,-2.144114006297588e-07,-2.513990140368714e-07,-2.8307189359621664e-07,-3.0978952896658175e-07,-3.3186534819669596e-07,-3.495809920374289e-07,-3.631961695595585e-07,-3.729554274850031e-07,-3.7909278489840425e-07,-3.8183490041540996e-07,-3.814032334165977e-07,-3.780155154993798e-07,-3.718867463271797e-07,-3.632298566450568e-07,-3.522561307212317e-07,-3.391754437382852e-07,-3.241963413645456e-07,-3.075259647032043e-07,-2.893698004653766e-07,-2.6993121009243287e-07,-2.4941065890613426e-07,-2.280045227292182e-07,-2.0590328932131552e-07,-1.832888889203272e-07,-1.603307754591924e-07,-1.3718023345478508e-07,-1.139622101239166e-07,-9.07637931038852e-08,-6.761832434810982e-08,-4.448403864869276e-08,-2.1215744065117958e-08,2.473632964602182e-09,2.706671744396713e-08,5.1360740477926736e-08,7.247071773257731e-08,9.074996169721466e-08,1.0647809780171597e-07,1.1988122569502509e-07,1.3114446017973332e-07,1.4042112074478778e-07,1.4784031988058755e-07,1.5351320168031695e-07,1.575378536642731e-07,1.600030319002404e-07,1.6099091719647748e-07,1.605791228316082e-07,1.5884214113019097e-07,1.5585237383000432e-07,1.5168085148013526e-07,1.4639771340394104e-07,1.4007249157307506e-07,1.3277421707426493e-07,1.2457134416021608e-07,1.1553146136889375e-07,1.0572072896704701e-07,9.52029443100179e-08,8.403809000873534e-08,7.228016530634071e-08,5.99740447916599e-08,4.715104444221208e-08,3.3822769398515046e-08,1.9972507099910383e-08,5.543217394530193e-09,1.440144816215606e-07,2.4003410410415554e-07,3.277661662640831e-07,4.096222147473797e-07,4.86910608774814e-07,5.601794304523625e-07,6.29447607430141e-07,6.943805504906088e-07,7.544247486556719e-07,8.089093186797596e-07,8.571224368678856e-07,8.983695974158597e-07,9.320188636513734e-07,9.57536570205144e-07,9.745155474331016e-07,9.826968826876292e-07,9.819854435196152e-07,9.724587972276705e-07,9.543687104728993e-07,9.281340492870402e-07,8.943235715301253e-07,8.536267498551987e-07,8.068103123833455e-07,7.546575645817842e-07,6.97886718828405e-07,6.370435260340173e-07,5.723630359008606e-07,5.03596878263848e-07,4.2980592318250097e-07,3.491148433539956e-07,2.5836100599785244e-07,1.6397119970387087e-07,8.226409823388976e-08,1.0895124410391601e-08,-5.181425139206905e-08,-1.0708826437096117e-07,-1.5582284263483366e-07,-1.986797978033259e-07,-2.3615963323459553e-07,-2.686543513529879e-07,-2.964840590443645e-07,-3.1992169289769533e-07,-3.392094752271145e-07,-3.5456977106861083e-07,-3.662122105386483e-07,-3.7433834100451095e-07,-3.7914465355768886e-07,-3.808245429287923e-07,-3.795695690512957e-07,-3.7557026159575566e-07,-3.690166246186679e-07,-3.600984423818104e-07,-3.4900544952003507e-07,-3.3592740233323464e-07,-3.2105406832724326e-07,-3.04575134688889e-07,-2.866800201699928e-07,-2.675575559201081e-07,-2.473954756985597e-07,-2.2637962009394105e-07,-2.046927065550035e-07,-1.8251243831233936e-07,-1.600086085169773e-07,-1.3733868635077965e-07,-1.1464113659848986e-07,-9.202542903838195e-08,-6.955740456194289e-08,-4.7238598035738836e-08,-2.497827307541417e-08,-2.5561258601606584e-09,2.043524512798352e-08,4.30946755918948e-08,6.288724597256137e-08,8.01263218459647e-08,9.505643607777316e-08,1.078730625160894e-07,1.1873333340210912e-07,1.2776528821267583e-07,1.3507591935796823e-07,1.407574876589723e-07,1.4489215434352927e-07,1.4755526097440147e-07,1.488176115172821e-07,1.487470470557029e-07,1.4740952774806787e-07,1.4486987236302092e-07,1.4119225687277278e-07,1.364405375644694e-07,1.306784370127715e-07,1.2396960920791043e-07,1.1637757958979776e-07,1.0796553313200262e-07,9.879589497223243e-08,8.89296087070658e-08,7.842496221068295e-08,6.733573625337201e-08,5.570836166879783e-08,4.357769503331659e-08,3.0960943233195304e-08,1.7849073188721617e-08,4.193467586977732e-09,9.345922163959762e-08,1.788852976322433e-07,2.564988980911514e-07,3.2804523738972633e-07,3.945288471403808e-07,4.5641462374210916e-07,5.137950414729575e-07,5.665263591231999e-07,6.14327255207725e-07,6.568474052024507e-07,6.93715417993098e-07,7.24573217830287e-07,7.491015421976638e-07,7.670394244004655e-07,7.781992974386737e-07,7.82478526860947e-07,7.798676174164357e-07,7.704549436725877e-07,7.544275625501974e-07,7.32067423284045e-07,7.037420476766736e-07,6.698884498954691e-07,6.309886152798847e-07,5.875341413655804e-07,5.399765010417398e-07,4.886576707673967e-07,4.337137154281197e-07,3.749427675239817e-07,3.1163566448203867e-07,2.42391119926211e-07,1.6494615124852327e-07,8.505313484181779e-08,1.5205250821690363e-08,-4.635314990374548e-08,-1.0089357444215004e-07,-1.4932242836188033e-07,-1.9227611038343635e-07,-2.302113952287861e-07,-2.634709180277613e-07,-2.923263675190548e-07,-3.1700597193934085e-07,-3.377117223159016e-07,-3.546300826728736e-07,-3.679386138488407e-07,-3.778100450671548e-07,-3.844147547794725e-07,-3.879222617959346e-07,-3.885021024268796e-07,-3.8632432841947164e-07,-3.8155977230874944e-07,-3.7438017136269906e-07,-3.6495820622446914e-07,-3.5346748783547385e-07,-3.400825112881671e-07,-3.2497858460633936e-07,-3.0833173171129426e-07,-2.903185600388438e-07,-2.711160724147601e-07,-2.509013873828109e-07,-2.298513085985009e-07,-2.08141646765331e-07,-1.859461378793996e-07,-1.634347058554636e-07,-1.4077066367806206e-07,-1.1810620367921648e-07,-9.557515573145876e-08,-7.328147935109032e-08,-5.1281448997315225e-08,-2.955792035283345e-08,-7.987655043299553e-09,1.3697523557051262e-08,3.487624698388838e-08,5.3542610705034914e-08,6.993767013001386e-08,8.425829425168632e-08,9.666073661721425e-08,1.0726814619137974e-07,1.1618029189438517e-07,1.2348142844108643e-07,1.2924579848427555e-07,1.3354129130339962e-07,1.3643182943558272e-07,1.3797891618865058e-07,1.382426386585372e-07,1.3728231865089968e-07,1.3515693478308807e-07,1.319253935960794e-07,1.276466974816678e-07,1.2238003656477914e-07,1.1618481598383778e-07,1.0912061580870364e-07,1.0124706481743009e-07,9.262358759557149e-08,8.330895146647359e-08,7.336048756733926e-08,6.283277782766628e-08,5.177547597650074e-08,4.022977476103821e-08,2.8222977612645626e-08,1.576076619484117e-08,2.8168374063153573e-09,4.5319802381810075e-08,1.2239018830915235e-07,1.9266013437787505e-07,2.570466402581426e-07,3.1613569191404713e-07,3.7020277213355594e-07,4.1933002011211424e-07,4.6349016332302833e-07,5.025987507351463e-07,5.365464781516078e-07,5.652198120435873e-07,5.885147879181791e-07,6.063467603458415e-07,6.186576457300602e-07,6.254214754985113e-07,6.266486460887553e-07,6.223889868994748e-07,6.127335963881543e-07,5.978152761155822e-07,5.778072918216617e-07,5.529200802852695e-07,5.233953633436136e-07,4.894968679983691e-07,4.5149638633609643e-07,4.096530726861118e-07,3.6418238177857826e-07,3.1520847677552114e-07,2.6268993591063703e-07,2.0630505901717507e-07,1.453024311291794e-07,7.849508149391134e-08,1.0977815469373325e-08,-4.929369229902958e-08,-1.0324971764228464e-07,-1.5165814713867345e-07,-1.9503510517894461e-07,-2.3373516647672712e-07,-2.6801891138858527e-07,-2.980938643876293e-07,-3.2413827095365244e-07,-3.463147628041137e-07,-3.6477817984826403e-07,-3.796800196076132e-07,-3.911709346943452e-07,-3.9940209831729487e-07,-4.0452591403145296e-07,-4.0669634788444554e-07,-4.0606904593334583e-07,-4.028013328042655e-07,-3.970521472147257e-07,-3.889819469686005e-07,-3.787526019758561e-07,-3.6652728551988006e-07,-3.524703688717693e-07,-3.367473209570544e-07,-3.1952461210380266e-07,-3.009696180955648e-07,-2.812505169495607e-07,-2.605361648523973e-07,-2.3899592773733806e-07,-2.1679942795772773e-07,-1.9411613624377392e-07,-1.711146882811794e-07,-1.4796171617775705e-07,-1.2481982775184255e-07,-1.0184408701017238e-07,-7.91758574908242e-08,-5.693204883139429e-08,-3.5186761848940395e-08,-1.3943922308351532e-08,6.877589701845246e-09,2.6829349520352374e-08,4.4633120106307835e-08,6.043947374231664e-08,7.43853657635399e-08,8.6576729575037e-08,9.709808495238339e-08,1.0602095761223353e-07,1.1340926093485153e-07,1.1932253967704292e-07,1.238178997437261e-07,1.2695115530501542e-07,1.2877751181280415e-07,1.2935197270627236e-07,1.2872958057645322e-07,1.2696555843203647e-07,1.2411539003515804e-07,1.2023486215643946e-07,1.1538008136620924e-07,1.0960747072507522e-07,1.0297374538723089e-07,9.55358587784547e-08,8.735090027816516e-08,7.847590749016512e-08,6.896752468595654e-08,5.888138182317795e-08,4.827096423214254e-08,3.7185556958314856e-08,2.56665617218018e-08,1.3741510431396086e-08,1.4176498769539072e-09,0.0,7.141597400955095e-08,1.3741702150710353e-07,1.9803353041201027e-07,2.5329760001351785e-07,3.0324295386007585e-07,3.4790480933180156e-07,3.873199686888671e-07,4.2152717039560996e-07,4.505676652464855e-07,4.7448595495020463e-07,4.933306245072617e-07,5.071552020769499e-07,5.160189863569411e-07,5.199877897846123e-07,5.191345552890697e-07,5.135398145577831e-07,5.032919667184917e-07,4.884873679196255e-07,4.6923023444275876e-07,4.45632374549552e-07,4.178127769927357e-07,3.8589709658294256e-07,3.500170887276289e-07,3.103100543422696e-07,2.6691836205871124e-07,2.1998911257818134e-07,1.696739929595792e-07,1.1612931920215722e-07,5.951614848185694e-08,0.0,-5.8517730577137256e-08,-1.1231611072702787e-07,-1.6150019502513309e-07,-2.061797387867439e-07,-2.46469525702793e-07,-2.824891717122786e-07,-3.1436275980801524e-07,-3.4221844138779107e-07,-3.6618805572920295e-07,-3.8640678473963585e-07,-4.0301284588913277e-07,-4.161472206173763e-07,-4.2595341366330707e-07,-4.325772385535681e-07,-4.361666249283979e-07,-4.3687144403576503e-07,-4.3484334938954835e-07,-4.30235630186309e-07,-4.232030755838107e-07,-4.1390184836402453e-07,-4.024893668452391e-07,-3.8912419418653894e-07,-3.7396593445784823e-07,-3.5717513504330557e-07,-3.389131951168747e-07,-3.1934228008745945e-07,-2.986252420661987e-07,-2.7692554657038597e-07,-2.544072058556849e-07,-2.3123471946979764e-07,-2.0757302285448425e-07,-1.8358744509354162e-07,-1.5944367720860788e-07,-1.3530775271829184e-07,-1.1134604242632746e-07,-8.772526540038921e-08,-6.461251738356039e-08,-4.217531515804007e-08,-2.058164806624716e-08,0.0,1.910534599175419e-08,3.6414518775112224e-08,5.197554328133248e-08,6.583694168369529e-08,7.804781308197501e-08,8.865784685358928e-08,9.771730793129202e-08,1.0527701010683576e-07,1.1138828470102187e-07,1.1610294797631366e-07,1.1947326883428443e-07,1.2155193747013432e-07,1.22392035247922e-07,1.2204700587939365e-07,1.205706279240528e-07,1.1801698862293978e-07,1.1444045910608817e-07,1.0989567106064185e-07,1.044374950074538e-07,9.812102040680147e-08,9.100153789854912e-08,8.313452407850434e-08,7.45756293179903e-08,6.538066923753309e-08,5.560562051970612e-08,4.530662171845497e-08,3.4539979420895754e-08,2.3362179067226654e-08,1.1829896995757979e-08,0.0,-4.1662544677392286e-08,2.7624974109690048e-08,9.153191040341454e-08,1.5008579905227149e-07,2.033225645683693e-07,2.512834862103546e-07,2.9401272825553715e-07,3.3155655021647956e-07,3.6396323436465284e-07,3.9128337153392843e-07,4.135703391535112e-07,4.3088087730793106e-07,4.4327569885153243e-07,4.508200848281055e-07,4.5358442672817276e-07,4.5164468609934007e-07,4.450827512326594e-07,4.3398668085305504e-07,4.184508365510233e-07,3.9857591987546343e-07,3.744689477994054e-07,3.462432237978897e-07,3.140183948217689e-07,2.7792073367558856e-07,2.380838633555616e-07,1.946502637934441e-07,1.4777409818871952e-07,9.762616064298381e-08,4.440179996570027e-08,-1.166970725571599e-08,-7.035377630500504e-08,-1.2644467962551905e-07,-1.778116996999707e-07,-2.2457000153376513e-07,-2.6684974666606236e-07,-3.047795066650741e-07,-3.384878402231919e-07,-3.68104526506577e-07,-3.937612554710671e-07,-4.15591939869704e-07,-4.337328062798849e-07,-4.483223655519277e-07,-4.595013208299116e-07,-4.674124461245101e-07,-4.7220045365515543e-07,-4.7401185970036465e-07,-4.729948538709336e-07,-4.692991740280144e-07,-4.6307598761714767e-07,-4.544777794642514e-07,-4.4365824578469463e-07,-4.3077219412946846e-07,-4.159754491557353e-07,-3.994247644461793e-07,-3.812777411494269e-07,-3.6169275506862967e-07,-3.408288951651147e-07,-3.1884591857177635e-07,-2.9590423063261634e-07,-2.7216490404412446e-07,-2.477897602848735e-07,-2.2294155156163568e-07,-1.9778430652796886e-07,-1.7248394479239938e-07,-1.4720933492564213e-07,-1.2213408481987542e-07,-9.743952789404812e-08,-7.331956934750982e-08,-4.998790052645034e-08,-2.7684833716632036e-08,-6.649171264666555e-09,1.2240635274621706e-08,2.9471490627902907e-08,4.504094699335145e-08,5.896438954451062e-08,7.127138078799534e-08,8.200041593666878e-08,9.119539233694142e-08,9.890351875867802e-08,1.0517409393165266e-07,1.1005778631735704e-07,1.1360620206803604e-07,1.1587161995755292e-07,1.1690682410287657e-07,1.167649945611062e-07,1.1549963251572003e-07,1.1316450634101316e-07,1.0981361043698756e-07,1.0550113206976447e-07,1.002814235056414e-07,9.420897805364509e-08,8.73384095673458e-08,7.972443570252465e-08,7.142186585466834e-08,6.248559503893274e-08,5.297060402626208e-08,4.2931960067118114e-08,3.2424785784402354e-08,2.1504049965067022e-08,1.0223533878530563e-08,-1.3719611217805794e-09,-7.918583315171205e-08,-1.211396566041195e-08,4.963884361776859e-08,1.0609163527714274e-07,1.5728191831067497e-07,2.0325605313031992e-07,2.440653015294376e-07,2.797638817365302e-07,3.104082419869697e-07,3.360569390753324e-07,3.567708250881135e-07,3.7261338961477176e-07,3.836511722529757e-07,3.8995419317429417e-07,3.9159636786865435e-07,3.8865588488641965e-07,3.812155366313057e-07,3.693630052761028e-07,3.5319112031293816e-07,3.327981228540904e-07,3.0828799699933455e-07,2.79770964101174e-07,2.473642874056863e-07,2.111936110640215e-07,1.7139517064040422e-07,1.2811937233609877e-07,8.153643024622036e-08,3.184483350869655e-08,-2.0717219536919157e-08,-7.586160693647232e-08,-1.332352580252338e-07,-1.871235482249431e-07,-2.3619788902407747e-07,-2.8064036808065857e-07,-3.2061209348570847e-07,-3.562636258719979e-07,-3.877384374406697e-07,-4.151763673306834e-07,-4.387157888809728e-07,-4.5849490558422676e-07,-4.746524975111675e-07,-4.873283333843844e-07,-4.966633814200851e-07,-5.027999000615996e-07,-5.058814578461554e-07,-5.060529122025206e-07,-5.034603651327236e-07,-4.982511065387453e-07,-4.905735516394402e-07,-4.805771764114465e-07,-4.6841245363810767e-07,-4.5423079159089486e-07,-4.381844774081341e-07,-4.2042662782066307e-07,-4.011111510671101e-07,-3.8039272583513104e-07,-3.5842680621670657e-07,-3.353696665682885e-07,-3.113785077669009e-07,-2.86611658139018e-07,-2.612289206226422e-07,-2.3539214604012768e-07,-2.092661559205517e-07,-1.830202041541753e-07,-1.568302621756693e-07,-1.3088253628156599e-07,-1.053787346190808e-07,-8.054348965399889e-08,-5.663322420422365e-08,-3.3941508571531394e-08,-1.280018393188828e-08,5.758940355456135e-09,2.278637789640304e-08,3.8247766613683825e-08,5.213461345182206e-08,6.445818458518163e-08,7.52438379193225e-08,8.45264341086918e-08,9.234707311475984e-08,9.875093675745552e-08,1.0378589518065366e-07,1.0750161082486897e-07,1.0994895935114087e-07,1.111796511714796e-07,1.1124597993892271e-07,1.1020065159983864e-07,1.0809666477476078e-07,1.049872240447293e-07,1.0092567459263769e-07,9.596545110471465e-08,9.016003683222694e-08,8.356293084508076e-08,7.622762312110649e-08,6.820757827737906e-08,5.95562289812916e-08,5.032697736986237e-08,4.0573190406241796e-08,3.0348130164825084e-08,1.9704618268663655e-08,8.693600129422806e-09,-2.6377881196908244e-09,-1.1270449328999607e-07,-4.7876650865210936e-08,1.1688342622753684e-08,6.601614610692894e-08,1.1514876965874888e-07,1.5913826658021557e-07,1.9804247383328064e-07,2.319227177768196e-07,2.608426527047788e-07,2.8486779456202587e-07,3.040654462717108e-07,3.185048400688634e-07,3.282573968615101e-07,3.3339704489261193e-07,3.340005649626344e-07,3.301479465343318e-07,3.2192275342046874e-07,3.094125126294202e-07,2.927091576617559e-07,2.7190958043474984e-07,2.4711637688465803e-07,2.1843891391751354e-07,1.8599490460303895e-07,1.4991275966849624e-07,1.1033508915881874e-07,6.74238487436237e-08,2.1367710923431567e-08,-2.7607835950732347e-08,-7.92276148933402e-08,-1.3314919205102673e-07,-1.8893335201834236e-07,-2.407430385713379e-07,-2.876517419171267e-07,-3.298914200869776e-07,-3.6765905194783256e-07,-4.0112975652416565e-07,-4.3046496109743457e-07,-4.5581737803475575e-07,-4.773344307976355e-07,-4.951604852904657e-07,-5.094382827557055e-07,-5.203098514968073e-07,-5.279170831071793e-07,-5.324020936464386e-07,-5.339074472024446e-07,-5.32576291467561e-07,-5.285524371343804e-07,-5.219804015759342e-07,-5.130054301558383e-07,-5.01773504175858e-07,-4.884313420117581e-07,-4.7312639887307425e-07,-4.560068705614164e-07,-4.372217075028516e-07,-4.169206472731182e-07,-3.9525427707977007e-07,-3.723741426881428e-07,-3.4843292783560444e-07,-3.23584739411351e-07,-2.9798555024341613e-07,-2.7179387554244297e-07,-2.451717939193134e-07,-2.1828647276824413e-07,-1.9131242288934987e-07,-1.6443478445488744e-07,-1.3785401237373444e-07,-1.1179231076190652e-07,-8.650189710625519e-08,-6.227457401238161e-08,-3.945322590800561e-08,-1.845302293715428e-08,-3.001743172619444e-10,1.6436857625572e-08,3.170171780459448e-08,4.546912549225067e-08,5.773612994029258e-08,6.85163608984276e-08,7.783544869962765e-08,8.572748443510376e-08,9.223242113682324e-08,9.739424061421017e-08,1.0125968535417873e-07,1.038773875388679e-07,1.0529727015364438e-07,1.0557013217761066e-07,1.0474735758955747e-07,1.0288070751557288e-07,1.0002216833498889e-07,9.622383779035865e-08,9.153783751474548e-08,8.60162448894635e-08,7.971104044892952e-08,7.26740695533032e-08,6.495701882634346e-08,5.661140838850438e-08,4.7688598399690974e-08,3.8239797974204557e-08,2.831603875823068e-08,1.7968016839295362e-08,7.246019088321519e-09,-3.7990926447592595e-09,-1.4235310326553774e-07,-7.977167858545474e-08,-2.2403779862075424e-08,2.979157009588389e-08,7.68663229942795e-08,1.1888041452770348e-07,1.558989997942583e-07,1.879904773846297e-07,2.1522530485754377e-07,2.3767538190905574e-07,2.554138151240728e-07,2.6851492485015673e-07,2.7705440401694717e-07,2.8110957444002186e-07,2.8075971117098884e-07,2.760864243227399e-07,2.6717410437719583e-07,2.541104541615228e-07,2.3698715080054007e-07,2.1590070623784438e-07,1.9095362773470283e-07,1.622560226407676e-07,1.2992784690125578e-07,9.410206454392141e-08,5.492906061267588e-08,1.25827157285326e-08,-3.27314218443239e-08,-8.076544022189853e-08,-1.312150059281643e-07,-1.8369995162216861e-07,-2.3773559456240586e-07,-2.8754644895544637e-07,-3.323900323834357e-07,-3.725328824055206e-07,-4.082016521084962e-07,-4.3959525110049265e-07,-4.6689347188984026e-07,-4.902630254532625e-07,-5.098617075785883e-07,-5.258413046121735e-07,-5.383495922251809e-07,-5.475317050219885e-07,-5.535310763551641e-07,-5.564900871500943e-07,-5.565505183337241e-07,-5.538538707249371e-07,-5.485415953750155e-07,-5.407552634356983e-07,-5.306366955546281e-07,-5.183280650856247e-07,-5.039719860792304e-07,-4.877115954755738e-07,-4.6969063881937034e-07,-4.500535700393009e-07,-4.289456784620903e-07,-4.0651326054389544e-07,-3.8290386029560147e-07,-3.582666118078388e-07,-3.3275273069747347e-07,-3.06516220067042e-07,-2.797148822983307e-07,-2.5251176219851643e-07,-2.2507719016553975e-07,-1.9759164340995337e-07,-1.7024968866294644e-07,-1.432652878898472e-07,-1.1687870695491313e-07,-9.136520342208135e-08,-6.704603380757198e-08,-4.430395625092168e-08,-2.3608274124537322e-08,-5.907217577778646e-09,1.0476627385367971e-08,2.5476519195187784e-08,3.905617465912042e-08,5.120232557976846e-08,6.191920886824605e-08,7.122429523021505e-08,7.914487556650152e-08,8.57153947396597e-08,9.097543323764844e-08,9.49682174741083e-08,9.773953652247855e-08,9.933695944307989e-08,9.980926960393603e-08,9.920605337942414e-08,9.757739781321674e-08,9.49736650459034e-08,9.144532116524835e-08,8.704280444425795e-08,8.181642341558258e-08,7.581627946075109e-08,6.909221196221691e-08,6.169376676401544e-08,5.3670190672469315e-08,4.507045583761701e-08,3.594331964700981e-08,2.6337436820300392e-08,1.6301637988734326e-08,5.885725798617403e-09,-4.857410618890106e-09,-1.6826624270032945e-07,-1.0792074126050255e-07,-5.274347411754508e-08,-2.673915528856623e-09,4.2353616098775e-08,8.240947143227643e-08,1.1756744664086853e-07,1.479035695525717e-07,1.7349518933389735e-07,1.9442041595017172e-07,2.1075785296925745e-07,2.2258655331199887e-07,2.2998613887230627e-07,2.3303704400148599e-07,2.3182086141484976e-07,2.2642078614900938e-07,2.16922169888029e-07,2.034132159057461e-07,1.8598586566842128e-07,1.6473695334830256e-07,1.3976973548893688e-07,1.1119594073130454e-07,7.913852852995274e-08,4.373539327581814e-08,5.144294203388653e-09,-3.6450677492854306e-08,-8.08307621658776e-08,-1.277319013712323e-07,-1.7683114425124672e-07,-2.2772906678556722e-07,-2.799280335128818e-07,-3.2779603137498055e-07,-3.7065569064128403e-07,-4.087961970058886e-07,-4.4246703879960717e-07,-4.718875082000491e-07,-4.972545142275361e-07,-5.187485489331445e-07,-5.365381276016468e-07,-5.507830440830395e-07,-5.616367439400285e-07,-5.692480468709172e-07,-5.737623994607781e-07,-5.753227932885875e-07,-5.740704462925947e-07,-5.701453170968191e-07,-5.636865015467456e-07,-5.548325463508764e-07,-5.437217049853649e-07,-5.304921547114119e-07,-5.152821898237903e-07,-4.982304045231372e-07,-4.794758787557971e-07,-4.591583818724464e-07,-4.374186120887295e-07,-4.143984947375341e-07,-3.902415696152844e-07,-3.650935079556047e-07,-3.391028134796669e-07,-3.1242178040732654e-07,-2.8520780494245203e-07,-2.576251756047836e-07,-2.2984750037088404e-07,-2.0206096058509988e-07,-1.7446860516480696e-07,-1.4729590688460384e-07,-1.2079781405474827e-07,-9.526765587097605e-08,-7.104869548061348e-08,-4.8549890826353617e-08,-2.82672406305538e-08,-1.1045336123616589e-08,4.941011977072522e-09,1.9623132841798418e-08,3.295922737110668e-08,4.4929298496014554e-08,5.553064715919848e-08,6.477412550090566e-08,7.268103946018684e-08,7.928061910031938e-08,8.460800114681489e-08,8.870265780567471e-08,9.160719540034328e-08,9.336644612653884e-08,9.402678473287422e-08,9.363561402333716e-08,9.224097532723981e-08,8.989125091232394e-08,8.663493429384677e-08,8.252045163699758e-08,7.759602329342731e-08,7.190955933235523e-08,6.55085870893702e-08,5.844021265703385e-08,5.07511225299474e-08,4.248763809579455e-08,3.369584959037708e-08,2.4421895972472622e-08,1.4712542649386017e-08,4.616352512994512e-09,-5.814188139626091e-09,-1.9057854568512262e-07,-1.3245216667921104e-07,-7.944935433734641e-08,-3.1488673579306323e-08,1.1511418335807548e-08,4.963360567446318e-08,8.296169050266107e-08,1.1158014259293766e-07,1.3557360339056905e-07,1.5502651749753249e-07,1.7002294381548655e-07,1.8064654239321752e-07,1.8698071643023877e-07,1.8910889023950195e-07,1.8711491327832266e-07,1.810835930543234e-07,1.7110137449750096e-07,1.5725720033256186e-07,1.3964360664928406e-07,1.1835813084128435e-07,9.350513563398251e-08,6.519818256082303e-08,3.3563119127763084e-08,-1.2579277211408795e-09,-3.910143846832415e-08,-7.977604431098829e-08,-1.2305449125567977e-07,-1.686637638507789e-07,-2.1627310030665633e-07,-2.654799503083848e-07,-3.1579524476741684e-07,-3.617629518367452e-07,-4.0270587731719733e-07,-4.389277195863063e-07,-4.706947634973111e-07,-4.982428466597582e-07,-5.217838000504026e-07,-5.415108208345286e-07,-5.57602746620223e-07,-5.702273779849671e-07,-5.795440289806891e-07,-5.857054755311008e-07,-5.88859444853634e-07,-5.891497612555692e-07,-5.867172374733234e-07,-5.81700378715672e-07,-5.742359493246061e-07,-5.644594391604261e-07,-5.525054577617987e-07,-5.38508078308746e-07,-5.226011498231133e-07,-5.049185944374897e-07,-4.855947066820103e-07,-4.647644734754058e-07,-4.425639369117504e-07,-4.1913062719790006e-07,-3.946041005316655e-07,-3.6912662671857104e-07,-3.4284408432422485e-07,-3.15907137446569e-07,-2.884727876953595e-07,-2.607064168637467e-07,-2.3278445807453688e-07,-2.0489785272814621e-07,-1.7725646501339337e-07,-1.500946406680098e-07,-1.2367814006167616e-07,-9.831279620513635e-08,-7.435544835163173e-08,-5.222768932188092e-08,-3.243197955825257e-08,-1.570607857681077e-08,-1.483995162179968e-10,1.417562643938243e-08,2.7223014834566686e-08,3.8970258577421864e-08,4.9410068769180275e-08,5.854833997386856e-08,6.640148209799173e-08,7.299414050493302e-08,7.835729523493395e-08,8.252671307900491e-08,8.554171155303285e-08,8.744418590102254e-08,8.827784963438309e-08,8.80876436184037e-08,8.691927568605335e-08,8.481886033868564e-08,8.18326352949812e-08,7.800673809411969e-08,7.338703162295454e-08,6.80189724930467e-08,6.194752095907387e-08,5.5217096084159025e-08,4.7871586203665996e-08,3.995443477407235e-08,3.1508840736769106e-08,2.2578146938500355e-08,1.320654186004365e-08,3.4402370098192613e-09,-6.670779963521691e-09,-2.0942474858334447e-07,-1.5349786351909204e-07,-1.0264769813278652e-07,-5.677211877060128e-08,-1.577284247141997e-08,2.0446350284831027e-08,5.1980356750311175e-08,7.89229010622897e-08,1.013664411843229e-07,1.1940204730137253e-07,1.3311935975155846e-07,1.426066703708651e-07,1.4795113928515804e-07,1.49239148233324e-07,1.4655679242971159e-07,1.399905206174624e-07,1.296279446930328e-07,1.1555885497248772e-07,9.78764943749712e-08,7.66791641947866e-08,5.2072255080447685e-08,2.4170817975269897e-08,-6.897191326925501e-09,-4.098684719046264e-08,-7.793121818713526e-08,-1.1753521744629031e-07,-1.5956821900702952e-07,-2.0375537584638343e-07,-2.497677512117397e-07,-2.972118691331908e-07,-3.456203942133918e-07,-3.897224018570206e-07,-4.2880573938929474e-07,-4.6318325518327474e-07,-4.931333204337333e-07,-5.18904762620739e-07,-5.40721907683466e-07,-5.58789128107464e-07,-5.732947038200206e-07,-5.844139959343085e-07,-5.923120113048746e-07,-5.971454580722641e-07,-5.990643909779275e-07,-5.982135335424935e-07,-5.947333495495036e-07,-5.88760921875477e-07,-5.804306842757327e-07,-5.698750418722505e-07,-5.572249088040769e-07,-5.426101865427763e-07,-5.26160203437057e-07,-5.080041348677654e-07,-4.882714237923336e-07,-4.670922233666916e-07,-4.445978867855615e-07,-4.2092153460052634e-07,-3.9619873674068424e-07,-3.7056835546348264e-07,-3.441736066171167e-07,-3.171634098041369e-07,-2.8969411281125315e-07,-2.6193169095910034e-07,-2.3405453622827247e-07,-2.062569626645987e-07,-1.7875356437869747e-07,-1.5178457671989336e-07,-1.2562242085830783e-07,-1.0057965403793169e-07,-7.701852432769823e-08,-5.536201717342938e-08,-3.610530171327189e-08,-1.9886277177279098e-08,-4.779486277252148e-09,9.15569146441667e-09,2.1878097224641827e-08,3.336333392729675e-08,4.3601621595862443e-08,5.259550583745361e-08,6.035767354344123e-08,6.690898277079271e-08,7.22767469089323e-08,7.649328010518527e-08,7.959469060697513e-08,8.161989606064347e-08,8.26098288054186e-08,8.260679839259735e-08,8.165398116527382e-08,7.97950111644676e-08,7.707365178534526e-08,7.353353287127295e-08,6.921794304491e-08,6.416967203569644e-08,5.8430902794995575e-08,5.204315879895709e-08,4.5047319088278964e-08,3.7483723976871174e-08,2.9392409879877024e-08,2.0813532350748604e-08,1.1788053033251046e-08,2.3587528361863568e-09,-7.428454210772667e-09,-2.249397315169064e-07,-1.7119179547048055e-07,-1.2246954010057636e-07,-7.865109203303645e-08,-3.962133838917929e-08,-5.269917873038095e-09,2.4509904817555805e-08,4.982177507888885e-08,7.076647397193756e-08,8.744203498536241e-08,9.994387622939559e-08,1.0836501515190703e-07,1.1279639818553018e-07,1.1332736089371798e-07,1.1004622968073865e-07,1.0304107959154846e-07,9.240067129603797e-08,7.821560227629671e-08,6.057972137502926e-08,3.959187122631576e-08,1.535803844777453e-08,-1.2005994963172741e-08,-4.23713963455501e-08,-7.55923188396376e-08,-1.1150113485192447e-07,-1.4990279784293534e-07,-1.9056831725819558e-07,-2.3322744193732003e-07,-2.775608779666674e-07,-3.2319281602010715e-07,-3.6968531541589113e-07,-4.119511741604623e-07,-4.492247128092515e-07,-4.818244321118641e-07,-5.100373064951363e-07,-5.341221754887099e-07,-5.543135526549634e-07,-5.708253176928752e-07,-5.838540506954126e-07,-5.935819285755373e-07,-6.00179186762203e-07,-6.038061875519037e-07,-6.046151503121813e-07,-6.02751600030913e-07,-5.983555859725827e-07,-5.915627152369994e-07,-5.825050388830552e-07,-5.713118220680079e-07,-5.581102248222495e-07,-5.430259167454758e-07,-5.261836470275011e-07,-5.077077906756098e-07,-4.877228925977926e-07,-4.663542332205196e-07,-4.437284426346295e-07,-4.199741949248229e-07,-3.9522302041558153e-07,-3.6961028108255347e-07,-3.432763632364029e-07,-3.163681514704002e-07,-2.8904085814570924e-07,-2.614602924064583e-07,-2.3380566076171662e-07,-2.062729969540422e-07,-1.7907932267628417e-07,-1.5246764393085944e-07,-1.2671288686559423e-07,-1.021288469356857e-07,-7.907609663640583e-08,-5.797044130903202e-08,-3.9290752164183637e-08,-2.3586133402980616e-08,-8.946489448199429e-09,4.57617525567028e-09,1.6944443026466724e-08,2.8134990613199484e-08,3.813729899450223e-08,4.695201798110947e-08,5.45892543955985e-08,6.106693066882935e-08,6.64092885013157e-08,7.064557059577837e-08,7.380888818716111e-08,7.59352662520902e-08,7.706284906166698e-08,7.723124457358992e-08,7.648098564451761e-08,7.485308792137217e-08,7.238868754742208e-08,6.912874582480189e-08,6.511381233479126e-08,6.038384260124665e-08,5.497807127449758e-08,4.893494730618277e-08,4.229214417385938e-08,3.508666635709198e-08,2.7355082590486578e-08,1.9133923650362617e-08,1.0460278701091933e-08,1.3725937235929584e-09,-8.088400435639174e-09,-2.3725855376647494e-07,-1.8566918854192632e-07,-1.3904896594580204e-07,-9.725748511582953e-08,-6.016313794649217e-08,-2.7641227149687003e-08,4.27251720996531e-10,2.415633618058808e-08,4.3655533646929636e-08,5.903013506019257e-08,7.038151962328558e-08,7.780752064186031e-08,8.14028917415378e-08,8.125989540854836e-08,7.746902911262217e-08,7.011990522043206e-08,5.930230699686889e-08,4.510745234082132e-08,2.762950804370477e-08,6.967408945890629e-09,-1.677295311448935e-08,-4.347609812809415e-08,-7.301380999741064e-08,-1.0524140386205587e-07,-1.3999335994774763e-07,-1.770783139021886e-07,-2.1627346399617955e-07,-2.573185802106462e-07,-2.9991001316544717e-07,-3.436954403490562e-07,-3.882705901808592e-07,-4.2872642693074766e-07,-4.642343681755073e-07,-4.95116308714691e-07,-5.216653302255271e-07,-5.441479240494381e-07,-5.628067696075804e-07,-5.778636329093178e-07,-5.895221528903417e-07,-5.979704014256166e-07,-6.033831734238532e-07,-6.059240036797393e-07,-6.057469283116196e-07,-6.029980181522869e-07,-5.978167143625191e-07,-5.903369959400484e-07,-5.806884066892685e-07,-5.689969667870166e-07,-5.553859919945441e-07,-5.399768421597653e-07,-5.228896200718164e-07,-5.042438420242042e-07,-4.841591026331119e-07,-4.627557585614543e-07,-4.4015565884104164e-07,-4.164829534847752e-07,-3.9186501702773255e-07,-3.664335294465483e-07,-3.403257633679965e-07,-3.1368613318983644e-07,-2.866680680755061e-07,-2.594362759291347e-07,-2.3216946852306478e-07,-2.050636181437297e-07,-1.7833581248118935e-07,-1.522287641296961e-07,-1.270160043853775e-07,-1.0300772410669638e-07,-8.05570726424402e-08,-6.006642431883361e-08,-4.199258063295338e-08,-2.6808075114019084e-08,-1.2647928007804077e-08,4.436847720464722e-10,1.2434210922454943e-08,2.3302784803263245e-08,3.3039528627371064e-08,4.1644436523176834e-08,4.9126077858246294e-08,5.5500270319236203e-08,6.078881218604125e-08,6.501832256940773e-08,6.821921176624884e-08,7.04247865433223e-08,7.167048428323919e-08,7.199322384951621e-08,7.143085852721542e-08,7.002171644899782e-08,6.780421568715077e-08,6.481654405778619e-08,6.109639723475791e-08,5.668077278575526e-08,5.160582214752021e-08,4.590676736637021e-08,3.961789460986835e-08,3.2772641592579737e-08,2.540379967298419e-08,1.7543849975147057e-08,9.225440337693915e-09,4.819784737369905e-10,-8.651739433513543e-09,-2.465164838500649e-07,-1.970661108184026e-07,-1.5252209484730468e-07,-1.1272668275253406e-07,-7.753227297683532e-08,-4.6799883111157174e-08,-2.0398048117976076e-08,1.7979367501704756e-09,1.990656349029309e-08,3.404057091676041e-08,4.430740593430994e-08,5.080974478637072e-08,5.36461088425775e-08,5.2911595053264414e-08,4.869873503817414e-08,4.10984970114745e-08,3.0201449437011496e-08,1.6099112745144658e-08,-1.1144658686275156e-09,-2.134087102810708e-08,-4.447516081263814e-08,-7.040333787791684e-08,-9.899939911667296e-08,-1.30121924365463e-07,-1.6361018902789448e-07,-1.9927982886884794e-07,-2.3691815693893704e-07,-2.762793454355144e-07,-3.170798532888105e-07,-3.589947150662979e-07,-4.016556270132527e-07,-4.403250487370057e-07,-4.7410716180712327e-07,-5.033258421668213e-07,-5.282785425738116e-07,-5.492376039788199e-07,-5.664521833946522e-07,-5.801504541975555e-07,-5.9054187511624e-07,-5.978194048617555e-07,-6.021615922148227e-07,-6.037345066055269e-07,-6.026934969520615e-07,-5.991847805289212e-07,-5.933468717897925e-07,-5.853118655214417e-07,-5.752065909667512e-07,-5.631536546688084e-07,-5.492723904327196e-07,-5.33679735401339e-07,-5.164910520498996e-07,-4.978209170737645e-07,-4.777838997656546e-07,-4.5649535461270644e-07,-4.340722555226043e-07,-4.106341023118313e-07,-3.8630393380471474e-07,-3.612094859628287e-07,-3.3548453763460405e-07,-3.092704903774578e-07,-2.827182317864651e-07,-2.559903331374404e-07,-2.2926363104490116e-07,-2.0273223809243491e-07,-1.7661101698566992e-07,-1.511395323085665e-07,-1.2658645422356934e-07,-1.0325431305939681e-07,-8.148436870408768e-08,-6.166113243927896e-08,-4.4215706350493236e-08,-2.9556070501886085e-08,-1.5885236202165902e-08,-3.2395652380824424e-09,8.353855100744901e-09,1.8877545618013952e-08,2.832330945213294e-08,3.6691495482068734e-08,4.399003941579486e-08,5.0233416100348785e-08,5.5441591349870406e-08,5.96390274803889e-08,6.285377236484328e-08,6.511664498741493e-08,6.646051931702488e-08,6.691970147533182e-08,6.652939162190939e-08,6.532522089053417e-08,6.33428544048599e-08,6.061765334273042e-08,5.718439180987743e-08,5.30770276474779e-08,4.832853002676352e-08,4.29707705552138e-08,3.703448823824127e-08,3.054934117087379e-08,2.3544057637797695e-08,1.604669367271563e-08,8.084989579153192e-09,-3.132084928972944e-10,-9.119533874871757e-09,-2.528490251939849e-07,-2.0551924791522365e-07,-1.6302645932272963e-07,-1.2519652296624563e-07,-9.186634164636744e-08,-6.288281403477139e-08,-3.8101989893496264e-08,-1.7388396853499392e-08,-6.144611259481733e-10,1.2340053590139252e-08,2.1588646186011577e-08,2.723875410301928e-08,2.9392526164727177e-08,2.8147703597573188e-08,2.3598616854890093e-08,1.583730695579329e-08,4.954784503844554e-09,-8.957554052766796e-09,-2.5806326340304663e-08,-4.549434723386852e-08,-6.791855807511972e-08,-9.296766409898332e-08,-1.205194472596182e-07,-1.504377348610099e-07,-1.8256902917828347e-07,-2.167388440879661e-07,-2.5274785714838566e-07,-2.903680751826028e-07,-3.2933933203753126e-07,-3.6936659166130546e-07,-4.1011873582528473e-07,-4.4702333778053887e-07,-4.79115720233799e-07,-5.067209353156219e-07,-5.301396547008489e-07,-5.496487376408795e-07,-5.655024513727442e-07,-5.77934072533866e-07,-5.871576954162422e-07,-5.933701251855958e-07,-5.96752770730917e-07,-5.974734798330073e-07,-5.956882807936486e-07,-5.915430106467629e-07,-5.851748216811343e-07,-5.767135662908391e-07,-5.662830660580018e-07,-5.540022752132631e-07,-5.39986351785998e-07,-5.243476522698956e-07,-5.071966677898885e-07,-4.886429217732738e-07,-4.68795851145728e-07,-4.4776569518647837e-07,-4.2566441843498297e-07,-4.026066964426009e-07,-3.7871099564120753e-07,-3.5410078100750545e-07,-3.2890588728383704e-07,-3.032640908981754e-07,-2.7732291989756e-07,-2.512417375072473e-07,-2.2519413046798096e-07,-1.993706247671874e-07,-1.7398173652496225e-07,-1.4926134066645134e-07,-1.2547029813307408e-07,-1.0290021458632796e-07,-8.187709844608683e-08,-6.276452748584228e-08,-4.596567988773509e-08,-3.183520845504727e-08,-1.8661875845118334e-08,-6.474461915082033e-09,4.705687732552319e-09,1.4865078879148886e-08,2.3997951722232815e-08,3.210580242562057e-08,3.919668378720845e-08,4.528439281707111e-08,5.0387622401261913e-08,5.452912851396356e-08,5.773494445292987e-08,6.003365888050027e-08,6.145576419373986e-08,6.203307506112157e-08,6.17982131066001e-08,6.07841520679958e-08,5.902381777813397e-08,5.654973857897964e-08,5.3393743927990896e-08,4.9586711696550586e-08,4.5158367705917405e-08,4.013714403646038e-08,3.455010502169477e-08,2.842295068522614e-08,2.1780105300988093e-08,1.464489195258718e-08,7.039780725339456e-09,-1.0133219435235255e-09,-9.492799251588424e-09,-2.5639193833254405e-07,-2.1116578260089412e-07,-1.7070061384822558e-07,-1.348065771420304e-07,-1.0330546485718387e-07,-7.603024791041596e-08,-5.282457567522891e-08,-3.354225963296577e-08,-1.804671305203258e-08,-6.2103165932051206e-09,2.086310448401319e-09,6.955142475452302e-09,8.501684592746353e-09,6.826011467172433e-09,2.0239052991570546e-09,-5.811906638979264e-09,-1.659040919135247e-08,-3.022083930961732e-08,-4.661109077257263e-08,-6.566596049246909e-08,-8.728521035742215e-08,-1.1136141904673625e-07,-1.3777760364974684e-07,-1.6640460311679986e-07,-1.9709823693657533e-07,-2.296962857113717e-07,-2.6401538814735764e-07,-2.9984801302610155e-07,-3.369597450408867e-07,-3.750872219036619e-07,-4.1393719870325817e-07,-4.490968497956484e-07,-4.795324420098416e-07,-5.055698673932984e-07,-5.275123221159178e-07,-5.45640237844378e-07,-5.602119050896381e-07,-5.714645692495091e-07,-5.796158471963094e-07,-5.848653443636789e-07,-5.873963762993886e-07,-5.8737772028905e-07,-5.849653421848643e-07,-5.803040604448655e-07,-5.735291233753528e-07,-5.647676868132042e-07,-5.541401883453946e-07,-5.417616210726048e-07,-5.277427153065757e-07,-5.121910408175756e-07,-4.952120456243835e-07,-4.769100500848292e-07,-4.5738921738078145e-07,-4.367545235225344e-07,-4.1511275179362915e-07,-3.9257353812848574e-07,-3.6925049520443304e-07,-3.4526244390141064e-07,-3.207347810125513e-07,-2.958010113537605e-07,-2.706044702844123e-07,-2.4530025853506567e-07,-2.200574043413923e-07,-1.950612570224507e-07,-1.7051609949357367e-07,-1.466479420530435e-07,-1.2370742249297707e-07,-1.019726839624423e-07,-8.175202726016598e-08,-6.338602869567544e-08,-4.7248643375477527e-08,-3.3651434515416955e-08,-2.0982752782370092e-08,-9.26409523428435e-09,1.4890294646907444e-09,1.1267484429529681e-08,2.0068480818870295e-08,2.78952628209149e-08,3.4756599859537105e-08,4.066616611153883e-08,4.564186833466903e-08,4.970516536113699e-08,5.2880407791939325e-08,5.519421485011691e-08,5.667489685088827e-08,5.735192592583016e-08,5.7255454054426246e-08,5.641587569349467e-08,5.486343198333278e-08,5.2627854325754233e-08,4.973804678754714e-08,4.622180901055882e-08,4.2105603804275e-08,3.7414375961676465e-08,3.217143050204662e-08,2.6398378686187383e-08,2.0115157706281594e-08,1.3340123792890664e-08,6.090207903636385e-09,-1.618891113174268e-09,-9.772514855960726e-09,-2.57281260554936e-07,-2.1414332934095944e-07,-1.7568387185702215e-07,-1.416976185786033e-07,-1.1199145979473451e-07,-8.638459972844893e-08,-6.470844577494765e-08,-4.68062825312109e-08,-3.253274986067892e-08,-2.1753141338127974e-08,-1.4342542941941319e-08,-1.0184834776338097e-08,-9.171578876831683e-09,-1.1200813618671341e-08,-1.6175770470606504e-08,-2.4003522611910436e-08,-3.459356807476839e-08,-4.785634333607744e-08,-6.370165733763478e-08,-8.203703139750325e-08,-1.0276592804715533e-07,-1.2578585224277354e-07,-1.5098631257712867e-07,-1.782466392032045e-07,-2.074336705149032e-07,-2.383993435761081e-07,-2.709782548170887e-07,-3.049852977370118e-07,-3.402135329959768e-07,-3.7643250733493523e-07,-4.133873371267398e-07,-4.468203390684973e-07,-4.75629292836232e-07,-5.00140983039259e-07,-5.206608042326226e-07,-5.374721239424577e-07,-5.508363970948994e-07,-5.609938448255932e-07,-5.681645559693248e-07,-5.725498882226519e-07,-5.743340618646785e-07,-5.736858565105777e-07,-5.70760339833159e-07,-5.657005749624519e-07,-5.58639269258901e-07,-5.497003408524619e-07,-5.390003906771788e-07,-5.266500768843859e-07,-5.127553957749663e-07,-4.974188790657664e-07,-4.807407216939803e-07,-4.628198577234064e-07,-4.437550044557962e-07,-4.2364569672175197e-07,-4.025933346226329e-07,-3.807022687478436e-07,-3.580809470640798e-07,-3.348431471566257e-07,-3.1110931611614716e-07,-2.870080378488931e-07,-2.62677643599884e-07,-2.3826797556564552e-07,-2.139423050277193e-07,-1.8987939462257814e-07,-1.6627567804101823e-07,-1.4334750820979197e-07,-1.2133339537404567e-07,-1.0049611820098724e-07,-8.112454236316711e-08,-6.353491506864106e-08,-4.807128994804827e-08,-3.501137810546299e-08,-2.2853825848005653e-08,-1.161312535991776e-08,-1.2989401858651018e-09,8.084175129296919e-09,1.6536768513224456e-08,2.4064270863553196e-08,3.067662680510701e-08,3.638782930764539e-08,4.121540112200796e-08,4.51798552641249e-08,4.830415706541596e-08,5.0613202238413844e-08,5.213331916358266e-08,5.2891799117994224e-08,5.2916455258952357e-08,5.223520963373445e-08,5.087570709913294e-08,4.8864955599792834e-08,4.622899357478062e-08,4.299258712470258e-08,3.917896171659682e-08,3.480957527717894e-08,2.99039410324181e-08,2.4479508732366835e-08,1.855161117103815e-08,1.2133478447322836e-08,5.236314974322868e-09,-2.130575047398247e-09,-9.959634658407822e-09,-2.556533238974131e-07,-2.1458989610590782e-07,-1.7811610897066582e-07,-1.46011190327868e-07,-1.1806712856616731e-07,-9.408946829342101e-08,-7.389759492270925e-08,-5.732459382252131e-08,-4.4216752671926447e-08,-3.443277298321713e-08,-2.78427542065905e-08,-2.4327008330139826e-08,-2.377475473732036e-08,-2.6082735375406638e-08,-3.115378008122107e-08,-3.889534202463884e-08,-4.921801424520232e-08,-6.203403056260642e-08,-7.725574799831672e-08,-9.479410343976738e-08,-1.1455703477517656e-07,-1.364478563195495e-07,-1.603635803066555e-07,-1.8619318090244367e-07,-2.1381580504216138e-07,-2.4309894581571765e-07,-2.7389660933408495e-07,-3.0604752503318033e-07,-3.39373473174167e-07,-3.736778386711156e-07,-4.087445762219891e-07,-4.4046775315028257e-07,-4.676777245184061e-07,-4.907025635998448e-07,-5.098498392774751e-07,-5.254054592214167e-07,-5.376333536477812e-07,-5.467758251708223e-07,-5.53054419722627e-07,-5.566711845413962e-07,-5.578101916443267e-07,-5.566392218566567e-07,-5.533115236259469e-07,-5.479675802822679e-07,-5.407368375185495e-07,-5.31739358809721e-07,-5.210873899581472e-07,-5.088868249765411e-07,-4.952385743016114e-07,-4.802398431515828e-07,-4.6398533299208985e-07,-4.46568382831626e-07,-4.280820696646538e-07,-4.0862028899692363e-07,-3.882788371445368e-07,-3.671565169492403e-07,-3.453562876863707e-07,-3.2298647818295916e-07,-3.0016207937834053e-07,-2.7700612855946394e-07,-2.5365119205128973e-07,-2.3024094594928318e-07,-2.0693184519723761e-07,-1.8389485952846625e-07,-1.6131724006697798e-07,-1.3940426238456335e-07,-1.1838087048073877e-07,-9.849312178602537e-08,-8.000930554056675e-08,-6.322057015905124e-08,-4.8440822939090784e-08,-3.592223336845993e-08,-2.4281836466241377e-08,-1.3527327343911173e-08,-3.662543776246397e-09,5.312674804761386e-09,1.3402453000077502e-08,2.061471185123399e-08,2.696090163110129e-08,3.2455664302585224e-08,3.7116450430044144e-08,4.0963110330410635e-08,4.4017474240538605e-08,4.630293173255785e-08,4.784401681955261e-08,4.8666002286322806e-08,4.8794504779889726e-08,4.825510107308699e-08,4.707295561539417e-08,4.527245993407984e-08,4.287688555321234e-08,3.990805373565371e-08,3.6386027349588203e-08,3.232883226093614e-08,2.7752217489869636e-08,2.266946445395827e-08,1.7091255375855067e-08,1.1025608836573943e-08,4.477886381835519e-09,-2.549130864083152e-09,-1.005509804449332e-08,-2.51644772371508e-07,-2.1264385674292936e-07,-1.7813759092060853e-07,-1.4788920749757473e-07,-1.2167558145243574e-07,-9.928865629413784e-08,-8.05360901941216e-08,-6.524125403843453e-08,-5.32427077071913e-08,-4.439327619215601e-08,-3.8558836445959236e-08,-3.561691020490098e-08,-3.545514015854988e-08,-3.7969709061854665e-08,-4.306374517227905e-08,-5.064574350023446e-08,-6.06280210522815e-08,-7.292521549086036e-08,-8.745283022542448e-08,-1.041258245764131e-07,-1.228572449409322e-07,-1.4355689142613417e-07,-1.6613001378110338e-07,-1.9047603024312788e-07,-2.1648726275797608e-07,-2.440476816672161e-07,-2.7303165233008447e-07,-3.0330267587384994e-07,-3.347121190914269e-07,-3.6709794400586227e-07,-4.0028350663672265e-07,-4.3031226146330134e-07,-4.559486814586966e-07,-4.775228398525437e-07,-4.953447021998555e-07,-5.097024948340938e-07,-5.208620395401816e-07,-5.2906687115942e-07,-5.345389740078643e-07,-5.374799821506487e-07,-5.380727025086521e-07,-5.36482839138926e-07,-5.328608191374958e-07,-5.273436428449308e-07,-5.2005670167081e-07,-5.11115525001793e-07,-5.006274329999561e-07,-4.886930846468342e-07,-4.754079203392556e-07,-4.6086350597636855e-07,-4.451487911032896e-07,-4.283512975965863e-07,-4.1055825785641354e-07,-3.9185772271994376e-07,-3.7233965947907447e-07,-3.5209705954964143e-07,-3.312270735121236e-07,-3.098321883802924e-07,-2.8802145796249947e-07,-2.659117919419618e-07,-2.4362930268755853e-07,-2.2131070069764539e-07,-1.9910471989782636e-07,-1.7717354276303582e-07,-1.5569418257934448e-07,-1.348597665467972e-07,-1.1488064969095916e-07,-9.598527680955996e-08,-7.842069825065496e-08,-6.245263075019954e-08,-4.836491520063798e-08,-3.6391671218916383e-08,-2.5274112490991864e-08,-1.5013250571368523e-08,-5.607110160340146e-09,2.9492597384283253e-09,1.0663703447652557e-08,1.7546820777787002e-08,2.3611781559674617e-08,2.88740995155482e-08,3.3351372744780074e-08,3.706299798817279e-08,4.002986508442467e-08,4.2274036840871607e-08,4.3818418180700056e-08,4.4686417143171886e-08,4.490159928878234e-08,4.4487336430916366e-08,4.346645046917505e-08,4.1860853491635025e-08,3.969118626683645e-08,3.6976458749306296e-08,3.37336982173333e-08,2.997761302768735e-08,2.5720282502837286e-08,2.097088585145592e-08,1.573548485049545e-08,1.0016875847217578e-08,3.814526268812729e-09,-2.8753899230524726e-09,-1.005984043621119e-08,-2.453925793306329e-07,-2.0844392213889728e-07,-1.7588879411981515e-07,-1.4747354068411906e-07,-1.2295952457352466e-07,-1.0212513404681206e-07,-8.476670981448638e-08,-7.069858921921408e-08,-5.975246601924099e-08,-5.177625176161265e-08,-4.663260121660964e-08,-4.419723529643811e-08,-4.4357165345280746e-08,-4.7008895870376445e-08,-5.205666022094962e-08,-5.9410725830368365e-08,-6.898579219482126e-08,-8.069949522074022e-08,-9.447102521107846e-08,-1.1021986174583574e-07,-1.2786462611732138e-07,-1.4732204977993276e-07,-1.685060543465861e-07,-1.9132693382279306e-07,-2.1569062185764113e-07,-2.4149801489512444e-07,-2.68644305988097e-07,-2.970182649531614e-07,-3.2650138302361666e-07,-3.569667963352165e-07,-3.8827794454601595e-07,-4.1662630955576325e-07,-4.407126801312243e-07,-4.608701314917911e-07,-4.774114377294607e-07,-4.906270242147816e-07,-5.007840527176712e-07,-5.08126421948342e-07,-5.128754823104382e-07,-5.152312779902306e-07,-5.153741507315431e-07,-5.134665657584014e-07,-5.096550477557695e-07,-5.040721410234105e-07,-4.968383314604227e-07,-4.880638883450879e-07,-4.778506008263732e-07,-4.6629339776329936e-07,-4.534818502881424e-07,-4.3950156455084765e-07,-4.244354778770443e-07,-4.0836507538695194e-07,-3.913715462831381e-07,-3.7353689977114173e-07,-3.5494506010049825e-07,-3.3568295860545707e-07,-3.1584163791291227e-07,-2.9551737964472967e-07,-2.748128619132987e-07,-2.538383466259157e-07,-2.3271288903987434e-07,-2.1156555317956698e-07,-1.9053660680142727e-07,-1.6977865892698614e-07,-1.4945769219549844e-07,-1.2975393242454792e-07,-1.1086249022829721e-07,-9.299370595015592e-08,-7.637313038493035e-08,-6.124107681569854e-08,-4.7851668846458226e-08,-3.642776888131379e-08,-2.5838415574718048e-08,-1.607794841228891e-08,-7.138569918405303e-09,9.8949678708052e-10,8.317878183323317e-09,1.4859939312557319e-08,2.0630675156287065e-08,2.5646590452032456e-08,2.9925558727799776e-08,3.348665572076219e-08,3.634996552591036e-08,3.853635972584438e-08,4.006725063939674e-08,4.09643200396729e-08,4.124922456237886e-08,4.094327883311432e-08,4.006711731257914e-08,3.864033616981832e-08,3.668111728608106e-08,3.420583787386484e-08,3.122867124353049e-08,2.77611870017723e-08,2.381196240560109e-08,1.9386220619757897e-08,1.4485516003187647e-08,9.107490909431617e-09,3.2457324733289224e-09,-3.1102381297646724e-09,-9.974803868052065e-09,-2.3703406590979928e-07,-2.021290993270523e-07,-1.7151018832652318e-07,-1.4490552841135392e-07,-1.220604418074249e-07,-1.0273986564805966e-07,-8.672941852053511e-08,-7.383534245272297e-08,-6.3883611213692e-08,-5.671846568791388e-08,-5.220059334656369e-08,-5.020512182997222e-08,-5.061955320651636e-08,-5.33417288952957e-08,-5.8277886441731174e-08,-6.534084794133219e-08,-7.44483649695374e-08,-8.55216352301453e-08,-9.848400052007341e-08,-1.1325983268226535e-07,-1.2977361252661322e-07,-1.4794920462726646e-07,-1.677093266443038e-07,-1.8897520337359347e-07,-2.1166638104298355e-07,-2.3570065466623465e-07,-2.6099402974214217e-07,-2.874606006892486e-07,-3.1501218797112434e-07,-3.435575482533006e-07,-3.730009901855284e-07,-3.996816987345333e-07,-4.222399634293576e-07,-4.410131206008166e-07,-4.563172836890007e-07,-4.6844497219525937e-07,-4.77664081700831e-07,-4.842179122648439e-07,-4.883259966974693e-07,-4.901854992764256e-07,-4.899729908826042e-07,-4.878464435594241e-07,-4.839473223779376e-07,-4.78402683438728e-07,-4.7132721339386754e-07,-4.628251681271291e-07,-4.529921864478216e-07,-4.4191696913993e-07,-4.296828248110622e-07,-4.163690921019631e-07,-4.020524533713594e-07,-3.8680815837350426e-07,-3.7071117806433665e-07,-3.538373087911366e-07,-3.36264245943685e-07,-3.180726437809279e-07,-2.9934717463243356e-07,-2.801775959857916e-07,-2.606598280595881e-07,-2.408970372879977e-07,-2.210007127285472e-07,-2.0109171289313399e-07,-1.8130125023570552e-07,-1.6177177013174686e-07,-1.4265767164791038e-07,-1.2412581015326022e-07,-1.0635571872563759e-07,-8.953948844209282e-08,-7.388125860098341e-08,-5.959628573622262e-08,-4.690957570484145e-08,-3.603894798256146e-08,-2.598281057344263e-08,-1.6728744953623297e-08,-8.263100972066003e-09,-5.712776668764779e-10,6.362119634847953e-09,1.2553210092167313e-08,1.801881511905658e-08,2.2776449046472104e-08,2.6844298271260946e-08,3.024117342108991e-08,3.2986425946338536e-08,3.5099825224090504e-08,3.660139506937098e-08,3.751120998884998e-08,3.784915206499645e-08,3.7634629439975684e-08,3.6886257324799213e-08,3.562150258054446e-08,3.385629345660615e-08,3.1604597252594587e-08,2.8877970709987648e-08,2.5685091047203846e-08,2.203127993044972e-08,1.7918038485859952e-08,1.3342618748005885e-08,8.297665512296775e-09,2.7709719877102834e-09,-3.25459712318522e-09,-9.800947622030325e-09,-2.2670692152654104e-07,-1.9383862517429168e-07,-1.6514194516555846e-07,-1.4032535807509734e-07,-1.1911759081154989e-07,-1.0127040589747128e-07,-8.655958542875714e-08,-7.478455524669561e-08,-6.576705818251712e-08,-5.934922147192747e-08,-5.539128924842771e-08,-5.376922085785232e-08,-5.437229662528078e-08,-5.7100826484726675e-08,-6.186402275272114e-08,-6.85780745565494e-08,-7.716444612402524e-08,-8.75484124735482e-08,-9.965784223368089e-08,-1.1342223657353869e-07,-1.2877203362929428e-07,-1.4563818724176167e-07,-1.6395202483054108e-07,-1.836453789987473e-07,-2.0465096785744037e-07,-2.269029669965036e-07,-2.503376693621371e-07,-2.7489406853639154e-07,-3.005141320240805e-07,-3.2714246997319084e-07,-3.5472508517857436e-07,-3.797496979472437e-07,-4.0080074723010635e-07,-4.1822128788206555e-07,-4.3233132351138485e-07,-4.4342526541811243e-07,-4.5177097709587717e-07,-4.5761001681724596e-07,-4.611587413292156e-07,-4.6260999082369613e-07,-4.6213513282140073e-07,-4.5988629413762303e-07,-4.5599865342456726e-07,-4.505927023689501e-07,-4.437764127556962e-07,-4.3564727034258503e-07,-4.2629415550862674e-07,-4.157990654060699e-07,-4.042386833124849e-07,-3.9168580854758533e-07,-3.7821066522093613e-07,-3.6388211072291846e-07,-3.487687656966918e-07,-3.3294008656745237e-07,-3.1646739977438115e-07,-2.9942491376368713e-07,-2.8189072058064724e-07,-2.639477935039793e-07,-2.4568498052989484e-07,-2.2719798558565136e-07,-2.085903201641946e-07,-1.8997419781166972e-07,-1.71471333011233e-07,-1.532135952902687e-07,-1.3534346008655872e-07,-1.1801419180735946e-07,-1.0138969387243512e-07,-8.564396798603157e-08,-7.096014306316673e-08,-5.752906484250505e-08,-4.5547478787650906e-08,-3.52339145904018e-08,-2.5715540223174162e-08,-1.6973011943830707e-08,-8.986789916658417e-09,-1.7374995414396444e-09,4.7939246519355875e-09,1.0626244219529108e-08,1.5778003928316897e-08,2.026764727807161e-08,2.4113622797077504e-08,2.7334457256679622e-08,2.994878227381424e-08,3.197530774313282e-08,3.343273979349887e-08,3.4339643222228276e-08,3.471424927018209e-08,3.4574209697447974e-08,3.393629784820096e-08,3.2816057138872166e-08,3.122739751334999e-08,2.91821412161008e-08,2.6689521080572976e-08,2.375563779397231e-08,2.038288772196332e-08,1.656938036292916e-08,1.2308374838158368e-08,7.587778275401346e-09,2.389765324305797e-09,-3.3094029661058772e-09,-9.53925905157596e-09,-2.1454922750391748e-07,-1.8371185478950345e-07,-1.5692352250950715e-07,-1.3387123592420758e-07,-1.1426671216448978e-07,-9.784915682184603e-08,-8.438583425060863e-08,-7.367107847902558e-08,-6.552429831268784e-08,-5.978740972734753e-08,-5.6322011918985676e-08,-5.5006525906753e-08,-5.573343994584523e-08,-5.840675190135735e-08,-6.29396613058674e-08,-6.925253952645688e-08,-7.727119240866681e-08,-8.692542350912368e-08,-9.814790536662314e-08,-1.1087336904525825e-07,-1.250381261757784e-07,-1.4057994042674814e-07,-1.574382638039261e-07,-1.755548438097662e-07,-1.9487468595381397e-07,-2.153473174709466e-07,-2.3692823769456964e-07,-2.5958035593787174e-07,-2.8327511260590626e-07,-3.079928688779471e-07,-3.3372206878602634e-07,-3.5710120323008725e-07,-3.766655944688354e-07,-3.927655652321225e-07,-4.057254341780478e-07,-4.1584105614732906e-07,-4.233792093617766e-07,-4.285782899910775e-07,-4.316498805647809e-07,-4.327808615617751e-07,-4.321358226144068e-07,-4.298595971144138e-07,-4.260797945990342e-07,-4.209092440528751e-07,-4.1444829192208843e-07,-4.0678692316494883e-07,-3.980066929077637e-07,-3.8818247073629386e-07,-3.7738400987004317e-07,-3.6567736009988984e-07,-3.531261471144663e-07,-3.397927423407878e-07,-3.257393471970863e-07,-3.110290140720792e-07,-2.9572662363018176e-07,-2.798998342889744e-07,-2.636200149163022e-07,-2.469631658655707e-07,-2.3001082629229205e-07,-2.128509571690013e-07,-1.9557877951859073e-07,-1.782975362713415e-07,-1.6111913426511404e-07,-1.4416461112394497e-07,-1.2756436149127263e-07,-1.1145805041448644e-07,-9.599414127893823e-08,-8.132897490091088e-08,-6.762535921859304e-08,-5.505067053926434e-08,-4.377453513331799e-08,-3.402159512655597e-08,-2.5044889610659488e-08,-1.6817931118477208e-08,-9.31527716775338e-09,-2.5129040427710787e-09,3.6117261438353297e-09,9.079795479223826e-09,1.391136158892545e-08,1.8125619029597317e-08,2.1741143216360817e-08,2.4776088117047097e-08,2.724832214869983e-08,2.9175495242101495e-08,3.0575035070272416e-08,3.146407298386186e-08,3.185930105167641e-08,3.177676138854351e-08,3.123156817891404e-08,3.02375619256456e-08,2.880689489191704e-08,2.6949546878913107e-08,2.467277183711729e-08,2.1980478860752084e-08,1.8872556524042877e-08,1.5344158178813717e-08,1.138497889428173e-08,6.978573384864273e-09,2.101789316804264e-09,-3.275578086007324e-09,-9.190764744070021e-09,-2.006994849646606e-07,-1.7188807257655286e-07,-1.4699305006034238e-07,-1.2567823432079615e-07,-1.0763831724366323e-07,-9.260114350712287e-08,-8.032739380172551e-08,-7.060859865126705e-08,-6.326419964838418e-08,-5.813816775003445e-08,-5.509551847171334e-08,-5.4018939295957473e-08,-5.480565845216505e-08,-5.736462638628534e-08,-6.161404380171393e-08,-6.747924784954171e-08,-7.489095725477753e-08,-8.378387502394497e-08,-9.409565137686101e-08,-1.0576621732789335e-07,-1.1873750853761322e-07,-1.3295360703079297e-07,-1.4836133191715952e-07,-1.6491130519904293e-07,-1.825594996197846e-07,-2.0126923518732762e-07,-2.2101352097154e-07,-2.4177753076408097e-07,-2.635608518587322e-07,-2.863789651318842e-07,-3.1026323306567804e-07,-3.3200697215702333e-07,-3.5010597645559993e-07,-3.649192901679152e-07,-3.7677562897286333e-07,-3.859714009766305e-07,-3.927708078937169e-07,-3.97407284708934e-07,-4.0008574249191633e-07,-4.009852478290473e-07,-4.002618923166675e-07,-3.980516846904131e-07,-3.9447335132816385e-07,-3.8963096986239293e-07,-3.8361639146962903e-07,-3.76511432027074e-07,-3.6838983116304797e-07,-3.5931899163365927e-07,-3.493615201323079e-07,-3.385765955053864e-07,-3.270211923483175e-07,-3.1475118788975867e-07,-3.01822378536531e-07,-2.8829142983549566e-07,-2.7421678011377574e-07,-2.596595137394824e-07,-2.4468421473631037e-07,-2.2935980524037436e-07,-2.1376036580921177e-07,-1.9796592568194975e-07,-1.8206320060843702e-07,-1.6614624383755583e-07,-1.5031696260812273e-07,-1.3468543883139946e-07,-1.1936998007914384e-07,-1.0449681779976186e-07,-9.019936706137599e-08,-7.661697021325563e-08,-6.389307130143626e-08,-5.217281790655726e-08,-4.160018045786538e-08,-3.2411061000462276e-08,-2.3979023152852492e-08,-1.6270215269644222e-08,-9.253352930738417e-09,-2.900002181295357e-09,2.81552096905916e-09,7.916473046134746e-09,1.2424102577824465e-08,1.6358081932556953e-08,1.9736899806128675e-08,2.2578185699920445e-08,2.4898952568419453e-08,2.671575277780376e-08,2.8044747480214807e-08,2.8901691733647367e-08,2.93018380387578e-08,2.9259760068007245e-08,2.8789096773354066e-08,2.7902215267480666e-08,2.660978935029842e-08,2.4920289774105952e-08,2.2839382820860042e-08,2.0369236102087863e-08,1.750773548056225e-08,1.424762587012066e-08,1.0575603338930366e-08,6.471409199073802e-09,1.907011682365176e-09,-3.1539903416872516e-09,-8.756542186353264e-09,-1.8529664823954848e-07,-1.585061724396265e-07,-1.3548640065714496e-07,-1.1587665435295991e-07,-9.93553722165412e-08,-8.564113041109202e-08,-7.449079089545554e-08,-6.56960513719864e-08,-5.907926643543836e-08,-5.4489084791067945e-08,-5.1796223980580884e-08,-5.088956262779524e-08,-5.167264232320713e-08,-5.406061629932572e-08,-5.797764879644258e-08,-6.335475168080359e-08,-7.01280396755051e-08,-7.823738940377401e-08,-8.762549762281865e-08,-9.82373481681555e-08,-1.1002011300085855e-07,-1.2292352792233346e-07,-1.3690079490112755e-07,-1.5191006624034059e-07,-1.679165547850731e-07,-1.8489527997030567e-07,-2.028343886369244e-07,-2.217388648224003e-07,-2.4163424606816924e-07,-2.625696874850176e-07,-2.8461937678319734e-07,-3.047379797368662e-07,-3.213951166353778e-07,-3.349595905798937e-07,-3.457639354371446e-07,-3.5410352906810057e-07,-3.602378999806274e-07,-3.643932489566719e-07,-3.6676557605749187e-07,-3.675240525847578e-07,-3.6681442055751945e-07,-3.6476227932755643e-07,-3.6147616599614684e-07,-3.570503722174961e-07,-3.5156747018766666e-07,-3.45100544920162e-07,-3.3771514755788185e-07,-3.294709957594067e-07,-3.20423453246622e-07,-3.1062482279810486e-07,-3.001254865726181e-07,-2.889749256038464e-07,-2.7722264725678165e-07,-2.649190457333784e-07,-2.521162165062191e-07,-2.38868740824639e-07,-2.2523445103956222e-07,-2.1127518120258615e-07,-1.97057499918423e-07,-1.826534134395882e-07,-1.6814101617642865e-07,-1.5360505294845356e-07,-1.3913734248161487e-07,-1.2483699542166605e-07,-1.1081034386158844e-07,-9.717048555760885e-08,-8.403633838466422e-08,-7.153110428340196e-08,-5.978006430138057e-08,-4.890768047817841e-08,-3.9034096148535745e-08,-3.041143178446416e-08,-2.2525771447620867e-08,-1.5335755673841683e-08,-8.804466512962748e-09,-2.89946882340457e-09,2.407579213635734e-09,7.141523006550715e-09,1.1324366624254772e-08,1.4975897949457777e-08,1.8114237104252867e-08,2.0756286165336387e-08,2.291807240747272e-08,2.4614985222132433e-08,2.586191084052911e-08,2.6673270275227233e-08,2.7062965255758062e-08,2.7044234982587943e-08,2.662942380179825e-08,2.582965690505105e-08,2.465441836515188e-08,2.311102372943824e-08,2.1203978562963467e-08,1.8934215387188956e-08,1.6298205180574293e-08,1.3286947252939892e-08,9.88485537760927e-09,6.068583348203951e-09,1.805876990689254e-09,-2.9453896782125575e-09,-8.237732105475178e-09,-1.6848016511175035e-07,-1.43704116653815e-07,-1.2253576615157636e-07,-1.0458966753292638e-07,-8.95301307820106e-08,-7.706985357365665e-08,-6.696570185571148e-08,-5.901328446540558e-08,-5.3041264746482946e-08,-4.890589897080541e-08,-4.648604056145304e-08,-4.567871683029183e-08,-4.6395310584997765e-08,-4.855833423882826e-08,-5.209875925193753e-08,-5.6953854579428586e-08,-6.306549078092723e-08,-7.037887818413279e-08,-7.884172516107e-08,-8.840382402572299e-08,-9.901709558428067e-08,-1.1063614720101745e-07,-1.2321942094353406e-07,-1.3673102409561773e-07,-1.511433379565229e-07,-1.6644048246008e-07,-1.8262265735273052e-07,-1.9971125741715765e-07,-2.1775442729005322e-07,-2.368323330079907e-07,-2.5706085777626317e-07,-2.7556597328661946e-07,-2.908092653050793e-07,-3.0316938623586567e-07,-3.1298099776661866e-07,-3.205358689873442e-07,-3.2608598935759707e-07,-3.298475097361094e-07,-3.3200492400785684e-07,-3.3271521797773457e-07,-3.321118394111379e-07,-3.3030839126607426e-07,-3.2740198155342017e-07,-3.2347619555908415e-07,-3.1860368673174767e-07,-3.1284840627701317e-07,-3.0626750662314113e-07,-2.989129614269392e-07,-2.9083294675400333e-07,-2.8207302654643546e-07,-2.7267718204851675e-07,-2.626887205185321e-07,-2.521510938869859e-07,-2.411086532845028e-07,-2.2960736058236324e-07,-2.1769547315268122e-07,-2.054242127333033e-07,-1.9284842326522995e-07,-1.8002721546568782e-07,-1.670245872444593e-07,-1.539099983451183e-07,-1.4075886427754396e-07,-1.2765291832351603e-07,-1.1468037118516095e-07,-1.0193577664726436e-07,-8.95194908909831e-08,-7.753659728543964e-08,-6.609516409209564e-08,-5.530371863000429e-08,-4.526787446627385e-08,-3.608617925757441e-08,-2.8031740903117846e-08,-2.0692335595629434e-08,-1.401915333715126e-08,-7.97010392922596e-09,-2.509400453142143e-09,2.393270453724561e-09,6.763707105454213e-09,1.062412465965751e-08,1.399398747404004e-08,1.6890712707027635e-08,1.933023707178333e-08,2.132744912108541e-08,2.2896494834959023e-08,2.4050966496334222e-08,2.4803984627817442e-08,2.516818069137214e-08,2.5155584892886676e-08,2.477741930177457e-08,2.4043792041213516e-08,2.296328395768222e-08,2.1542415415367496e-08,1.9784978252436244e-08,1.7691217129961376e-08,1.52568461714435e-08,1.2471891776224653e-08,9.319362851641791e-09,5.77377149252608e-09,1.7995738028087588e-09,-2.6503068943001887e-09,-7.635551654248016e-09,-1.503900252371376e-07,-1.276180188258009e-07,-1.0826745264913411e-07,-9.192989502134362e-08,-7.825978872659313e-08,-6.696909763020255e-08,-5.7819760017596845e-08,-5.061583339017676e-08,-4.519613353048898e-08,-4.1427652136410494e-08,-3.919983529039977e-08,-3.841972347228826e-08,-3.900790671210427e-08,-4.089521895322426e-08,-4.402008308432712e-08,-4.8326420852130484e-08,-5.376205596450832e-08,-6.027756009496597e-08,-6.782551740040884e-08,-7.636021205661673e-08,-8.583777451427533e-08,-9.621685515849531e-08,-1.0745992768619589e-07,-1.1953535618383062e-07,-1.324203844954549e-07,-1.461052153262208e-07,-1.6059832318112227e-07,-1.7593305725926425e-07,-1.9217536632898126e-07,-2.0943199739328654e-07,-2.2785764335281003e-07,-2.447643552807432e-07,-2.5862963262223916e-07,-2.69840267802958e-07,-2.787296449189612e-07,-2.8558203266056627e-07,-2.9063812872913697e-07,-2.9410066043013856e-07,-2.9613969395920303e-07,-2.968975829011987e-07,-2.9649351165186523e-07,-2.950275769282245e-07,-2.9258436705686027e-07,-2.8923603422455815e-07,-2.85044888288696e-07,-2.8006556258367737e-07,-2.7434681200178803e-07,-2.6793300480215474e-07,-2.608653657108671e-07,-2.531830216217667e-07,-2.4492389426378145e-07,-2.3612547745443364e-07,-2.2682553036761726e-07,-2.1706271266284947e-07,-2.06877182213861e-07,-1.963111713029344e-07,-1.8540955219781068e-07,-1.742203976223753e-07,-1.627955353057829e-07,-1.511910879740214e-07,-1.3946798011990685e-07,-1.2769237978990513e-07,-1.1593602650899467e-07,-1.0427637452853713e-07,-9.279645377216861e-08,-8.158432096979495e-08,-7.073194554057745e-08,-6.03333578322729e-08,-5.0481893288789634e-08,-4.1266413043226205e-08,-3.2766516294059766e-08,-2.5280737417611644e-08,-1.848486049194912e-08,-1.2323076579241454e-08,-6.748979152641873e-09,-1.724397147516964e-09,2.782041879946568e-09,6.7963038383565645e-09,1.0340176672787173e-08,1.3432306528538693e-08,1.6089043466021123e-08,1.8325107995295998e-08,2.015409385005073e-08,2.1588824544128237e-08,2.2641581200219746e-08,2.332421689294132e-08,2.3648168797703447e-08,2.362437437633268e-08,2.3263092120694847e-08,2.257362134243299e-08,2.1563909416560822e-08,2.024002912360204e-08,1.8605503836612544e-08,1.6660455006994227e-08,1.4400545409893342e-08,1.181569314261498e-08,8.888535454817152e-09,5.592631677341953e-09,1.8904285230273244e-09,-2.268888825490499e-09,-6.951308588942952e-09,-1.3116681794406202e-07,-1.1038058452793862e-07,-9.279844867195961e-08,-7.799444410684357e-08,-6.562054982203848e-08,-5.539531255111227e-08,-4.709211422577349e-08,-4.0528687420794e-08,-3.555812752976182e-08,-3.206130300833189e-08,-2.99405476451389e-08,-2.9114515779770002e-08,-2.9514061517804418e-08,-3.1078989129578614e-08,-3.375552627109558e-08,-3.749439136602132e-08,-4.2249354825436734e-08,-4.7976225950462606e-08,-5.4632231163267917e-08,-6.217578440732209e-08,-7.05666880454408e-08,-7.976684365108407e-08,-8.97415976433423e-08,-1.0046189630960864e-07,-1.1190747540835795e-07,-1.2407135461706243e-07,-1.3696593706351524e-07,-1.5063100152114493e-07,-1.6514375009092002e-07,-1.8063061563019686e-07,-1.972793582392879e-07,-2.1260960835770758e-07,-2.251453190042497e-07,-2.3527659704344066e-07,-2.4332970578620437e-07,-2.4957596876862345e-07,-2.5424014626001273e-07,-2.575076706577166e-07,-2.5953100767423383e-07,-2.604353665610097e-07,-2.6032378380401294e-07,-2.592815351916423e-07,-2.5737986264355003e-07,-2.546790538907509e-07,-2.512309492160566e-07,-2.4708096421529276e-07,-2.422697171720548e-07,-2.3683434125628007e-07,-2.3080955036562685e-07,-2.2422851585606693e-07,-2.1712360095597167e-07,-2.095269907812543e-07,-2.014712485137922e-07,-1.9298982224468733e-07,-1.841175218798314e-07,-1.7489098099914903e-07,-1.6534911427334206e-07,-1.5553357655800852e-07,-1.454892246169046e-07,-1.3526457595455428e-07,-1.2491225063278304e-07,-1.1448937006794314e-07,-1.0405787013038665e-07,-9.368466252529377e-08,-8.34415466522705e-08,-7.340473367731082e-08,-6.365379972542487e-08,-5.42698482886874e-08,-4.53326539443522e-08,-3.6916601038540086e-08,-2.9085361754478727e-08,-2.2166579401463254e-08,-1.5907803945862044e-08,-1.0247368447108641e-08,-5.135975572141385e-09,-5.344226025799734e-10,3.5885795152837098e-09,7.258251564378693e-09,1.0495251940396882e-08,1.3316889973569554e-08,1.573808585601766e-08,1.7772108764358548e-08,1.9431123126603318e-08,2.072657223463894e-08,2.166942556611274e-08,2.2270311212977332e-08,2.2539548548184987e-08,2.2487089353559953e-08,2.2122368399540097e-08,2.1454056971582924e-08,2.0489705071013868e-08,1.923525007647661e-08,1.769436194001558e-08,1.586758835978508e-08,1.3751258972710476e-08,1.1336105824191524e-08,8.605555799210868e-09,5.533644305679921e-09,2.0824952675869425e-09,-1.8006266684961425e-09,-6.186416526549707e-09,-1.109518001278455e-07,-9.211844685539723e-08,-7.623108204038106e-08,-6.28577660088112e-08,-5.1659634004093674e-08,-4.2371462835124185e-08,-3.478555396555066e-08,-2.8738959559713936e-08,-2.410318421369629e-08,-2.0775851698324954e-08,-1.8674060903687446e-08,-1.772919735664348e-08,-1.7882951452953214e-08,-1.9084300906543087e-08,-2.128724623553925e-08,-2.4449131004503014e-08,-2.85294232384141e-08,-3.348887676235361e-08,-3.92890308667741e-08,-4.589204542286318e-08,-5.3260909246123797e-08,-6.136010555516026e-08,-7.015687332044891e-08,-7.962326998110625e-08,-8.97393200421753e-08,-1.0049762208119206e-07,-1.1190987607762252e-07,-1.2401589350432072e-07,-1.368957151375527e-07,-1.506853309290605e-07,-1.655953296630954e-07,-1.7938361433910283e-07,-1.9065772010734576e-07,-1.9980122796555054e-07,-2.07124348374738e-07,-2.128784878516778e-07,-2.1726709217970976e-07,-2.2045404813534505e-07,-2.2257090713305127e-07,-2.2372330076046748e-07,-2.2399648904327194e-07,-2.234599810005903e-07,-2.2217126377186477e-07,-2.2017874931007173e-07,-2.1752407430548917e-07,-2.1424388581501484e-07,-2.1037122817747747e-07,-2.0593662618928152e-07,-2.0096894004283596e-07,-1.9549605103486834e-07,-1.8954542384984387e-07,-1.8314458096793383e-07,-1.7632151690325299e-07,-1.691050739593172e-07,-1.615252964865633e-07,-1.5361377678301462e-07,-1.4540400238704268e-07,-1.3693171116831128e-07,-1.2823525688086483e-07,-1.1935598312617098e-07,-1.1033859716742922e-07,-1.0123152550972923e-07,-9.208721872868849e-08,-8.296235087158491e-08,-7.3917824996101e-08,-6.501844691157925e-08,-5.6332063404568963e-08,-4.792789213856905e-08,-3.987373446187042e-08,-3.2231812467332575e-08,-2.5053122439603706e-08,-1.869634325483215e-08,-1.2962993762275616e-08,-7.787809144835259e-09,-3.120772496375495e-09,1.0765979816257456e-09,4.834176452365507e-09,8.175445803766547e-09,1.1119214084590613e-08,1.3680955153983033e-08,1.5873838868845506e-08,1.7709499461517396e-08,1.9198588519985486e-08,2.0351155365104117e-08,2.1176890674737664e-08,2.1685260628425366e-08,2.1885549997056144e-08,2.178682402576066e-08,2.1397810605483645e-08,2.072669575362626e-08,1.978081639126599e-08,1.85662244721754e-08,1.7087085679405514e-08,1.5344864849553786e-08,1.3337240752766534e-08,1.105668725422874e-08,8.488655058862622e-09,5.6092744184075105e-09,2.3824441776731706e-09,-1.2439040489141932e-09,-5.342411234645864e-09,-8.988697369370372e-08,-7.294759394173968e-08,-5.864477556569598e-08,-4.656159477823251e-08,-3.6384777730235934e-08,-2.7876834778281733e-08,-2.0857054270739742e-08,-1.518742691749149e-08,-1.0761579677858798e-08,-7.496109826728518e-09,-5.323999201313939e-09,-4.189732241262938e-09,-4.045731647143567e-09,-4.849776515060196e-09,-6.563139893238915e-09,-9.149252493220731e-09,-1.2572758710347758e-08,-1.679887996355289e-08,-2.1793041651796775e-08,-2.7520757906229768e-08,-3.3947807508066107e-08,-4.1040780148511576e-08,-4.8768130747857286e-08,-5.710195770320381e-08,-6.602082526119835e-08,-7.5514083454642e-08,-8.558829588642184e-08,-9.627655287136296e-08,-1.0765179690658493e-07,-1.1984568466859227e-07,-1.3307462952018543e-07,-1.4537742320840279e-07,-1.5548698016151762e-07,-1.6376317476355672e-07,-1.7048812865535926e-07,-1.758853566200216e-07,-1.8013112085016043e-07,-1.8336321779655753e-07,-1.8568899249440372e-07,-1.871923958937451e-07,-1.879398184381246e-07,-1.8798467668343832e-07,-1.873709107344932e-07,-1.861356064688902e-07,-1.8431094680916468e-07,-1.8192566233834763e-07,-1.7900611421982395e-07,-1.7557710976346013e-07,-1.7166252510659324e-07,-1.6728578995533112e-07,-1.6247027500897862e-07,-1.5723961233218914e-07,-1.5161797150473505e-07,-1.456303090247042e-07,-1.3930260453463762e-07,-1.3266209449468878e-07,-1.2573751155602259e-07,-1.1855933575296484e-07,-1.1116006138323734e-07,-1.0357448064025904e-07,-9.583998104620955e-08,-8.799684744427339e-08,-8.008854892701923e-08,-7.216197347075828e-08,-6.426754289660807e-08,-5.6459089685906715e-08,-4.8793294411937355e-08,-4.132836615433955e-08,-3.4121544744196655e-08,-2.7225041834314404e-08,-2.068034858236479e-08,-1.4875221218641414e-08,-9.648225605334361e-09,-4.934436253796446e-09,-6.861071742663119e-10,3.13246978619686e-09,6.548323543312894e-09,9.582194491259993e-09,1.2250363087366481e-08,1.456604899129482e-08,1.654044683260054e-08,1.8183466900137166e-08,1.9504247948887772e-08,2.0511499201137977e-08,2.1213715376797116e-08,2.1619295842668754e-08,2.1736587888146483e-08,2.157386460825118e-08,2.113923924992359e-08,2.0440509321211364e-08,1.9484914376712826e-08,1.8278780294008604e-08,1.682700932796675e-08,1.513235914562784e-08,1.3194436793886109e-08,1.1008319465299687e-08,8.562710650110968e-09,5.837542972313417e-09,2.800887283194595e-09,-5.952413372873332e-10,-4.420967621779729e-09,-6.811516905476277e-08,-5.296552887397356e-08,-4.008368032316304e-08,-2.9101365522997592e-08,-1.9750861731551054e-08,-1.1834547357128894e-08,-5.206623246128004e-09,2.410037258397969e-10,4.58993641912585e-09,7.903620738142212e-09,1.0233267030881607e-08,1.1621964966993408e-08,1.2107517563811806e-08,1.1724390663497221e-08,1.0505057386673932e-08,8.480927121003476e-09,5.6829829251261536e-09,2.142203254994483e-09,-2.110193001836139e-09,-7.0426710272438436e-09,-1.2623499327667478e-08,-1.8821127998845072e-08,-2.560494355902096e-08,-3.2946595681570094e-08,-4.0822206864034876e-08,-4.921594476011882e-08,-5.812566458735188e-08,-6.757159050814176e-08,-7.760917539650427e-08,-8.83486976820637e-08,-9.998611462074075e-08,-1.1089723302920727e-07,-1.199808272171847e-07,-1.275471220920697e-07,-1.3383681376569054e-07,-1.3903732207099447e-07,-1.4329118896110992e-07,-1.4670534497059178e-07,-1.4936003066628404e-07,-1.5131623816886398e-07,-1.526213787037021e-07,-1.5331340963316908e-07,-1.5342377486270476e-07,-1.5297948102649414e-07,-1.5200456126356003e-07,-1.5052111077543206e-07,-1.4855002476440298e-07,-1.4611153010503287e-07,-1.432255743850414e-07,-1.399121168199192e-07,-1.361913524105469e-07,-1.3208389181208427e-07,-1.2761091331544705e-07,-1.2279429922740318e-07,-1.1765676612827845e-07,-1.1222199655194089e-07,-1.0651477826052133e-07,-1.005611562376334e-07,-9.438860158057502e-08,-8.802620037572353e-08,-8.150486400227923e-08,-7.485755944418389e-08,-6.811955281333968e-08,-6.132864889986203e-08,-5.452538922546335e-08,-4.775313097570925e-08,-4.105785048315155e-08,-3.4487365308852793e-08,-2.8089429908934282e-08,-2.190802791089923e-08,-1.597773243708912e-08,-1.0705200445470813e-08,-5.955244279349964e-09,-1.6693769030537464e-09,2.1943465458872565e-09,5.666730624442759e-09,8.770535580973804e-09,1.1522825048354701e-08,1.3936810383063102e-08,1.6023204265135903e-08,1.7791164409377217e-08,1.9248930583712225e-08,2.0404244077137034e-08,2.1264616287489264e-08,2.1837492771660555e-08,2.2130343283491052e-08,2.2150696479095477e-08,2.1906128855103843e-08,2.140420980993332e-08,2.0652397277961415e-08,1.9657869982879814e-08,1.842727168719084e-08,1.696632839656886e-08,1.5279279806586486e-08,1.336804060101169e-08,1.1230978056196007e-08,8.861171554016721e-09,6.244039718520951e-09,3.35428581373581e-09,1.5196138855127251e-10,-3.423916497761645e-09,-4.578012433223725e-08,-3.223813884006135e-08,-2.053956737702594e-08,-1.0408875660572905e-08,-1.6432547203884143e-09,5.903640264790251e-09,1.2335611327874717e-08,1.7727650248752433e-08,2.213610092630109e-08,2.5605489996554046e-08,2.8172967177425374e-08,2.9871162427048127e-08,3.0730024797637174e-08,3.0778012543410384e-08,3.0042869944164784e-08,2.855213881414187e-08,2.6333496113364872e-08,2.3414971717000515e-08,1.982507402888219e-08,1.559282980060022e-08,1.0747723259367643e-08,5.319493219838957e-09,-6.622916450538521e-10,-7.1690202477028386e-09,-1.4174430459445508e-08,-2.1657011372768007e-08,-2.9604088672602896e-08,-3.8018640436335803e-08,-4.6930221368103285e-08,-5.641014876025726e-08,-6.659846847816913e-08,-7.627297882676908e-08,-8.452446222431687e-08,-9.15837667078555e-08,-9.763955470227457e-08,-1.028330405747956e-07,-1.0726524670287487e-07,-1.1100781724819706e-07,-1.1411241437985268e-07,-1.1661752230660919e-07,-1.1855308122073927e-07,-1.199435689116952e-07,-1.208100340198738e-07,-1.211714368533853e-07,-1.2104553626480044e-07,-1.204494791525014e-07,-1.1940019470488103e-07,-1.179146600510213e-07,-1.1601008108435364e-07,-1.1370401746656129e-07,-1.1101447131636404e-07,-1.0795995295542401e-07,-1.0455953313810272e-07,-1.0083288866123997e-07,-9.680034664967463e-08,-9.248293183238311e-08,-8.790242056537803e-08,-8.3081405092745e-08,-7.804337147468903e-08,-7.281279466366582e-08,-6.741525424843046e-08,-6.187757416043039e-08,-5.622798860465542e-08,-5.049633342339687e-08,-4.471425424739145e-08,-3.891540358453803e-08,-3.31355523732855e-08,-2.7412426782952606e-08,-2.1784789345703992e-08,-1.6289606761347027e-08,-1.0956113681881584e-08,-6.182950449855483e-09,-1.8671204410342404e-09,2.035745695528205e-09,5.55850306413397e-09,8.72501791973924e-09,1.1552428870017614e-08,1.4053413946833949e-08,1.623787169806743e-08,1.8114042073027425e-08,1.9689224008501412e-08,2.097022609779099e-08,2.1963645810659324e-08,2.267603935474124e-08,2.3114021250859377e-08,2.3284317563315225e-08,2.3193786722693454e-08,2.2849414911393546e-08,2.2258287526685694e-08,2.1427533047509564e-08,2.036422962056103e-08,1.9075256489581423e-08,1.756706024679253e-08,1.5845287246969343e-08,1.391420498114087e-08,1.1775793411114824e-08,9.428334369989863e-09,6.86429178790824e-09,4.067401364299006e-09,1.0094313595490424e-09,-2.353258879326688e-09,-2.3026534523505155e-08,-1.0780709039463454e-08,6.856363707786713e-11,9.669086842297417e-09,1.8143649229406262e-08,2.5575846966732282e-08,3.2023774693380334e-08,3.7530469963407565e-08,4.213032523111206e-08,4.585286706810157e-08,4.872496951457596e-08,5.077215390151357e-08,5.201935571699446e-08,5.249137902647945e-08,5.221316676520558e-08,5.1209961976591756e-08,4.950740386093047e-08,4.7131583630637256e-08,4.410907295140555e-08,4.046692856539485e-08,3.623266778995471e-08,3.1434198149671416e-08,2.6099666555440163e-08,2.0257162758041273e-08,1.3934156589016128e-08,7.156446942286916e-09,-5.378844060204966e-11,-7.681593828838825e-09,-1.572576312921316e-08,-2.4209652612899704e-08,-3.3180254530277345e-08,-4.1865153296907736e-08,-4.9544001236469345e-08,-5.6361674541931495e-08,-6.243629387655649e-08,-6.78470140264897e-08,-7.264564290146872e-08,-7.686722450785209e-08,-8.05369091642018e-08,-8.367414989774924e-08,-8.629522972712027e-08,-8.841478138769332e-08,-9.004670239136735e-08,-9.120470568073603e-08,-9.190264917280497e-08,-9.215473016857108e-08,-9.197559665290089e-08,-9.138040724740551e-08,-9.038485940733444e-08,-8.90051980601859e-08,-8.72582124239927e-08,-8.516122598980739e-08,-8.273208300289317e-08,-7.99891337886098e-08,-7.695122071043614e-08,-7.363766627488258e-08,-7.0068264831638e-08,-6.626327941815872e-08,-6.22434455552548e-08,-5.8029984222991865e-08,-5.36446268553385e-08,-4.9109656007245424e-08,-4.4447966356148414e-08,-3.968315177075835e-08,-3.483962482554183e-08,-2.994277379864057e-08,-2.5019153873775977e-08,-2.0096677103923754e-08,-1.5204645078513977e-08,-1.037294253476345e-08,-5.626487496882477e-09,-1.2970442540765649e-09,2.6444393690026728e-09,6.2227691032563716e-09,9.459028763815356e-09,1.2367923313550471e-08,1.49600273609514e-08,1.7243539416530418e-08,1.9225357518656964e-08,2.0911708539279525e-08,2.230851242102522e-08,2.342159238773814e-08,2.4256795683051022e-08,2.4820061974362824e-08,2.5117460784150462e-08,2.5155210176882654e-08,2.4939683488743154e-08,2.4477407428818568e-08,2.37750523514567e-08,2.2839413169927107e-08,2.1677376578171846e-08,2.0295866161170887e-08,1.8701750374522093e-08,1.6901687193434364e-08,1.4901859872483612e-08,1.2707524491112053e-08,1.0322232150644045e-08,7.746497831898076e-09,4.9755997165007965e-09,1.9965703629924448e-09,-1.2111727913935895e-09,0.0,1.1452818450166483e-08,2.1914739593496525e-08,3.140301459962489e-08,3.9935671825914324e-08,4.753158177328355e-08,5.421043385840286e-08,5.999268259734494e-08,6.489948566341945e-08,6.895264288035457e-08,7.217453948670887e-08,7.458809453082015e-08,7.621671420154672e-08,7.708424949768954e-08,7.721495754032271e-08,7.663346587568277e-08,7.536473922627497e-08,7.343404829054225e-08,7.086694035372142e-08,6.768921165202079e-08,6.392688163226257e-08,5.960616947560426e-08,5.4753473513135864e-08,4.939535445607838e-08,4.35585236867826e-08,3.7269838175007426e-08,3.055630379859354e-08,2.3445088687654706e-08,1.596354698855716e-08,8.139248851212306e-09,0.0,-8.019303289973236e-09,-1.550269198559778e-08,-2.2451341338381476e-08,-2.8867483007013444e-08,-3.475456276102502e-08,-4.0117262103654e-08,-4.4961464999412286e-08,-4.929420208273087e-08,-5.3123587410924446e-08,-5.645875457879334e-08,-5.93097951752377e-08,-6.168770070224951e-08,-6.360430817672801e-08,-6.507224921025533e-08,-6.610490217575953e-08,-6.671634700408314e-08,-6.692132214695397e-08,-6.67351832641991e-08,-6.617386322603711e-08,-6.52538330578778e-08,-6.399206349153364e-08,-6.240598682177276e-08,-6.051345880072355e-08,-5.833272033558121e-08,-5.58823587887327e-08,-5.3181268715658426e-08,-5.024861191715114e-08,-4.7103776731536376e-08,-4.3766336553589014e-08,-4.02560076448767e-08,-3.659260640232874e-08,-3.279600638770023e-08,-2.8886095604333383e-08,-2.4882734760162022e-08,-2.0805717609696016e-08,-1.6674734975445766e-08,-1.2509344800623195e-08,-8.328951745491522e-09,-4.1528017033455375e-09,0.0,3.971960041520962e-09,7.621025478727997e-09,1.0951475442738415e-08,1.3967726501348086e-08,1.6674350194468835e-08,1.9076075587480664e-08,2.1177786610567584e-08,2.2984517846339153e-08,2.4501450187929116e-08,2.5733906856651626e-08,2.6687349887308138e-08,2.7367377043942088e-08,2.7779719088270717e-08,2.7930237328938252e-08,2.7824921405709215e-08,2.746988729676625e-08,2.6871375574243144e-08,2.6035749971079223e-08,2.4969496360727396e-08,2.367922229007191e-08,2.2171657244462276e-08,2.0453653859650692e-08,1.8532190322368174e-08,1.641437420483597e-08,1.410744792688196e-08,1.161879586246266e-08,8.955952649520025e-09,6.126611143088222e-09,3.1386258232281045e-09,0.0
rx,7.694033967035363e-07,7.074692438167506e-07,6.463778792935132e-07,5.861713719503982e-07,5.269006128677558e-07,4.686169663827317e-07,4.11369230972166e-07,3.5520264331877424e-07,3.0015876038290724e-07,2.4627570377452686e-07,1.9358853844113142e-07,1.4212968271233388e-07,9.192930512250652e-08,4.30156914381548e-08,-4.584420928226078e-09,-5.084553710751591e-08,-9.574312015505237e-08,-1.3925331852608306e-07,-1.813526957417316e-07,-2.2201795203074132e-07,-2.6122562781248e-07,-2.9895177950187174e-07,-3.351716197623981e-07,-3.698591181513449e-07,-4.029865665775264e-07,-4.345241325375744e-07,-4.644394639210984e-07,-4.926975007046286e-07,-5.192608661418384e-07,-5.440917298515459e-07,-5.671576639179139e-07,-5.271798401332772e-07,-4.876311481088178e-07,-4.485617703744185e-07,-4.100352981661498e-07,-3.7211821209129533e-07,-3.3487589008831087e-07,-2.983710337163168e-07,-2.6266317321481917e-07,-2.2780862963297748e-07,-1.93860658484902e-07,-1.6086964814887817e-07,-1.28883316233633e-07,-9.794688037519412e-08,-6.810319585263163e-08,-3.939285984922959e-08,-1.1854285419954041e-08,1.4476250618019399e-08,3.956458149682733e-08,6.337864192144025e-08,8.588847345679533e-08,1.0706624068236765e-07,1.2688625530523959e-07,1.453250057062894e-07,1.6236118955065824e-07,1.7797574710631588e-07,1.921518927647167e-07,2.0487514192194496e-07,2.1613332982534334e-07,2.2591661817581502e-07,2.3421748414144407e-07,2.4103068490794687e-07,2.463531888715764e-07,2.5018406196110785e-07,2.525242942547371e-07,2.533765480013501e-07,2.527448036131721e-07,2.506338762307006e-07,2.4704877653584097e-07,2.4199390577308966e-07,2.354721902255421e-07,2.1509224688249393e-07,1.951513428189684e-07,1.7565647950882461e-07,1.5661649670904784e-07,1.3804067576137846e-07,1.199382005737664e-07,1.0231794623176179e-07,8.518840817873015e-08,6.855768955747632e-08,5.2433510850020334e-08,3.682322600059295e-08,2.1733838456121206e-08,7.172014897821398e-09,-6.8559035062361016e-09,-2.034389153505559e-08,-3.328623079620558e-08,-4.5677499607032365e-08,-5.75125603113478e-08,-6.878654237543956e-08,-7.94948195147063e-08,-8.9632979022197e-08,-9.919678145984753e-08,-1.081821090847314e-07,-1.1658490213635523e-07,-1.2440108412663576e-07,-1.316264821780402e-07,-1.382567599300196e-07,-1.442874091479547e-07,-1.4971390996607432e-07,-1.5453241896831836e-07,8.896761869510974e-07,8.010421902195076e-07,7.16444935519321e-07,6.367429298969854e-07,5.623667081784507e-07,4.927075036037648e-07,4.2694321956530467e-07,3.6435335613270873e-07,3.043850646951821e-07,2.4663855381551536e-07,1.90833969078842e-07,1.367798340648012e-07,8.434780006323855e-08,3.3453573139415346e-08,-1.5957358903535428e-08,-6.392064968256544e-08,-1.1046189642482213e-07,-1.556043303630255e-07,-1.9937627759801802e-07,-2.4181926647859343e-07,-2.829977809462043e-07,-3.230119114508113e-07,-3.620144970052747e-07,-4.0023461321214754e-07,-4.380088503373749e-07,-4.758189316509061e-07,-5.143234983335426e-07,-5.543390754443433e-07,-5.966346060472069e-07,-6.412584911836087e-07,-6.874641279713615e-07,-6.197344130811822e-07,-5.566012266575672e-07,-4.973617407939355e-07,-4.427028369634689e-07,-3.9225037256016767e-07,-3.452995596591835e-07,-3.011896713793055e-07,-2.594047146108441e-07,-2.1957439661913014e-07,-1.8144656590060488e-07,-1.4485717815402047e-07,-1.0970527729545065e-07,-7.59340693516813e-08,-4.351721962767149e-08,-1.2449150414007367e-08,1.72617442696383e-08,4.5597805512284186e-08,7.253535056813572e-08,9.80468835125813e-08,1.221025811256286e-07,1.4467126807545081e-07,1.6572103252372986e-07,1.8521959127145978e-07,2.031344871115576e-07,2.194331868169227e-07,2.3408314468514702e-07,2.470519041423582e-07,2.583073310880795e-07,2.6781811286910573e-07,2.755547257860926e-07,2.81491188336946e-07,2.856081033982918e-07,2.878977893833773e-07,2.8837275421217177e-07,2.870793888483125e-07,2.8411932334234447e-07,2.7968034791925787e-07,2.740724513747767e-07,2.677436343993725e-07,2.612127188717039e-07,2.369724753791475e-07,2.134942113960897e-07,1.909390952020106e-07,1.6942517094282626e-07,1.4889095368869273e-07,1.2923106175301632e-07,1.1035061506414194e-07,9.217797710627668e-08,7.466352896498e-08,5.777494873049295e-08,4.149249649372498e-08,2.580520543716908e-08,1.0708027627276388e-08,-3.800252065072682e-09,-1.7718550785673097e-08,-3.104466286345128e-08,-4.3776236925638965e-08,-5.591169834430951e-08,-6.745125855509417e-08,-7.839816943182846e-08,-8.876041605588121e-08,-9.855309066225061e-08,-1.0780173357881935e-07,-1.1654688986962424e-07,-1.2484979302016081e-07,-1.3279779009364984e-07,-1.4050439490585287e-07,-1.4808875750751137e-07,-1.5561701604808507e-07,-1.6323980091476937e-07,1.010173586313542e-06,8.864827720805617e-07,7.777982238453385e-07,6.81066766016508e-07,5.939386700153914e-07,5.145538521059087e-07,4.4129604055977903e-07,3.7286104083646815e-07,3.082559917120466e-07,2.467517582456855e-07,1.8782469793432145e-07,1.311043804285766e-07,7.633162400095693e-08,2.3326210966530053e-08,-2.8037825936398364e-08,-7.785156025858794e-08,-1.2618709339760651e-07,-1.7311165733634473e-07,-2.1870133659880978e-07,-2.6305584234909386e-07,-3.063159571106192e-07,-3.4868563798132884e-07,-3.904612592203816e-07,-4.320708616607095e-07,-4.741258891094973e-07,-5.174850613520445e-07,-5.633213749773661e-07,-6.131658947824685e-07,-6.68897164293271e-07,-7.328942571198558e-07,-8.080676914094257e-07,-7.051159555245786e-07,-6.166243846531418e-07,-5.394085818365837e-07,-4.7106142598908775e-07,-4.0990140689835976e-07,-3.544455101969588e-07,-3.034720537576845e-07,-2.560444874487809e-07,-2.1147948874038153e-07,-1.692955466243862e-07,-1.291629338041514e-07,-9.086244164672823e-08,-5.425381751910948e-08,-1.9252552660302013e-08,1.4186818103858278e-08,4.6082572480095924e-08,7.64341383288771e-08,1.0522790536037052e-07,1.3244123219282253e-07,1.5804516561771643e-07,1.820062412770962e-07,2.042876315805245e-07,2.2484983681259343e-07,2.436510711304255e-07,2.60647471584918e-07,2.757932532932573e-07,2.8904094821937047e-07,3.00341902876813e-07,3.096472804117069e-07,3.169099302622974e-07,3.2208767874084047e-07,3.251488940592108e-07,3.2608163990357434e-07,3.249083986818423e-07,3.2170917754960635e-07,3.166563907693495e-07,3.100635176410838e-07,3.024405752927085e-07,2.9451855966399705e-07,2.8699832944160903e-07,2.5732513840844054e-07,2.3008002630780454e-07,2.0480665850770649e-07,1.8118080004056902e-07,1.5895580895842668e-07,1.3791543418972385e-07,1.1788598453633812e-07,9.873806818390654e-08,8.03802568511935e-08,6.27505661222946e-08,4.580861902925675e-08,2.9529341730839832e-08,1.3898176641149694e-08,-1.0924787865471247e-09,-1.5445941947576e-08,-2.9163326563062464e-08,-4.224529875718763e-08,-5.469374550848821e-08,-6.651359260230493e-08,-7.771503495301802e-08,-8.831649445431265e-08,-9.83486939498284e-08,-1.0786030202221411e-07,-1.1692558368774666e-07,-1.2565418998965587e-07,-1.3420228146808233e-07,-1.4278251284576694e-07,-1.5167175936464401e-07,-1.6125396747031685e-07,-1.719655619402473e-07,1.130988437172582e-06,9.787303809019208e-07,8.475427807062201e-07,7.337589984956008e-07,6.334724619759306e-07,5.436778123083863e-07,4.620647145642496e-07,3.868434441983702e-07,3.1665084997620873e-07,2.5046811875844145e-07,1.875454266306069e-07,1.2733730154131867e-07,6.945007862254058e-08,1.3600264340586365e-08,-4.041844503269642e-08,-9.276188241892822e-08,-1.4355803059455712e-07,-1.9292743797469771e-07,-2.4100315823882514e-07,-2.8795194713178446e-07,-3.3399864413061566e-07,-3.794560384073072e-07,-4.2476299608696775e-07,-4.705340096320294e-07,-5.176232018357734e-07,-5.672045952892715e-07,-6.208686049643023e-07,-6.807383336555489e-07,-7.496444806313938e-07,-8.312930900267101e-07,-9.291413051192878e-07,-7.972631867143646e-07,-6.855297497034643e-07,-5.903313330924823e-07,-5.078803430814642e-07,-4.353023371659858e-07,-3.7042408448435546e-07,-3.1156428435728887e-07,-2.574462072865413e-07,-2.0712502549019576e-07,-1.5991803439032182e-07,-1.1534247407926909e-07,-7.306436163354916e-08,-3.2858585002614566e-08,5.421174764485181e-09,4.186462175817885e-08,7.652095720199492e-08,1.0941045179854016e-07,1.405326694387157e-07,1.698722396976945e-07,1.974028434839496e-07,2.2308990105029502e-07,2.468923251244923e-07,2.687636145954528e-07,2.8865250837419695e-07,3.065033898118052e-07,3.2225662744559637e-07,3.3584905918270046e-07,3.4721487957420677e-07,3.5628728394978584e-07,3.6300137616063876e-07,3.6729908490193135e-07,3.691371935439113e-07,3.6850011090898e-07,3.65419710025569e-07,3.600053169549901e-07,3.5248714562020835e-07,3.4327396100832903e-07,3.330138485211187e-07,3.2259174328448e-07,3.128419089605912e-07,2.7873536241321563e-07,2.479379167514301e-07,2.1990517233097055e-07,1.9406970908588334e-07,1.7001149432525254e-07,1.4741716721683368e-07,1.2604991582897384e-07,1.0573481032978037e-07,8.634642689483773e-08,6.779747524819127e-08,5.002902113889517e-08,3.30025982797019e-08,1.6694084134392078e-08,1.0890158409329103e-09,-1.3821022969599424e-08,-2.804129442768447e-08,-4.157639547626607e-08,-5.443264118115763e-08,-6.662064199924185e-08,-7.815840361835852e-08,-8.907533316767513e-08,-9.941760935105754e-08,-1.092554438623542e-07,-1.1869277929992548e-07,-1.2787987276811578e-07,-1.3702909622024768e-07,-1.4643483253852748e-07,-1.5650271165661678e-07,-1.6776431725175516e-07,-1.807181966049759e-07,1.2521973264560287e-06,1.0776454496481715e-06,9.272042712428853e-07,7.971974596046108e-07,6.834469729092342e-07,5.824447081056062e-07,4.914394570215314e-07,4.082918546780462e-07,3.3134860174366583e-07,2.5934605741838747e-07,1.9132965467130593e-07,1.265856427252037e-07,6.458414000849096e-08,4.9321706219749005e-09,-5.266518897355667e-08,-1.0843761064442793e-07,-1.625782449766795e-07,-2.152702121917421e-07,-2.6671258404943394e-07,-3.1714760514632155e-07,-3.6689106058650245e-07,-4.163679790968866e-07,-4.6615619853809585e-07,-5.170405873027197e-07,-5.700807831987282e-07,-6.266953917097171e-07,-6.887669240342264e-07,-7.587759722756286e-07,-8.399466502578172e-07,-9.361581229075537e-07,-1.050826482297488e-06,-8.963002058411543e-07,-7.647251199402059e-07,-6.525328596470601e-07,-5.556907184827264e-07,-4.7085687444081226e-07,-3.954412324105348e-07,-3.274519764386751e-07,-2.65365819338951e-07,-2.080346152234671e-07,-1.546078370172778e-07,-1.0446650353017688e-07,-5.716836697626374e-08,-1.2404039018245841e-08,3.003710006026462e-08,7.029280344911188e-08,1.0844730640532921e-07,1.445455799668503e-07,1.786036960590803e-07,2.1061625933042093e-07,2.40561644531468e-07,2.684056054778898e-07,2.941036913359774e-07,3.1760281332378695e-07,3.3884224503075934e-07,3.5775430906487076e-07,3.742650006329043e-07,3.882948268928479e-07,3.997602050731236e-07,4.0857587257691497e-07,4.146589343295964e-07,4.1793542831457494e-07,4.183506550946934e-07,4.158850082645515e-07,4.105776275785744e-07,4.025606690278084e-07,3.921065799437261e-07,3.796870919543705e-07,3.660268907444875e-07,3.5208611431051726e-07,3.3875041219133733e-07,3.012003918525889e-07,2.673480428030185e-07,2.366556097281643e-07,2.0852224552376876e-07,1.8245953029214873e-07,1.5809800928067183e-07,1.3516052424875494e-07,1.1344102383531809e-07,9.278912249250657e-08,7.309752792810464e-08,5.429156997366936e-08,3.632064085594663e-08,1.915135037948548e-08,2.76210770118175e-09,-1.2861204309500759e-08,-2.772880027669615e-08,-4.1850135770546005e-08,-5.523694223973041e-08,-6.790648015776048e-08,-7.988536407109737e-08,-9.121435869679037e-08,-1.0195460206967964e-07,-1.1219576571824892e-07,-1.220666979797768e-07,-1.3174913845853061e-07,-1.4149523062088682e-07,-1.5164981773929714e-07,-1.6267237104244134e-07,-1.7512413626910527e-07,-1.8950398756369675e-07,1.37385768332681e-06,1.1818935170444008e-06,1.0151349825048497e-06,8.702509741468486e-07,7.432802103982858e-07,6.306866016655503e-07,5.295584682914456e-07,4.375610731512582e-07,3.5284395550773635e-07,2.7395594334191957e-07,1.9977171558340572e-07,1.2942771353497918e-07,6.22663262876791e-08,-2.212506215279088e-09,-6.43934119510187e-08,-1.2458281736411294e-07,-1.8304277029022625e-07,-2.400228286796123e-07,-2.957914701370611e-07,-3.5066850582518334e-07,-4.0506007890463915e-07,-4.5949797464594337e-07,-5.146851139240283e-07,-5.715491786903436e-07,-6.313063310953095e-07,-6.955370906609935e-07,-7.662762884997767e-07,-8.461112867470689e-07,-9.382345785481738e-07,-1.0462589363862214e-06,-1.1732280893362007e-06,-1.000987013363331e-06,-8.525826458994525e-07,-7.247909484042731e-07,-6.138090944629386e-07,-5.162960545720812e-07,-4.2954646372281034e-07,-3.5142553640137246e-07,-2.8026862071660245e-07,-2.1479328904948168e-07,-1.5402588137795073e-07,-9.723876049785777e-08,-4.3897218097673436e-08,6.3843455893765165e-09,5.38776313673833e-08,9.876807807891212e-08,1.4117613698809727e-07,1.8117337623486415e-07,2.187944825827209e-07,2.540460618672424e-07,2.869129743741314e-07,3.173627970398492e-07,3.453488886696672e-07,3.708124489326547e-07,3.9368390604613015e-07,4.1388394105698695e-07,4.3132445892667877e-07,4.459098507235043e-07,4.575389622640374e-07,4.66108300783826e-07,4.715171840475988e-07,4.736757788504905e-07,4.7251729749801433e-07,4.680160107351381e-07,4.602131172247755e-07,4.492526119748529e-07,4.354283055091896e-07,4.1923852450054447e-07,4.0143006938853047e-07,3.8296699374345023e-07,3.647240103212275e-07,3.244912763144649e-07,2.8802355098868546e-07,2.548477746936796e-07,2.2441052582712453e-07,1.9623347904971162e-07,1.699376387944269e-07,1.452315516132304e-07,1.2189442325813884e-07,9.976168429232243e-08,7.871306411278043e-08,5.866255272876499e-08,3.9549980120305724e-08,2.1334041129874636e-08,3.986559781427849e-09,-1.2512262165153052e-08,-2.817789660486839e-08,-4.3025137487483704e-08,-5.707165177178845e-08,-7.03417515676252e-08,-8.28707278579936e-08,-9.471011552225389e-08,-1.0593429052544315e-07,-1.1664882497416256e-07,-1.270010414319834e-07,-1.371932102139952e-07,-1.4749870837951858e-07,-1.582798722021277e-07,-1.699992412287199e-07,-1.8319433281900048e-07,-1.9832681499464243e-07,1.49601231053321e-06,1.290191069204519e-06,1.1095414669478976e-06,9.51191309136138e-07,8.116005183624999e-07,6.87435128865463e-07,5.758168204386452e-07,4.743481603242759e-07,3.810700369570988e-07,2.944041760029441e-07,2.1309571224597872e-07,1.361588461388613e-07,6.282623371657253e-08,-7.497728515888305e-09,-7.527995729526027e-08,-1.408986546056777e-07,-2.0468100167108902e-07,-2.669394909043392e-07,-3.2800786159783904e-07,-3.8827763576190405e-07,-4.4823627813945677e-07,-5.085080152993666e-07,-5.698983046134392e-07,-6.334428014030465e-07,-7.004613857236715e-07,-7.726171163899686e-07,-8.51977074657082e-07,-9.410599085381937e-07,-1.0428192202671752e-06,-1.1604173790435042e-06,-1.296422751881508e-06,-1.1100938671289958e-06,-9.473153009957326e-07,-8.053285182880482e-07,-6.807721075192053e-07,-5.705464553558585e-07,-4.720343544946967e-07,-3.83102452156979e-07,-3.0204351786892454e-07,-2.275108455064044e-07,-1.5845738314837607e-07,-9.40814143915569e-08,-3.3778954025470293e-08,2.2896958448534346e-08,7.62701410632986e-08,1.2656876747839828e-07,1.7394719142662362e-07,2.185029283081219e-07,2.602896265102869e-07,2.9932679354921773e-07,3.356069455780715e-07,3.691007493301234e-07,3.997606379937157e-07,4.2752331445494797e-07,4.523115105086263e-07,4.7403535117446724e-07,4.925936812027525e-07,5.078757490418646e-07,5.19763716044482e-07,5.281365707982348e-07,5.328761857723654e-07,5.338764590582324e-07,5.310567312092164e-07,5.243809221814573e-07,5.138839911752703e-07,4.997070959637743e-07,4.821414296548001e-07,4.6167606790202314e-07,4.390313284759795e-07,4.1511927894315335e-07,3.907569067802962e-07,3.483776875860666e-07,3.0964201405843676e-07,2.7416143238542484e-07,2.4146525986417384e-07,2.1112453756961861e-07,1.827837203957445e-07,1.5615989791541324e-07,1.3103313812840514e-07,1.0723571388167359e-07,8.464219810016508e-08,6.316067948123566e-08,4.2725077640894816e-08,2.3288510500329968e-08,4.8176164344354344e-09,-1.2712328201412793e-08,-2.9321705550396518e-08,-4.5030509736891023e-08,-5.986222285681654e-08,-7.384789644018495e-08,-8.703073676763331e-08,-9.94715047018089e-08,-1.1125504510612327e-07,-1.2249825045528958e-07,-1.3335972428980491e-07,-1.4405128527223475e-07,-1.5485091947568956e-07,-1.661148407116709e-07,-1.7828041849490045e-07,-1.9183559783491312e-07,-2.0718859962688087e-07,1.618693652006308e-06,1.401551176632294e-06,1.2089457754306465e-06,1.0384602105542632e-06,8.870168135971576e-07,7.51576987580094e-07,6.293992324117008e-07,5.181137934964785e-07,4.157237939459331e-07,3.2057824584114026e-07,2.3133439383633134e-07,1.4691599847351162e-07,6.647028814568078e-08,-1.0675053070557442e-08,-8.50541688854672e-08,-1.5710435205012075e-07,-2.272064812867625e-07,-2.9572483616803024e-07,-3.6304664036920377e-07,-4.296217038276655e-07,-4.96002498744968e-07,-5.628849031986836e-07,-6.311496494337183e-07,-7.01904168771962e-07,-7.765238933546239e-07,-8.566906407265084e-07,-9.444217765201408e-07,-1.0420736082775504e-06,-1.1522773195103403e-06,-1.27770916555213e-06,-1.4204669800027267e-06,-1.222653572692129e-06,-1.0474381732589755e-06,-8.92542600454315e-07,-7.551101744669518e-07,-6.323937162940571e-07,-5.219819104749097e-07,-4.218446173002554e-07,-3.303127397031412e-07,-2.460378714998923e-07,-1.6794778396483458e-07,-9.520314256369885e-08,-2.7157507418557416e-08,3.6678341741442864e-08,9.666722416360404e-08,1.530714229356135e-07,2.06073840890239e-07,2.5579490991920837e-07,3.0230581914185905e-07,3.4563864808380135e-07,3.8579396317934413e-07,4.2274638626883133e-07,4.564485907024579e-07,4.868341358486153e-07,5.138195214188236e-07,5.373058336510984e-07,5.571803693881512e-07,5.733186643290312e-07,5.85587420891728e-07,5.938489312060281e-07,5.979677216115227e-07,5.978203009096333e-07,5.933090568216797e-07,5.843814661506026e-07,5.710557518169337e-07,5.534536661047113e-07,5.318395492910385e-07,5.066604737801931e-07,4.785703543342555e-07,4.4838745381754993e-07,4.1683835431303916e-07,3.7267384709782653e-07,3.3192911971560447e-07,2.9430133431359505e-07,2.594115876508895e-07,2.2689778437360229e-07,1.9644664490699133e-07,1.6780012947817567e-07,1.4075204386952772e-07,1.1514145538207071e-07,9.084541263049749e-08,6.77718489143009e-08,4.585298563468288e-08,2.5039359167417272e-08,5.294489785664573e-09,-1.3409872452147385e-08,-3.109805623973856e-08,-4.779451125024152e-08,-6.352779532382812e-08,-7.833473763097789e-08,-9.226501813528866e-08,-1.0538640130904426e-07,-1.1779084338174907e-07,-1.296016476065006e-07,-1.409817449454849e-07,-1.5214293571176268e-07,-1.6335526729823912e-07,-1.7495394054782074e-07,-1.8733651889570203e-07,-2.0093157034546188e-07,-2.1608974584849786e-07,1.7419270410764366e-06,1.5152628622961984e-06,1.3122334467288703e-06,1.1308131689868124e-06,9.68346335737629e-07,8.220998407217184e-07,6.895094321408545e-07,5.682828861778591e-07,4.564340488925806e-07,3.522824433903314e-07,2.544348220767754e-07,1.6175654303806221e-07,7.333687654578918e-08,-1.1549369741084863e-08,-9.348240203403442e-08,-1.729392047527616e-07,-2.503359062280947e-07,-3.2607034307997207e-07,-4.0056451367173423e-07,-4.743066081457347e-07,-5.478922129881522e-07,-6.220641058868402e-07,-6.977497563541804e-07,-7.760951661619879e-07,-8.58492850365147e-07,-9.46600113677966e-07,-1.0423402919585627e-06,-1.147872186163257e-06,-1.26549766276868e-06,-1.3974459442084615e-06,-1.5454034774530577e-06,-1.3379527757263331e-06,-1.1518066877932806e-06,-9.85126405144992e-07,-8.355462478723616e-07,-7.00705377685507e-07,-5.784575321219102e-07,-4.6693996075239156e-07,-3.645809689548112e-07,-2.7008158295927314e-07,-1.8238701121591954e-07,-1.006548590980853e-07,-2.4223449495345558e-08,4.741791372177146e-08,1.14655682675423e-07,1.7777527413374828e-07,2.3698061619578352e-07,2.924101764233482e-07,3.441497855029994e-07,3.9224265719792394e-07,4.366970345484895e-07,4.774918879883606e-07,5.145810719981901e-07,5.478963265461948e-07,5.773494970372991e-07,6.028343479748599e-07,6.242283651725528e-07,6.413949818256089e-07,6.541867262885024e-07,6.62449873125892e-07,6.660312791764767e-07,6.647881911000125e-07,6.586018947969389e-07,6.473960889872655e-07,6.31160700913366e-07,6.099812988778319e-07,5.840727692261032e-07,5.538121571879789e-07,5.197557124110098e-07,4.825980663728283e-07,4.42953612398266e-07,3.972366523760691e-07,3.5466784061601857e-07,3.1502148827608787e-07,2.780065202779911e-07,2.4333213286870725e-07,2.1073639710396035e-07,1.7999632373820472e-07,1.5092895249107624e-07,1.2338833710516165e-07,9.726080572354092e-08,7.245962722366483e-08,4.8919634508672315e-08,2.6592079503460697e-08,5.439840894697152e-09,-1.4566999344541766e-08,-3.345527229212923e-08,-5.1252648646806365e-08,-6.799152950466185e-08,-8.371307516113491e-08,-9.847154977910924e-08,-1.1233914645216139e-07,-1.2541142146003553e-07,-1.378133962552505e-07,-1.4970624937991525e-07,-1.6129423613868738e-07,-1.728308401859021e-07,-1.8462170333512692e-07,-1.970184614513304e-07,-2.1038923430134443e-07,-2.2502950295960206e-07,1.8657329870547305e-06,1.6308376858657368e-06,1.4186073291450094e-06,1.2273215844238356e-06,1.0546676878426354e-06,8.981814981727528e-07,7.554742018513057e-07,6.243493418834074e-07,5.028589058355871e-07,3.893234960851636e-07,2.823301691920338e-07,1.8071565251827767e-07,8.353958165684488e-08,-9.94921747472751e-09,-1.003512888250836e-07,-1.881583886937843e-07,-2.737973947680614e-07,-3.5767525944735766e-07,-4.402240547383629e-07,-5.219451182388865e-07,-6.034511735906577e-07,-6.855050630676838e-07,-7.69053376234525e-07,-8.552527324836696e-07,-9.454856427141643e-07,-1.0413614526432786e-06,-1.1446953240321146e-06,-1.2574536747038968e-06,-1.3816464593956484e-06,-1.519131712252239e-06,-1.6712657044609794e-06,-1.4554819959802046e-06,-1.2595660211591006e-06,-1.0820557161865925e-06,-9.210266958067791e-07,-7.744954307751855e-07,-6.406016758646434e-07,-5.176858180304893e-07,-4.0431367144391507e-07,-2.9927465253015405e-07,-2.0156666489963853e-07,-1.1037474651233962e-07,-2.5047400232443034e-08,5.492706760193652e-08,1.2994277788319252e-07,2.0029624716097496e-07,2.6620368720864647e-07,3.278155349955229e-07,3.8522831953442295e-07,4.3849409983418864e-07,4.876277774237093e-07,5.326126177281813e-07,5.734043240411293e-07,6.099340092303009e-07,6.421104133608211e-07,6.698217268819892e-07,6.929374032960852e-07,7.113103846031059e-07,7.247802173454224e-07,7.331776037810681e-07,7.363310040048858e-07,7.340759657274425e-07,7.262678818170144e-07,7.127988137515225e-07,6.936187847786893e-07,6.687613661598038e-07,6.383720573370447e-07,6.027348646835675e-07,5.622846839361909e-07,5.175718944711194e-07,4.690847848424935e-07,4.2195711905899196e-07,3.776903971718062e-07,3.3612424415971035e-07,2.9704565168665015e-07,2.602324785754935e-07,2.2547691353170516e-07,1.9259654123058285e-07,1.6143804293406128e-07,1.3187674072696803e-07,1.0381392631984956e-07,7.717310403369302e-08,5.1895795164702606e-08,2.7937269985396547e-08,5.262400264469382e-09,-1.6158291541618342e-08,-3.635239315760205e-08,-5.534923812643418e-08,-7.318351791998939e-08,-8.989899032881567e-08,-1.0555240363800458e-07,-1.2021773576354286e-07,-1.3399080195342708e-07,-1.46994201773737e-07,-1.593824285197686e-07,-1.7134669075917318e-07,-1.8311846085793552e-07,-1.9496965836215964e-07,-2.0720490774967306e-07,-2.2013524420560657e-07,-2.3400624292460803e-07,1.9901287150971092e-06,1.7479594205461912e-06,1.5275319182947054e-06,1.3273403670766e-06,1.1453215168861085e-06,9.792193170486014e-07,8.267921180191976e-07,6.859344784941477e-07,5.547465603834084e-07,4.315687397810274e-07,3.149919708020371e-07,2.038506488318427e-07,9.720254020141712e-08,-5.700946831965897e-09,-1.0545166035564266e-07,-2.0252677009604703e-07,-2.9733429013383256e-07,-3.902604956522169e-07,-4.81717693960818e-07,-5.721907261568445e-07,-6.622803955115e-07,-7.527417478167875e-07,-8.445147622050219e-07,-9.387445204940314e-07,-1.0367872404356778e-06,-1.140197557796812e-06,-1.2506909462482234e-06,-1.3700729650881796e-06,-1.5001238502809095e-06,-1.6424220493473773e-06,-1.7980810767942217e-06,-1.5748856901471734e-06,-1.3700908108792824e-06,-1.1825456565710636e-06,-1.0107055654517683e-06,-8.529341331660369e-07,-7.076550669147727e-07,-5.734276951418944e-07,-4.4898013953227165e-07,-3.332181490953144e-07,-2.252199853808358e-07,-1.2422361359924522e-07,-2.961007707413407e-08,5.9114476084511265e-08,1.423365247228427e-07,2.2035166821501045e-07,2.9337930955414815e-07,3.615752639019726e-07,4.250422465893843e-07,4.838383408006845e-07,5.379836368208144e-07,5.874652881674582e-07,6.322412596952005e-07,6.722430607807912e-07,7.073777721352171e-07,7.375296941978755e-07,7.625619726242315e-07,7.823185939346383e-07,7.966271911971794e-07,8.053031516010448e-07,8.081555662118777e-07,8.049955916738593e-07,7.956477788658034e-07,7.799648240011256e-07,7.578459457750293e-07,7.292585610630599e-07,6.942618373500049e-07,6.530282968909556e-07,6.058537854936386e-07,5.531303607921326e-07,4.952115381030018e-07,4.4675189684060936e-07,4.00868175872659e-07,3.5745332301966164e-07,3.163609904946556e-07,2.7743178793477914e-07,2.405111136987681e-07,2.0545944498478614e-07,1.7215706982132665e-07,1.405051297367334e-07,1.1042439694734988e-07,8.18527642465748e-08,5.474208091972969e-08,2.9054726241761553e-08,4.760146505233843e-09,-1.8168533618785764e-08,-3.975779544310873e-08,-6.00369316301182e-08,-7.904123183285706e-08,-9.681522279014839e-08,-1.1341603338870261e-07,-1.2891693145817548e-07,-1.434110307784669e-07,-1.5701508410423762e-07,-1.698731409589595e-07,-1.8215961696730543e-07,-1.9408090818387083e-07,-2.0587388131642859e-07,-2.177978043143378e-07,-2.301118247386781e-07,-2.4301767010704054e-07,2.1151291505291385e-06,1.8664447061615019e-06,1.6386847253519668e-06,1.430471047707066e-06,1.2398945812737874e-06,1.0648356128759254e-06,9.031558851365612e-07,7.528205343327133e-07,6.119745998966226e-07,4.789868850457291e-07,3.524691054852268e-07,2.3127586417460615e-07,1.1448958436123021e-07,1.3936397364599824e-09,-1.0856365899941588e-07,-2.158119286228607e-07,-3.2070634389871237e-07,-4.235780249655187e-07,-5.247851328366263e-07,-6.247624826946816e-07,-7.240672558700813e-07,-8.234180909509006e-07,-9.237244757390837e-07,-1.0261029507655428e-06,-1.1318761671058386e-06,-1.2425503081170146e-06,-1.35976580306387e-06,-1.4852157294835734e-06,-1.6205260778828246e-06,-1.7670927163023734e-06,-1.925873153790383e-06,-1.695921465901197e-06,-1.4829314966134186e-06,-1.2860046576697194e-06,-1.1039156573719121e-06,-9.353375302033458e-07,-7.789636925168361e-07,-6.335754011658911e-07,-4.980765875713578e-07,-3.7150816943108656e-07,-2.530494512937307e-07,-1.420116766785701e-07,-3.7827154613508956e-08,5.996371810428618e-08,1.517259749744053e-07,2.3774311052473798e-07,3.182289864158138e-07,3.9333826248280533e-07,4.631752101566495e-07,5.278009115825994e-07,5.872389460173142e-07,6.414797288928178e-07,6.904837100768274e-07,7.341836663113708e-07,7.724863464898472e-07,8.052737531278255e-07,8.324043727542663e-07,8.537147034404861e-07,8.690214682059602e-07,8.781249443536969e-07,8.808138725209091e-07,8.768724214870656e-07,8.660896542345403e-07,8.482718355981655e-07,8.232576929550496e-07,7.909363022240619e-07,7.512664335136597e-07,7.042944580662673e-07,6.501638464905407e-07,5.890985253585037e-07,5.213117164925604e-07,4.715564423422764e-07,4.2410265964783367e-07,3.7888604490634243e-07,3.3581609198809014e-07,2.9478933033319625e-07,2.557016809367923e-07,2.18456880185646e-07,1.829710451921473e-07,1.4917428279129262e-07,1.1701029217109201e-07,8.643472541866425e-08,5.741285233963899e-08,2.991689101390766e-08,3.923225086737504e-09,-2.0590373129202066e-08,-4.364746641109458e-08,-6.5275623844467e-08,-8.550906824460621e-08,-1.0439133908914613e-07,-1.219780039596238e-07,-1.3833942737784673e-07,-1.5356356081336654e-07,-1.6775864486283476e-07,-1.8105560148107568e-07,-1.936097160217343e-07,-2.056009109027045e-07,-2.1723134896489034e-07,-2.287178369383378e-07,-2.40273168694367e-07,-2.520609789384832e-07,2.2407474918552238e-06,1.986213953448644e-06,1.7519176841546152e-06,1.5365283966673213e-06,1.338199551949006e-06,1.1548727136529895e-06,9.844610015167968e-07,8.249696121241122e-07,6.745755562322431e-07,5.316768254904503e-07,3.9491706395733763e-07,2.6319015995484516e-07,1.3562832361072347e-07,1.1576682104865888e-08,-1.0944293331768286e-07,-2.2777655943132676e-07,-3.436886886718432e-07,-4.5741652060138895e-07,-5.692254094891883e-07,-6.794628277936017e-07,-7.886078754627374e-07,-8.973130250099796e-07,-1.00643443668241e-06,-1.1170468468798914e-06,-1.2304387737287984e-06,-1.3480836596547065e-06,-1.471582682953921e-06,-1.6025754998090684e-06,-1.7426164914112797e-06,-1.8930171345287936e-06,-2.054663086238335e-06,-1.8184286284166592e-06,-1.5977701695611338e-06,-1.391992384298861e-06,-1.2001367246306365e-06,-1.021148583387898e-06,-8.539721194515637e-07,-6.976062900086332e-07,-5.511366888845878e-07,-4.137512274742041e-07,-2.84744977095959e-07,-1.635179754197118e-07,-4.956874771024052e-08,5.751448987774864e-08,1.5806356472923447e-07,2.523400783260625e-07,3.405445193039889e-07,4.228243900919608e-07,4.992811587302263e-07,5.699759778460637e-07,6.34934204582071e-07,6.9414881874166e-07,7.475828806268838e-07,7.951712027914899e-07,8.368214375391426e-07,8.724148091719155e-07,9.018067497390604e-07,9.248277304896332e-07,9.412846173905654e-07,9.509629143167026e-07,9.536302849415789e-07,9.490417528827246e-07,9.369469529644951e-07,9.170997215105763e-07,8.892701373496112e-07,8.532588046559241e-07,8.089125966364795e-07,7.561399821062739e-07,6.949216427883649e-07,6.253059636123183e-07,5.473618735601542e-07,4.963198266288608e-07,4.4731795245116754e-07,4.003261005406909e-07,3.5530049651580575e-07,3.1218725065772545e-07,2.709296513107059e-07,2.3147409918108436e-07,1.937736626115027e-07,1.5778951514953117e-07,1.2349082225454965e-07,9.085361785913056e-08,5.98590903731945e-08,3.049156924876754e-08,2.736395966688419e-09,-2.342221745705904e-08,-4.8003296094251776e-08,-7.103116616063433e-08,-9.253748563932512e-08,-1.1256325675951642e-07,-1.311608271119056e-07,-1.4839586382456104e-07,-1.6434924737560102e-07,-1.7911877464127986e-07,-1.9282047774127526e-07,-2.0558924184698335e-07,-2.175782050905956e-07,-2.2895603839631555e-07,-2.399002886514283e-07,-2.505824470422722e-07,-2.6113297280286133e-07,2.3669954747710184e-06,2.107270379043957e-06,1.8672277568764722e-06,1.6455126839402058e-06,1.4402552711832893e-06,1.2493838380722783e-06,1.0708071015892404e-06,9.025337506095368e-07,7.427533326663699e-07,5.898879836026092e-07,4.426199960411011e-07,2.9989878140245776e-07,1.609302513306331e-07,2.5151377155307722e-08,-1.0780748343945189e-07,-2.3816999693993373e-07,-3.6606851166148804e-07,-4.916033765739213e-07,-6.149041334593757e-07,-7.36189495396598e-07,-8.558226518285114e-07,-9.743580338585414e-07,-1.0925752886063067e-06,-1.2114959199602252e-06,-1.3323779420465108e-06,-1.4566840641038712e-06,-1.5860194982517487e-06,-1.722036584459442e-06,-1.8663052355320926e-06,-2.020151206498369e-06,-2.184470518704006e-06,-1.942304343203499e-06,-1.7143851564251421e-06,-1.5001831492117047e-06,-1.2989644344219064e-06,-1.1099148231844362e-06,-9.322103944868062e-07,-7.650605104397261e-07,-6.077336616605285e-07,-4.595715341204031e-07,-3.199948564678992e-07,-1.8850366706094591e-07,-6.46739994689472e-08,5.184752377824678e-08,1.6135010679964192e-07,2.640654419721938e-07,3.601740994794327e-07,4.498113129384137e-07,5.330719688614511e-07,6.100147109109054e-07,6.806651451401937e-07,7.4501818700228e-07,8.030396312834005e-07,8.546670578373143e-07,8.998102136362587e-07,9.383510387119918e-07,9.701435323373205e-07,9.950136872590862e-07,1.0127597533622128e-06,1.0231531254056501e-06,1.025940177765947e-06,1.0208453850346915e-06,1.0075760601138095e-06,9.858289965217495e-07,9.552991998740405e-07,9.156907099791104e-07,8.667292133442257e-07,8.081756569112244e-07,7.398392213481473e-07,6.615862765049974e-07,5.733377383062979e-07,5.21000851548162e-07,4.7045476384153374e-07,4.2169718051619497e-07,3.747241736757599e-07,3.295263997316433e-07,2.860917577682575e-07,2.4440849196361187e-07,2.04467174572014e-07,1.662614358754127e-07,1.2978771572386302e-07,9.504436760853505e-08,6.203038973455709e-08,3.074397722428084e-08,1.1810173446079956e-09,-2.666640534126161e-08,-5.281146437111511e-08,-7.72739998834259e-08,-1.0008188213746985e-07,-1.212723306536582e-07,-1.4089317887943588e-07,-1.5900405480311283e-07,-1.7567741949239164e-07,-1.9099936695918353e-07,-2.0507003703287906e-07,-2.1800341980849904e-07,-2.299262099438877e-07,-2.4097511719001437e-07,-2.512913839324257e-07,-2.61009350829419e-07,-2.7023015459613176e-07,2.493883397939317e-06,2.229685091182072e-06,1.984735096958155e-06,1.7575876870830417e-06,1.5462694077812892e-06,1.3486229312027547e-06,1.1624955642996793e-06,9.858595913899871e-07,8.168935264399164e-07,6.540346416861256e-07,4.960074178345239e-07,3.418309475560455e-07,1.908079059623749e-07,4.249758457287543e-08,-1.0332456068514236e-07,-2.4671839607182493e-07,-3.876391050540462e-07,-5.260029882903732e-07,-6.617560712469485e-07,-7.949421176109362e-07,-9.257661596911057e-07,-1.0546491391924087e-06,-1.1822687790687874e-06,-1.3095814792245048e-06,-1.437819964951162e-06,-1.5684617426455935e-06,-1.7031642296879561e-06,-1.8436637157856178e-06,-1.991636816468962e-06,-2.148524037943946e-06,-2.3153140816148814e-06,-2.0674854929954424e-06,-1.8326226810285575e-06,-1.6103346100613636e-06,-1.4000814256201264e-06,-1.2012649114995003e-06,-1.0132773973105277e-06,-8.355311685219741e-07,-6.674765497302396e-07,-5.086123877281593e-07,-3.584911730102728e-07,-2.1672041779840823e-07,-8.296153278509928e-08,4.3072846251968964e-08,1.6162236907184687e-07,2.7288279775052373e-07,3.7700977921813767e-07,4.741223095360623e-07,5.64305724908515e-07,6.476141221173544e-07,7.240721625335932e-07,7.936762534279516e-07,8.563951317456763e-07,9.121699021175467e-07,9.609136054424575e-07,1.0025104191432296e-06,1.0368146167790643e-06,1.0636494439966935e-06,1.0828060998988146e-06,1.0940430469628652e-06,1.0970859067435469e-06,1.0916282295800984e-06,1.0773334497704302e-06,1.0538383471057096e-06,1.020758325194521e-06,9.776947869178848e-07,9.242448661226721e-07,8.600138864036621e-07,7.846315832819723e-07,6.977756594012169e-07,5.992146334867219e-07,5.455651210553654e-07,4.934655485486718e-07,4.4293741945747734e-07,3.940122110105327e-07,3.4672185083233614e-07,3.010970421814842e-07,2.5716733734779585e-07,2.1496119336532105e-07,1.7450564258136057e-07,1.358256274209252e-07,9.894313643009294e-08,6.387626224015594e-08,3.063826117956447e-08,-7.633434828432336e-10,-3.0327599280539555e-08,-5.8060902755023273e-08,-8.397772249500207e-08,-1.0810126845646454e-07,-1.3046410014565532e-07,-1.511086529471169e-07,-1.7008764538891549e-07,-1.8746431152635224e-07,-2.0331238262793967e-07,-2.1771572054327005e-07,-2.3076747680422763e-07,-2.4256859735462715e-07,-2.5322534661032705e-07,-2.6284507474455263e-07,-2.715280456003297e-07,-2.793487971586672e-07,2.62141995878599e-06,2.353586567118616e-06,2.104667138665745e-06,1.8730638508541157e-06,1.656624158684181e-06,1.453035055789077e-06,1.260025466520154e-06,1.0754898005987843e-06,8.975696306796676e-07,7.247059479784639e-07,5.556669558676453e-07,3.895542799703353e-07,2.2578998305198594e-07,6.408668097493811e-08,-9.559695311125784e-08,-2.531129721487572e-07,-4.081907823304572e-07,-5.605109271063908e-07,-7.097829521230583e-07,-8.558237437338432e-07,-9.986320918527313e-07,-1.1384545380524477e-06,-1.275836926012514e-06,-1.4116555988732362e-06,-1.5471220348359324e-06,-1.6837550214717303e-06,-1.8233153020113733e-06,-1.9676987731709993e-06,-2.1187848311659847e-06,-2.2782335483963955e-06,-2.4472115646406594e-06,-2.193934539484454e-06,-1.9523738356308877e-06,-1.7222608762589297e-06,-1.5032307271754805e-06,-1.2948852922210132e-06,-1.09682236427614e-06,-9.086513297797899e-07,-7.30002599199835e-07,-5.60533400981123e-07,-3.999311437989295e-07,-2.4791505988245384e-07,-1.0423663614099603e-07,3.1320777269486826e-08,1.589428744409862e-07,2.787855748867059e-07,3.9097628645015253e-07,4.956150981788782e-07,5.927757840494231e-07,6.825065257159984e-07,7.648302859557529e-07,8.397447854173408e-07,9.072220546895116e-07,9.67207552589234e-07,1.019618860926212e-06,1.0643439868335958e-06,1.1012393270194934e-06,1.1301273748832976e-06,1.1507942821946626e-06,1.1629874228237317e-06,1.1664131479283194e-06,1.1607349715525815e-06,1.1455724849553723e-06,1.1205013706856279e-06,1.0850549815330934e-06,1.038728091139348e-06,9.809837047098689e-07,9.112645544483273e-07,8.290131096826193e-07,7.337107585093817e-07,6.249678620989831e-07,5.699827595188267e-07,5.163104684289724e-07,4.639944771412191e-07,4.1309977302892087e-07,3.636982972568398e-07,3.1586303464790706e-07,2.696649199564686e-07,2.251707644509044e-07,1.8244168106618495e-07,1.4153186363061476e-07,1.0248766835165213e-07,6.534695635122798e-08,3.0138650123524215e-08,-3.1175462205662076e-09,-3.441130914711968e-08,-6.37417765156593e-08,-9.111756894211163e-08,-1.1655675700524457e-07,-1.400867621965451e-07,-1.6174416285237333e-07,-1.815743620691374e-07,-1.9963106485891154e-07,-2.1597550888000767e-07,-2.3067539863886847e-07,-2.4380350517618276e-07,-2.554358980448118e-07,-2.656497243715245e-07,-2.7452018643433783e-07,-2.8211542702579387e-07,-2.884850001218378e-07,2.749611931868099e-06,2.479153302696891e-06,2.2273472627977356e-06,1.992385811540057e-06,1.7718649997730454e-06,1.5632480084630323e-06,1.3640889432904427e-06,1.1721624339844538e-06,9.855462509697905e-07,8.026725952925513e-07,6.223539770710431e-07,4.4378680444589146e-07,2.665350705352264e-07,9.049632336652702e-08,-8.414797382358659e-08,-2.5699558778188136e-07,-4.274979463925081e-07,-5.950433507657791e-07,-7.590459782637754e-07,-9.19037003503954e-07,-1.0747533188042173e-06,-1.226218398363302e-06,-1.3738089306649775e-06,-1.5183000881645032e-06,-1.6608818872660561e-06,-1.8031391759460374e-06,-1.9469883913908787e-06,-2.0945648913141464e-06,-2.248053519856319e-06,-2.409446426806247e-06,-2.580179830810512e-06,-2.321628014514942e-06,-2.073555209199315e-06,-1.835808889325377e-06,-1.6081912244871795e-06,-1.390497393032405e-06,-1.1825256037004672e-06,-9.840791947640863e-07,-7.949671765381816e-07,-6.150049785144971e-07,-4.4401568594812055e-07,-2.818316263972064e-07,-1.2829609398785606e-07,1.6734962814400098e-08,1.5339139940805825e-07,2.8178752612820586e-07,4.0202094776531543e-07,5.141715490554351e-07,6.183005582427775e-07,7.144496063470804e-07,8.026396942056886e-07,8.828699806518327e-07,9.55116311554962e-07,1.0193294195586233e-06,1.07543273742817e-06,1.1233197837480504e-06,1.1628510986209389e-06,1.1938507299060229e-06,1.2161022989415345e-06,1.229344711124358e-06,1.233267625165404e-06,1.227506861634376e-06,1.211640026366036e-06,1.1851827626029935e-06,1.147586253441974e-06,1.0982369306571348e-06,1.0364599699227906e-06,9.615295778682408e-07,8.726929266635965e-07,7.692259108208925e-07,6.505730776146365e-07,5.942265183660825e-07,5.389538572873238e-07,4.848210210584569e-07,4.3192724315206797e-07,3.803853912265054e-07,3.3031167375499496e-07,2.8181925752009795e-07,2.350139905214428e-07,1.8999155399800566e-07,1.4683569542934227e-07,1.0561728885567595e-07,6.639400706705145e-08,2.921042168419622e-08,-5.901618226235075e-09,-3.8922441344532525e-08,-6.98439185580446e-08,-9.866877744472636e-08,-1.254098763701678e-07,-1.5008942116760416e-07,-1.727380864602098e-07,-1.9339399029783286e-07,-2.1210146778003447e-07,-2.2890960063889772e-07,-2.4387048946331453e-07,-2.5703730504577344e-07,-2.6846221820422664e-07,-2.7819435259370735e-07,-2.862778379047083e-07,-2.927495852190028e-07,-2.9763473856221826e-07,2.8784637113694366e-06,2.6066088358426946e-06,2.3531870568353645e-06,2.1161235556539877e-06,1.8926921702465676e-06,1.6800652130470276e-06,1.475566228512724e-06,1.2768085928028077e-06,1.0817796636331457e-06,8.888904501281662e-07,6.969983561148252e-07,5.054068026499601e-07,3.138443686222426e-07,1.2242561755635723e-07,-6.840449371878407e-08,-2.579408658579281e-07,-4.453013579155586e-07,-6.295206304773667e-07,-8.096520421605349e-07,-9.848740483805052e-07,-1.1545964462556368e-06,-1.3185605388503378e-06,-1.4769259738968487e-06,-1.6303358082110878e-06,-1.779950454852342e-06,-1.9274407623285355e-06,-2.0749305286231397e-06,-2.224878498983338e-06,-2.3798863058465803e-06,-2.542402362461444e-06,-2.7142345067062444e-06,-2.4505464755209246e-06,-2.1960916805033247e-06,-1.9508368532603006e-06,-1.7147545438006247e-06,-1.4878354010071678e-06,-1.2700789704291752e-06,-1.061482387881601e-06,-8.620323690349264e-07,-6.717012482732319e-07,-4.904463705458437e-07,-3.182118234900603e-07,-1.5493157951753005e-07,-5.333207224166134e-10,1.450575645812621e-07,2.8191413555458554e-07,4.1010437299309926e-07,5.296880300232363e-07,6.407138342966041e-07,7.432169628080252e-07,8.372166779628706e-07,9.227139968338264e-07,9.996892599652746e-07,1.068099467931766e-06,1.1278752606188606e-06,1.178917424497551e-06,1.2210928267621732e-06,1.2542296929532273e-06,1.2781121686805168e-06,1.2924741400792585e-06,1.2969923380564035e-06,1.291278828969984e-06,1.2748731169938898e-06,1.2472342805154047e-06,1.2077338870488625e-06,1.1556509787852506e-06,1.090171443810286e-06,1.0103963181407897e-06,9.153692721041832e-07,8.041497656039132e-07,6.760066538016658e-07,6.182700465499179e-07,5.613608842497328e-07,5.053703480279163e-07,4.504353978276218e-07,3.967130050274602e-07,3.4436506595836547e-07,2.9354862314013965e-07,2.4440944372606017e-07,1.9707803944722058e-07,1.5166752158467054e-07,1.0827280238400762e-07,6.6970735604433e-08,2.7820867956985353e-08,-9.133448481726668e-09,-4.3863759467115755e-08,-7.635513886648675e-08,-1.0660480198410875e-07,-1.3462071223403125e-07,-1.6042015554920093e-07,-1.8402823102715503e-07,-2.0547619200044923e-07,-2.247995722920079e-07,-2.4203605362329623e-07,-2.572230795512587e-07,-2.703953065847124e-07,-2.815821080171656e-07,-2.9080550427645037e-07,-2.9807906029770075e-07,-3.0340840347735354e-07,-3.0679390810544824e-07,3.0079767312851e-06,2.7362187173977817e-06,2.482681603693035e-06,2.244966677890228e-06,2.01995443784084e-06,1.8044594875190293e-06,1.5955199604346647e-06,1.3905479019821344e-06,1.1874151981865996e-06,9.845006137771202e-07,7.807079380734541e-07,5.754602354727486e-07,3.686733599991247e-07,1.607109604303336e-07,-4.767741632900652e-08,-2.554338961079652e-07,-4.6128437873257774e-07,-6.638437465693628e-07,-8.617320786893462e-07,-1.0536986949221687e-06,-1.2387494278735787e-06,-1.4162708238393415e-06,-1.586143125168644e-06,-1.748832048779257e-06,-1.9054477457019346e-06,-2.0577580792323065e-06,-2.2081424042427945e-06,-2.3594702358863236e-06,-2.5148820907468297e-06,-2.677422982439085e-06,-2.8493894649032883e-06,-2.580664921967631e-06,-2.319899989167159e-06,-2.067193472481563e-06,-1.8227025669266082e-06,-1.5866243912755663e-06,-1.3591664033596102e-06,-1.1405220623667751e-06,-9.308552215661172e-07,-7.302925171164411e-07,-5.389218456729482e-07,-3.5679495914932063e-07,-1.8393252072534784e-07,-2.0330370410887354e-08,1.3403387254920606e-07,2.791944271013053e-07,4.151914973220024e-07,5.420660748972614e-07,6.598553932034538e-07,7.685889422130438e-07,8.682848994873775e-07,9.589468022166223e-07,1.040560270890131e-06,1.1130895907494062e-06,1.1764739585309142e-06,1.2306232067518703e-06,1.2754128251752259e-06,1.3106781099156722e-06,1.3362072873425074e-06,1.351733486979195e-06,1.356925482768171e-06,1.3513771991453336e-06,1.3345961123449895e-06,1.305990913664404e-06,1.2648592232029941e-06,1.2103769125215747e-06,1.1415920828217514e-06,1.0574299524390143e-06,9.567228294539694e-07,8.383012064643435e-07,7.012460712493233e-07,6.420861133625129e-07,5.834941138805085e-07,5.255918651635482e-07,4.685604286927456e-07,4.1260635633447833e-07,3.579411477552502e-07,3.0476802277503543e-07,2.532735900795305e-07,2.0362307551281935e-07,1.5595814358367276e-07,1.1039653808988173e-07,6.703292356851794e-08,2.594045341015863e-08,-1.28272791521061e-08,-4.923413833707037e-08,-8.325932900443414e-08,-1.1489532809864545e-07,-1.441458679285594e-07,-1.7102393059342344e-07,-1.9554968193871898e-07,-2.1774825630613984e-07,-2.376473034719205e-07,-2.552742340158511e-07,-2.7065316140349646e-07,-2.8380165561635417e-07,-2.947276157268593e-07,-3.0342686686123925e-07,-3.098825538318591e-07,-3.140682332407996e-07,-3.159583706761565e-07,3.138148770321394e-06,2.868289420204052e-06,2.6164077123509068e-06,2.379721488591218e-06,2.154644642045396e-06,1.9375668733116555e-06,1.7251876381708104e-06,1.5146804634666548e-06,1.3037799812789907e-06,1.0908244818129257e-06,8.747674416383675e-07,6.551647986070221e-07,4.3214191595335905e-07,2.0634254131885532e-07,-2.1139075447330854e-08,-2.488424882299987e-07,-4.7504166051087467e-07,-6.978615195541843e-07,-9.154093239761427e-07,-1.125918382590659e-06,-1.327899845451728e-06,-1.5202960682885932e-06,-1.7026265426118644e-06,-1.8751147243270183e-06,-2.0387814439081015e-06,-2.1954880581894314e-06,-2.3479098918343427e-06,-2.499416216554348e-06,-2.6538208034470687e-06,-2.8149265117673916e-06,-2.9856560980084736e-06,-2.7119427173365377e-06,-2.444871752568228e-06,-2.184696755559933e-06,-1.9317847401209614e-06,-1.6865585041440417e-06,-1.4494447338967066e-06,-1.220837434993613e-06,-1.0010764901234327e-06,-7.904382655328659e-07,-5.891347705175947e-07,-3.9731832097163526e-07,-2.1508933453370031e-07,-4.250554164441869e-08,1.2040854868008003e-07,2.736526511600771e-07,4.172425656743267e-07,5.512030478168234e-07,6.755616716517543e-07,7.903435585205535e-07,8.955667792451047e-07,9.912382001113086e-07,1.0773495248651564e-06,1.1538732774761429e-06,1.2207584680488877e-06,1.2779256837760537e-06,1.3252613471190542e-06,1.3626108852621655e-06,1.389770560885296e-06,1.4064777290322806e-06,1.4123993160567985e-06,1.4071183785333836e-06,1.3901187212954723e-06,1.3607677938023413e-06,1.318298564666722e-06,1.261792044725592e-06,1.1901641357955635e-06,1.1021648885815945e-06,9.964089266082214e-07,8.714844201797019e-07,7.262703401846364e-07,6.656445617966302e-07,6.053096444403004e-07,5.454261336790851e-07,4.86228617258564e-07,4.279809367308947e-07,3.7094932005302087e-07,3.153858004463216e-07,2.615184655452926e-07,2.0954648268453046e-07,1.59638428237758e-07,1.119328027860258e-07,6.653989126560048e-08,2.3544358438162157e-08,-1.69918396338017e-08,-5.5026494516925644e-08,-9.053428127887264e-08,-1.2350404603849463e-07,-1.5393623124340977e-07,-1.818403745888423e-07,-2.072325825272647e-07,-2.3013285812534796e-07,-2.505621581111315e-07,-2.685390739359028e-07,-2.840760947455624e-07,-2.971755476780619e-07,-3.0782557279764113e-07,-3.1599696052230117e-07,-3.216425428074513e-07,-3.2470260095703653e-07,-3.251240048863792e-07,3.268973141970795e-06,3.0031696874143784e-06,2.75502560030352e-06,2.5213110887591417e-06,2.297896475045056e-06,2.0806792477546687e-06,1.8659702990421038e-06,1.650672906304188e-06,1.432368471158091e-06,1.2093512987209294e-06,9.80630601230212e-07,7.459089019621965e-07,5.055417652913376e-07,2.604811542212862e-07,1.2202858077670272e-08,-2.3738280967709532e-07,-4.860384268148558e-07,-7.313262286293144e-07,-9.707545575986104e-07,-1.2019426900804609e-06,-1.4228004388565172e-06,-1.6317160862219477e-06,-1.8277429169390308e-06,-2.010770984133888e-06,-2.181666804271721e-06,-2.34235938990033e-06,-2.495845876772541e-06,-2.6460817225104364e-06,-2.797700611372898e-06,-2.9554499233234785e-06,-3.1230423667527948e-06,-2.844311995898043e-06,-2.5708545504707694e-06,-2.303111144184568e-06,-2.0416943752241024e-06,-1.7872789227754904e-06,-1.540525034500553e-06,-1.3020314161666023e-06,-1.0723108278858382e-06,-8.517817119098675e-07,-6.407702985763738e-07,-4.39518974071498e-07,-2.4819788909405653e-07,-6.691774344085775e-08,1.0425758758200326e-07,2.6529937360570143e-07,4.16203687803639e-07,5.569825158595885e-07,6.876562411742871e-07,8.082473157755268e-07,9.187748595716489e-07,1.0192498962050348e-06,1.1096709183095563e-06,1.1900194685682316e-06,1.2602554190210316e-06,1.3203116258784568e-06,1.3700876294078474e-06,1.4094420591451588e-06,1.4381833964218999e-06,1.4560587432855597e-06,1.4627402557016141e-06,1.457808930700771e-06,1.440735517407571e-06,1.4108585151412947e-06,1.3673596842667056e-06,1.309238585674238e-06,1.2352901813250916e-06,1.1440953660788775e-06,1.034048470367674e-06,9.034828953638155e-07,7.510604832018825e-07,6.889097345688055e-07,6.26752466737469e-07,5.647991610307927e-07,5.033504774844052e-07,4.4273721754487715e-07,3.8328617275483105e-07,3.253005947489608e-07,2.6904988852798963e-07,2.147653301712928e-07,1.6263965547420917e-07,1.1282901026876543e-07,6.545621009481096e-08,2.0614595320077594e-08,-2.1627978790162788e-08,-6.122528803220607e-08,-9.814915180577342e-08,-1.323861405386309e-07,-1.6393453323333028e-07,-1.9280142880976363e-07,-2.1899987857418926e-07,-2.4254588192551097e-07,-2.6345507328734097e-07,-2.817389330836861e-07,-2.9740040197065076e-07,-3.1042891439659765e-07,-3.2079518630385594e-07,-3.284467630225007e-07,-3.3330671661228656e-07,-3.352809172399953e-07,-3.342867650457818e-07,3.4004377616858546e-06,3.14125549545589e-06,2.8992853208784062e-06,2.6707789813935275e-06,2.450981871555947e-06,2.2352338113214195e-06,2.0194144532929132e-06,1.8001349011504163e-06,1.5748169090904428e-06,1.3417144823306548e-06,1.0999022890622724e-06,8.492430197127198e-07,5.903396447626915e-07,3.244746100486961e-07,5.3535253554917205e-08,-2.2007713988825226e-07,-4.935581889798299e-07,-7.638346886006834e-07,-1.027724768548269e-06,-1.2821243614649844e-06,-1.5242174988730888e-06,-1.751704352904981e-06,-1.963036781577437e-06,-2.157646443833957e-06,-2.3361451871472428e-06,-2.5004709139320546e-06,-2.6539434025681543e-06,-2.8011800905396006e-06,-2.9477903829655668e-06,-3.0996813811133303e-06,-3.2615515850131064e-06,-2.9776633965087298e-06,-2.6976295786275262e-06,-2.422121716782119e-06,-2.152043258597996e-06,-1.8883515948083409e-06,-1.6319549825684478e-06,-1.3836581780399237e-06,-1.1441394428499121e-06,-9.139470377811392e-07,-6.935071485080956e-07,-4.831378988612728e-07,-2.830659627244321e-07,-9.344355450481966e-08,8.563554266143461e-08,2.541216320876662e-07,4.119967316438637e-07,5.592641749912486e-07,6.959400045203608e-07,8.220458705904553e-07,9.376030995325388e-07,1.042627571815366e-06,1.1371250462140745e-06,1.2210865648939637e-06,1.2944835710731212e-06,1.3572623615868683e-06,1.4093374800959515e-06,1.4505836339293033e-06,1.4808256915021732e-06,1.4998262919566782e-06,1.5072705786166895e-06,1.5027475584532388e-06,1.4857276046450668e-06,1.4555357087178272e-06,1.4113204208366654e-06,1.3520194515870583e-06,1.276325787484192e-06,1.1826655643946828e-06,1.0692175329597742e-06,9.340520875962225e-07,7.756001075969577e-07,7.118370497054856e-07,6.47750624556562e-07,5.836156124525691e-07,5.198142223212815e-07,4.567551872665052e-07,3.9483151314291355e-07,3.343989604112404e-07,2.7576656496896447e-07,2.1919429931861755e-07,1.6489487085731278e-07,1.1303775628157032e-07,6.375426213613593e-08,1.714285521114138e-08,-2.6725685072324758e-08,-6.780352506277136e-08,-1.0606152868480105e-07,-1.4148548214609966e-07,-1.7407270169844788e-07,-2.03828888126717e-07,-2.30765058522065e-07,-2.548943588767717e-07,-2.7622853578437666e-07,-2.9477382522085303e-07,-3.1052602340246817e-07,-3.2346460230718076e-07,-3.3354606792563564e-07,-3.4069762972743507e-07,-3.4481428861230304e-07,-3.4576718027575014e-07,-3.4344275292564156e-07,3.532524070006528e-06,3.2830008261678688e-06,3.0500403361984706e-06,2.8292973821548713e-06,2.615308219731547e-06,2.4027967128220307e-06,2.1871830462293317e-06,1.964781070459253e-06,1.7328614137926507e-06,1.4896517572417467e-06,1.2343063419535622e-06,9.668600733621275e-07,6.881738933433506e-07,3.9987270406183267e-07,1.0427335299832446e-07,-1.9570240821503365e-07,-4.966365328856167e-07,-7.947515739763816e-07,-1.0860813687300535e-06,-1.3666784367183554e-06,-1.6328572643166178e-06,-1.8814680448316172e-06,-2.1101902731361867e-06,-2.3178299099222245e-06,-2.504597168233031e-06,-2.6723332442372337e-06,-2.8246408993698678e-06,-2.9668503892892506e-06,-3.1057026078502284e-06,-3.2485073045654446e-06,-3.401180878949128e-06,-3.1118276884465753e-06,-2.824884175046344e-06,-2.5413042310643647e-06,-2.2623340892139675e-06,-1.98924495273673e-06,-1.7232030351807898e-06,-1.4652137575880327e-06,-1.2161064139950888e-06,-9.765403919721829e-07,-7.470222117469407e-07,-5.279272005601717e-07,-3.195222052933929e-07,-1.2198725696355712e-07,6.456493937223223e-08,2.4007218098584066e-07,4.0450868098067504e-07,5.578735277857911e-07,7.001813529913244e-07,8.314548014326768e-07,9.517183763238581e-07,1.0609932353208427e-06,1.159292524477742e-06,1.2466168455229876e-06,1.3229494512876825e-06,1.3882507511218572e-06,1.4424516818698682e-06,1.4854454617155665e-06,1.5170771971052564e-06,1.5371307612887833e-06,1.5453123103239605e-06,1.5412297483936557e-06,1.5243673944728914e-06,1.4940550483187055e-06,1.4494307245214076e-06,1.3893970330744567e-06,1.3125740068310171e-06,1.2172599492200544e-06,1.1014357105502981e-06,9.629105099050645e-07,7.998761057263811e-07,7.343683044442116e-07,6.682076764471731e-07,6.017506123800439e-07,5.354784934728844e-07,4.6988890824963844e-07,4.054450549301692e-07,3.4255409011256874e-07,2.815605242808157e-07,2.2274743400482315e-07,1.6634155659082875e-07,1.1252006749968002e-07,6.141779353515157e-08,1.3134162043115913e-08,-3.226047494059872e-08,-7.471928331131288e-08,-1.1421415442976314e-07,-1.50731584883282e-07,-1.8426908062336754e-07,-2.1483190427826782e-07,-2.42429960847602e-07,-2.6707459302145027e-07,-2.887750234785976e-07,-3.0753413185042145e-07,-3.233431982694565e-07,-3.361752514727147e-07,-3.459769206279008e-07,-3.5265969644149564e-07,-3.560942840185398e-07,-3.5611870677843075e-07,-3.525883066628699e-07,3.6652057689095358e-06,3.4289380040512706e-06,3.2082723422218753e-06,2.9981823427857464e-06,2.792414594824114e-06,2.585037268892284e-06,2.3710100412672268e-06,2.146372030140036e-06,1.908273479792207e-06,1.6549434615898566e-06,1.3856343879891342e-06,1.1005612336652861e-06,8.008420580905338e-07,4.884395480402199e-07,1.6609862151300742e-07,-1.6272828540864385e-07,-4.939787920558215e-07,-8.231121630764569e-07,-1.1452847908740416e-06,-1.4555761483102256e-06,-1.749266734113019e-06,-2.02216335824517e-06,-2.270960555982716e-06,-2.493620352817998e-06,-2.6897454869112896e-06,-2.860910883646602e-06,-3.010900355143254e-06,-3.1457588484089397e-06,-3.2734945409967127e-06,-3.403080752053836e-06,-3.5419192206176647e-06,-3.246551501024646e-06,-2.952177249173968e-06,-2.6600897740000997e-06,-2.3719305200728917e-06,-2.0893082601884538e-06,-1.8136455478092917e-06,-1.5461309898126074e-06,-1.2877198393484376e-06,-1.0391555481676653e-06,-8.009991884230092e-07,-5.736604899701505e-07,-3.5742734577453465e-07,-1.5249223459997497e-07,4.1025097326428524e-08,2.2305878142550463e-07,3.935815332530214e-07,5.525924664922373e-07,7.001074838419353e-07,8.361517049946584e-07,9.60753416694616e-07,1.0739390657655547e-06,1.1757288484631115e-06,1.2661324698475287e-06,1.3451446501590552e-06,1.412739938987624e-06,1.4688663617692752e-06,1.5134373680866299e-06,1.5463214805906387e-06,1.5673289620974099e-06,1.5761947313122971e-06,1.5725566634208117e-06,1.5559282921444387e-06,1.525664743006335e-06,1.480920468772522e-06,1.4205973714495135e-06,1.3432839851564427e-06,1.247195502739269e-06,1.1301539713416787e-06,9.897292214213612e-07,8.238795338780683e-07,7.564251549933809e-07,6.879928648083805e-07,6.190398343545885e-07,5.501644308762881e-07,4.819614697507502e-07,4.149643023209605e-07,3.4962619335995496e-07,2.863193667245617e-07,2.2534162861073157e-07,1.6692582372355946e-07,1.1124988651658597e-07,5.844640353790375e-08,8.611181163340758e-09,-3.818936945458849e-08,-8.191202390006236e-08,-1.225315904230074e-07,-1.6003662554384794e-07,-1.9442580535885565e-07,-2.257047264642036e-07,-2.5388290314794213e-07,-2.789707133015395e-07,-3.009760114853992e-07,-3.199000562003264e-07,-3.357322751161955e-07,-3.484432410427974e-07,-3.579752937157174e-07,-3.6423114772028495e-07,-3.6706433181425123e-07,-3.66285014771963e-07,-3.617201114444014e-07,3.7984472923891684e-06,3.5797138948338137e-06,3.3751343907797316e-06,3.1789201004166473e-06,2.9839673101279536e-06,2.7836896909030458e-06,2.572633502357874e-06,2.3466290643801603e-06,2.102767995830752e-06,1.8393251942428668e-06,1.5556728445203096e-06,1.2522051323079344e-06,9.302781820617419e-07,5.92162583789233e-07,2.410005840997265e-07,-1.1924430818206903e-07,-4.83860872627248e-07,-8.475041326440322e-07,-1.2043660923730948e-06,-1.5484155201774105e-06,-1.8737118396887594e-06,-2.174789073826597e-06,-2.4470966233626885e-06,-2.6874760052314774e-06,-2.894646483015844e-06,-3.0696647474410765e-06,-3.216301993709534e-06,-3.3412332146685727e-06,-3.45381020768867e-06,-3.5649221073132372e-06,-3.6837448801512065e-06,-3.381464907963138e-06,-3.078895281588884e-06,-2.7777226843946096e-06,-2.4800247608527013e-06,-2.1877514474920577e-06,-1.902558081877972e-06,-1.6257797998763816e-06,-1.3584582488125237e-06,-1.1013838573187096e-06,-8.551400908437511e-07,-6.201445540396929e-07,-3.9668516757045676e-07,-1.8495079014787118e-07,1.4943657498326468e-08,2.0293708875695916e-07,3.790064733688998e-07,5.431546265947478e-07,6.954008318561929e-07,8.357736320895588e-07,9.643052049680871e-07,1.0810268095153449e-06,1.1859648465974535e-06,1.2791371081298547e-06,1.360548797291131e-06,1.4301878831848432e-06,1.488019307993641e-06,1.5339774932670206e-06,1.5679564972935805e-06,1.5897970628904484e-06,1.5992696725442538e-06,1.5960526013356842e-06,1.5797038137539987e-06,1.5496253181040115e-06,1.5050181062923526e-06,1.4448249882362992e-06,1.367658601346393e-06,1.271719822551644e-06,1.1547443253025025e-06,1.0141205281362354e-06,8.476067357969344e-07,7.779000682601207e-07,7.069283126555989e-07,6.352676475492618e-07,5.636473610869327e-07,4.927609446457561e-07,4.2320432617121876e-07,3.554651056387366e-07,2.8993064966271956e-07,2.2690189109646165e-07,1.6660788799619584e-07,1.0921932189328629e-07,5.486031617864006e-08,3.618397529796606e-09,-4.444733332758657e-08,-8.9299618459558e-08,-1.3091777920716607e-07,-1.6929348612765225e-07,-2.0442728304216398e-07,-2.3632560142655415e-07,-2.649980149627603e-07,-2.904544862640271e-07,-3.1270233628731764e-07,-3.3174259819573177e-07,-3.4756525645745e-07,-3.6014257280256637e-07,-3.6941931052059335e-07,-3.7529921353691553e-07,-3.7763061397464394e-07,-3.76207213567035e-07,-3.7083533658625143e-07,3.932201871997795e-06,3.7361524305301667e-06,3.552026250381995e-06,3.3732153646900697e-06,3.191761360505802e-06,3.0005047470217364e-06,2.7937089367070034e-06,2.567125337835178e-06,2.317888813715686e-06,2.0443812021372186e-06,1.7461146689771317e-06,1.4236461174627812e-06,1.078523705478644e-06,7.132601926662422e-07,3.3132252252675483e-07,-6.287827780885842e-08,-4.6401807963857604e-07,-8.65936938382043e-07,-1.261789148611592e-06,-1.644288177724867e-06,-2.0060578806623754e-06,-2.3400862314859157e-06,-2.6402624747734563e-06,-2.901968002490272e-06,-3.12268785014615e-06,-3.3026102356260453e-06,-3.445174651514757e-06,-3.557452887730401e-06,-3.650090020055754e-06,-3.7360708639758743e-06,-3.826622050433529e-06,-3.5160383909867206e-06,-3.2041959432870814e-06,-2.8932101109449683e-06,-2.585602438396875e-06,-2.2836271816396465e-06,-1.989111250998576e-06,-1.7034718969978956e-06,-1.4277794022889402e-06,-1.1628237045299378e-06,-9.091731231684121e-07,-6.672244182517217e-07,-4.3724423864394085e-07,-2.1940250328339948e-07,-1.379863676974737e-08,1.7951821192279131e-07,3.605338185709413e-07,5.292573490094037e-07,6.857127361519724e-07,8.299322164960303e-07,9.619514073812602e-07,1.0818054114715246e-06,1.1895255082324061e-06,1.2851360343632317e-06,1.3686510655000323e-06,1.440070491348121e-06,1.499375024158898e-06,1.5465195964034766e-06,1.5814244880096142e-06,1.6039633817488653e-06,1.6139473884146778e-06,1.6111039306565096e-06,1.5950492425085087e-06,1.5652530997240095e-06,1.520994041297852e-06,1.4613021879926043e-06,1.3848843046153717e-06,1.2900256997402349e-06,1.174498749225268e-06,1.035629252381904e-06,8.71060794611711e-07,7.986439630837961e-07,7.247725376937595e-07,6.501532772035269e-07,5.756486878275091e-07,5.020382331154414e-07,4.2996010311376735e-07,3.5991526989828543e-07,2.922878884549996e-07,2.273672350487926e-07,1.6536716052847577e-07,1.0644258702012368e-07,5.070305733526813e-08,-1.7764271265489914e-09,-5.094691298114289e-08,-9.677892397626427e-08,-1.3925739622783547e-07,-1.783777410489006e-07,-2.1414270478287616e-07,-2.4655973965633366e-07,-2.7563863445318806e-07,-3.013891753325073e-07,-3.238186098194271e-07,-3.429286535944122e-07,-3.587116604526114e-07,-3.7114524054017893e-07,-3.8018390182188414e-07,-3.85745105484073e-07,-3.8769073001911595e-07,-3.8581883767406296e-07,-3.79931802587934e-07,4.066408958921031e-06,3.899364393357887e-06,3.7407307043029964e-06,3.583095398554604e-06,3.4177541927338007e-06,3.2372190618065436e-06,3.035733632787838e-06,2.8091921062406155e-06,2.5549147736273956e-06,2.2714616934772836e-06,1.958495133750221e-06,1.616693482476055e-06,1.2477141968678314e-06,8.54199146478262e-07,4.3981092033290784e-07,9.282506675335929e-09,-4.3154561360151694e-07,-8.757364165295791e-07,-1.315357869409233e-06,-1.7417158761513637e-06,-2.1457442674090807e-06,-2.5185494382187167e-06,-2.8520761939784303e-06,-3.1398409694071398e-06,-3.377678740733304e-06,-3.5644695164211896e-06,-3.702832674099265e-06,-3.799776415188822e-06,-3.866910029745196e-06,-3.919332988593935e-06,-3.97049624389052e-06,-3.6495267553638753e-06,-3.3269365915550735e-06,-3.005260346435642e-06,-2.687405013033395e-06,-2.3758145372357596e-06,-2.0723674827590803e-06,-1.7784605897059635e-06,-1.4951168929997553e-06,-1.2230702790020169e-06,-9.6283396727459e-07,-7.147558035772121e-07,-4.790619794145076e-07,-2.5589074749864454e-07,-4.531788663128204e-08,1.5262436320918998e-07,3.379333764340582e-07,5.106259747158177e-07,6.707310231073656e-07,8.182840158262655e-07,9.533230500928745e-07,1.0758857118159967e-06,1.1860064802128121e-06,1.2837143046837196e-06,1.3690300196681257e-06,1.441963242598378e-06,1.502508346043544e-06,1.5506390052491462e-06,1.5863006953843376e-06,1.6094003509551357e-06,1.6197922154953984e-06,1.6172587351895885e-06,1.601485248818691e-06,1.5720272844771212e-06,1.5282694953020526e-06,1.4693751689259849e-06,1.3942227179985037e-06,1.3013170764452626e-06,1.1886600776264934e-06,1.0537398560875566e-06,8.942534070866635e-07,8.184500237279621e-07,7.41200076956126e-07,6.633355978842314e-07,5.858295630957533e-07,5.095079898823487e-07,4.350113113110922e-07,3.6282110645254853e-07,2.9329452669917764e-07,2.2669219125661158e-07,1.6320088892008602e-07,1.029517723915817e-07,4.6034596945827884e-08,-7.49139193017722e-09,-5.758927305330654e-08,-1.042383530755553e-07,-1.474296282840605e-07,-1.8716236759649423e-07,-2.2344146424002485e-07,-2.562752713124129e-07,-2.8567368711070247e-07,-3.116462938395885e-07,-3.342003837547369e-07,-3.533387333536228e-07,-3.6905699205288973e-07,-3.8134044674016754e-07,-3.901593212121194e-07,-3.954600399528981e-07,-3.9714436477443944e-07,-3.9505112072510935e-07,-3.8900817751745843e-07,4.200990614626197e-06,4.070933086107084e-06,3.9437024309303985e-06,3.811150722877115e-06,3.6642346362895437e-06,3.4956479154223627e-06,3.3001237423852013e-06,3.0740020040124774e-06,2.8149545807657196e-06,2.5217852830972083e-06,2.19429441307025e-06,1.8332070510250876e-06,1.4401631281952105e-06,1.0177643687911632e-06,5.696699069333566e-07,1.0072617984237134e-07,-3.8289494334810385e-07,-8.735948041857283e-07,-1.3623496526981427e-06,-1.838893936309959e-06,-2.292146546311315e-06,-2.710888680171087e-06,-3.08462910668058e-06,-3.4045413768098757e-06,-3.6643606508452214e-06,-3.861184196025868e-06,-3.996199402149898e-06,-4.0754292839409405e-06,-4.110691631116488e-06,-4.118698839709644e-06,-4.1152877961535734e-06,-3.7809063195484325e-06,-3.4455837052384493e-06,-3.112217008978808e-06,-2.7838930892103284e-06,-2.463002798285428e-06,-2.1512568213000216e-06,-1.8498969722130655e-06,-1.5598117283453612e-06,-1.2816215742241913e-06,-1.0157473795207214e-06,-7.624645609426481e-07,-5.219445368873604e-07,-2.9428556921472284e-07,-7.953526127725522e-08,1.2229323853518563e-07,3.1120965875727723e-07,4.872383673249564e-07,6.504125138880364e-07,8.007698410954701e-07,9.383496374556334e-07,1.0631904298704519e-06,1.1753280957784647e-06,1.2747941186872526e-06,1.3616137225146755e-06,1.435803602309809e-06,1.4973689180419076e-06,1.5462991334921916e-06,1.5825621584903517e-06,1.6060960894488778e-06,1.6167976502443947e-06,1.6145062513946071e-06,1.5989825120591468e-06,1.5698803518687216e-06,1.5267127681666485e-06,1.4688136340559753e-06,1.3953005984978426e-06,1.3050400254263513e-06,1.1965775697473547e-06,1.0679391453830116e-06,9.172072446383875e-07,8.370359755620226e-07,7.557797126807042e-07,6.74362272393385e-07,5.937915796182714e-07,5.148545984823112e-07,4.381249891152847e-07,3.640229748903606e-07,2.9285197685609895e-07,2.2482693185004165e-07,1.600970004023717e-07,9.876332500183805e-08,4.089244833001996e-08,-1.3473803433023191e-08,-6.43111550268584e-08,-1.1160772375206472e-07,-1.5536029931390412e-07,-1.955716238008619e-07,-2.3224833859885088e-07,-2.6539934277743757e-07,-2.9503436379288934e-07,-3.211625865588573e-07,-3.437912369666945e-07,-3.629240992258283e-07,-3.78560109756097e-07,-3.9069246840556453e-07,-3.9930909713360245e-07,-4.043947458745541e-07,-4.059307125528889e-07,-4.038506143693298e-07,-3.98064189075178e-07,4.335846247746567e-06,4.253328548391642e-06,4.164629925187009e-06,4.061220337886808e-06,3.934362072181243e-06,3.778324646072491e-06,3.5889633783451547e-06,3.3633929244334746e-06,3.09979282347122e-06,2.797252602265448e-06,2.455668615629124e-06,2.07570325819021e-06,1.6588100657765694e-06,1.2073259613960456e-06,7.246315937817057e-07,2.1537739155984195e-07,-3.142404584627282e-07,-8.561978550013123e-07,-1.400450265778803e-06,-1.9349770715742706e-06,-2.4462202825331798e-06,-2.919975556205206e-06,-3.3426161798803352e-06,-3.702381027180119e-06,-3.990461302527654e-06,-4.201775327621984e-06,-4.335497617781997e-06,-4.395522601388215e-06,-4.391234272234432e-06,-4.340427615565476e-06,-4.260882216540521e-06,-3.908818324705499e-06,-3.5581682124886283e-06,-3.2120283426312467e-06,-2.8732704568330485e-06,-2.543645634321574e-06,-2.2244421493499336e-06,-1.9166057863059513e-06,-1.6208060177554229e-06,-1.3374991278693135e-06,-1.0669842982791593e-06,-8.094485895679146e-07,-5.650007641714361e-07,-3.3369580254997214e-07,-1.1555231882865161e-07,8.943520467364109e-08,2.81287869152794e-07,4.600363986185986e-07,6.257169764153515e-07,7.783683180280698e-07,9.180295753782257e-07,1.044738775754486e-06,1.1585315634076656e-06,1.2594400485838172e-06,1.3474915787557814e-06,1.4227072306195071e-06,1.4850997831404918e-06,1.5346708622999861e-06,1.5714068458772573e-06,1.595272977315121e-06,1.6062049676215654e-06,1.6040971977275902e-06,1.5887865810160403e-06,1.5600315039982227e-06,1.5174867658872817e-06,1.4606797195146401e-06,1.389002993938351e-06,1.3017575215284079e-06,1.198287587636893e-06,1.0780567831122479e-06,9.399586428043695e-07,8.540383048382078e-07,7.679782713729344e-07,6.827123017980823e-07,5.991085632733552e-07,5.177393983977945e-07,4.3903385728501605e-07,3.633077783938095e-07,2.907856930651001e-07,2.2162241052533772e-07,1.5592174964310937e-07,9.375122818327533e-08,3.5152924585428396e-08,-1.984874334127873e-08,-7.124153854798674e-08,-1.190215675931e-07,-1.6319058508067213e-07,-2.0375407146986146e-07,-2.407198146717439e-07,-2.7409679707500077e-07,-3.0389423918228295e-07,-3.301206915656344e-07,-3.5278312034990794e-07,-3.7188603699876926e-07,-3.87430977532374e-07,-3.9941725161750035e-07,-4.07846339228573e-07,-4.127353133816923e-07,-4.1414895896080675e-07,-4.122522648814146e-07,-4.0710079169866533e-07,4.4708452032481055e-06,4.450169300270609e-06,4.410265057173597e-06,4.3394830106612775e-06,4.234137279191576e-06,4.091198329096675e-06,3.908174038891963e-06,3.6832513236066455e-06,3.4152614469256243e-06,3.1036126814363655e-06,2.7482468264100648e-06,2.349643525932136e-06,1.9088833253367486e-06,1.4277806190707959e-06,9.091024186788994e-07,3.568933341130049e-07,-2.2307680465530017e-07,-8.227636914206711e-07,-1.431293601958684e-06,-2.034672712591396e-06,-2.616133667288378e-06,-3.157378217841102e-06,-3.6405019392475853e-06,-4.049961593830456e-06,-4.373947683675293e-06,-4.604950434283765e-06,-4.73976247078088e-06,-4.7792354474392555e-06,-4.727874188728956e-06,-4.594446212367473e-06,-4.407115566079715e-06,-4.031890998021005e-06,-3.6624696319167714e-06,-3.302800657221047e-06,-2.9536409854575955e-06,-2.61572872126167e-06,-2.2897494514225896e-06,-1.9762340107207346e-06,-1.67555667737514e-06,-1.387964493436547e-06,-1.113610501723422e-06,-8.525814149627086e-07,-6.049183720329104e-07,-3.7063179593569324e-07,-1.4971179961676923e-07,5.7864596443518355e-08,2.5212847455661017e-07,4.331155676250375e-07,6.00863860771766e-07,7.554119095601967e-07,8.967976375459235e-07,1.025057441735326e-06,1.1402254751642224e-06,1.2423329975154427e-06,1.331407690739756e-06,1.4074728278310817e-06,1.4705461591830461e-06,1.5206383391341708e-06,1.5577506521762678e-06,1.581871710755644e-06,1.592972687056363e-06,1.5910005310710373e-06,1.5758685938596388e-06,1.5474443505351221e-06,1.5055351502465754e-06,1.4498768979895865e-06,1.3801419441469986e-06,1.2960139705823328e-06,1.1974529020673804e-06,1.0854321279426608e-06,9.62559640217922e-07,8.691302501000249e-07,7.773384550889723e-07,6.880301047897919e-07,6.014253376780899e-07,5.177745982920553e-07,4.3730634084370257e-07,3.601953332508897e-07,2.865645377123351e-07,2.1649594262144487e-07,1.5004174379575408e-07,8.723331152808484e-08,2.8087765552827515e-08,-2.7387395351248833e-08,-7.91910923414662e-08,-1.2732646673082467e-07,-1.717993631221319e-07,-2.126172672336823e-07,-2.497885362242326e-07,-2.833218042742404e-07,-3.1322547758032526e-07,-3.395072591901313e-07,-3.621736795724308e-07,-3.81229686964033e-07,-3.966785532735182e-07,-4.085229040651773e-07,-4.1676914177494706e-07,-4.214418992893613e-07,-4.2262548905127897e-07,-4.2059312120342346e-07,-4.1612010466316163e-07,4.6058162185571946e-06,4.670662539288433e-06,4.6880883821067e-06,4.657893275539906e-06,4.579799251023615e-06,4.453501175609775e-06,4.278702104694117e-06,4.055140845955195e-06,3.782618766714388e-06,3.461032571235729e-06,3.090420720757173e-06,2.671033675303588e-06,2.203442748616629e-06,1.6887099909634969e-06,1.1286534290345903e-06,5.262594589787643e-07,-1.1368534450128759e-07,-7.836621326805572e-07,-1.4722590494272835e-06,-2.1631406394966614e-06,-2.835086789896595e-06,-3.4637668145955377e-06,-4.024986048104744e-06,-4.497937386439191e-06,-4.8669894598086295e-06,-5.121746103354353e-06,-5.256036565969784e-06,-5.2667630301924815e-06,-5.152937771158991e-06,-4.914934517942576e-06,-4.553745410133651e-06,-4.150018432985068e-06,-3.76038213828891e-06,-3.3848087919843023e-06,-3.023261949247296e-06,-2.6757012826502327e-06,-2.342084050976099e-06,-2.0223659575845387e-06,-1.71650168339798e-06,-1.4244452871015208e-06,-1.1461505395746623e-06,-8.81571221971893e-07,-6.306613998672585e-07,-3.933756790575798e-07,-1.696694455682132e-07,4.0500908880917405e-08,2.371777754312529e-07,4.204021304897582e-07,5.902133520711659e-07,7.46649050353575e-07,8.897449128960333e-07,1.0195345651395703e-06,1.1360494469983673e-06,1.2393187065838895e-06,1.3293691123762848e-06,1.4062249854983295e-06,1.4699081541680107e-06,1.5204379329057514e-06,1.5578311296440435e-06,1.5821020845258978e-06,1.5932627447798315e-06,1.5913227804992655e-06,1.5762897460893301e-06,1.548169290942681e-06,1.506965419282115e-06,1.4526807903835751e-06,1.3853170312469314e-06,1.304874990326519e-06,1.2113547761760812e-06,1.1047551519469342e-06,9.850720744828656e-07,8.83064697544521e-07,7.850051451283787e-07,6.908739440348323e-07,6.006484155948279e-07,5.143059200410688e-07,4.3182488243570373e-07,3.531851265354649e-07,2.783679153871828e-07,2.0735588315507653e-07,1.4013293369981248e-07,7.668413794766983e-08,1.6995642342186002e-08,-3.8945408148913554e-08,-9.115093291630986e-08,-1.3963196656113603e-07,-1.8439870038939442e-07,-2.2546051734531376e-07,-2.6282602312891053e-07,-2.9650307613077615e-07,-3.2649881868507185e-07,-3.5281971196948963e-07,-3.7547157655540375e-07,-3.944596399460497e-07,-4.097885909638406e-07,-4.2146263767130564e-07,-4.29485558730969e-07,-4.338607229025866e-07,-4.3459102028115736e-07,-4.3167855538940917e-07,-4.2512394983741506e-07,4.5699043799947165e-06,4.780772619147363e-06,4.9706189997367834e-06,5.131813054758525e-06,5.25608889176468e-06,5.34578274224681e-06,5.410562173643452e-06,5.465076820596933e-06,5.528167956254592e-06,5.622922740640328e-06,5.776867685002846e-06,6.02140164023135e-06,6.388863274764501e-06,6.903944190909029e-06,7.562592821617187e-06,8.284655163871306e-06,8.818033241879887e-06,8.582405267390098e-06,6.705166064803306e-06,2.464443838302019e-06,-3.5783227205051306e-06,-9.566399822588152e-06,-1.3639606280873164e-05,-1.5225881852053654e-05,-1.5028613300079691e-05,-1.3893532253077091e-05,-1.236678295235734e-05,-1.066451854006554e-05,-8.843316063983311e-06,-6.903692254600399e-06,-4.677128412111143e-06,-4.262679397759426e-06,-3.859550966316955e-06,-3.4727694612756903e-06,-3.1029652569879516e-06,-2.7496464657842346e-06,-2.412169341871467e-06,-2.0899671301971794e-06,-1.7825923014298195e-06,-1.489703961999585e-06,-1.2110445679572903e-06,-9.46418210286858e-07,-6.9567340477668e-07,-4.5869031668944365e-07,-2.353715904120761e-07,-2.563589480028777e-08,1.7058656190049082e-07,3.5335712057198003e-07,5.227307853404673e-07,6.787576679612116e-07,8.214839804954742e-07,9.509527327046703e-07,1.0672042483239504e-06,1.170276586995791e-06,1.2602059431138276e-06,1.3370270875523614e-06,1.4007739230958826e-06,1.4514802407861534e-06,1.489180795901503e-06,1.5139128751494319e-06,1.525718611162295e-06,1.5246484323310845e-06,1.5107662380240061e-06,1.484157192056915e-06,1.4449394566371156e-06,1.3932818044840371e-06,1.3294296878480182e-06,1.2537452167283514e-06,1.1667705556977485e-06,1.0694638612267261e-06,9.646551954106952e-07,8.690337051401421e-07,7.753646355547048e-07,6.845065280372555e-07,5.967067973839833e-07,5.121601526721601e-07,4.310218616259655e-07,3.534029780999377e-07,2.7937790618215965e-07,2.089939078179661e-07,1.422793195511295e-07,7.924970679838005e-08,1.9912220527147832e-08,-3.57313901399373e-08,-8.768269994793179e-08,-1.359451508656894e-07,-1.8052298936898822e-07,-2.214204320253643e-07,-2.586409345591826e-07,-2.9218646246900225e-07,-3.2205667419980614e-07,-3.482479397041316e-07,-3.707521489471844e-07,-3.8955536710305006e-07,-4.046366976528092e-07,-4.159685731567858e-07,-4.2352198658137295e-07,-4.272865134399938e-07,-4.2732964758789396e-07,-4.2396110758016086e-07,-4.179621852337464e-07,4.533454875713081e-06,4.934830336996157e-06,5.303267710156924e-06,5.636025142744597e-06,5.93340796984458e-06,6.204758609629386e-06,6.46853877240412e-06,6.750456621549267e-06,7.082648131749872e-06,7.5036975220931295e-06,8.058626758780692e-06,8.797493924158418e-06,9.770188617116984e-06,1.1012804780217088e-05,1.2516746266911848e-05,1.4164437424012341e-05,1.5605335665439716e-05,1.603630689563756e-05,1.3760983509371587e-05,6.963113374479219e-06,-4.259712240239369e-06,-1.541714778437893e-05,-2.2012707531404354e-05,-2.3929903250971716e-05,-2.295210316677051e-05,-2.0727554136820536e-05,-1.7996392757284976e-05,-1.5035966110675925e-05,-1.189079054454712e-05,-8.496026740817263e-06,-4.795698151236025e-06,-4.357720091491465e-06,-3.941003128407168e-06,-3.5446130921661192e-06,-3.1679200404438927e-06,-2.809760936955847e-06,-2.4689724903735262e-06,-2.144581127451756e-06,-1.8358287599558344e-06,-1.5421431656841515e-06,-1.2630970929555015e-06,-9.983711925756105e-07,-7.477244915063367e-07,-5.10972211412211e-07,-2.8796961544994336e-07,-7.860045876462965e-08,1.1723117540701184e-07,2.996066060176112e-07,4.6859656339481505e-07,6.242639988250177e-07,7.666660725000635e-07,8.95855594058101e-07,1.0118821177014153e-06,1.1147928463490119e-06,1.2046334715908682e-06,1.2814490657865005e-06,1.3452851490377545e-06,1.3961890789173156e-06,1.4342119597429832e-06,1.459411349532227e-06,1.471855170408385e-06,1.4716274224688213e-06,1.4588365902662943e-06,1.4336280515524778e-06,1.3962024046434218e-06,1.346842527457543e-06,1.2859539560947623e-06,1.2141282513369627e-06,1.1322594896979417e-06,1.0418441507808144e-06,9.442074211574553e-07,8.532849030054784e-07,7.6340892086834e-07,6.75247818011469e-07,5.894545823481097e-07,5.064370979854176e-07,4.264837740451138e-07,3.497983339172198e-07,2.7652130222106904e-07,2.067472312073941e-07,1.4053818745683256e-07,7.79337768756249e-08,1.8958337619686172e-08,-3.63739854714279e-08,-8.805566513910591e-08,-1.360832319424663e-07,-1.8045537045746466e-07,-2.2117140301032694e-07,-2.582299538740378e-07,-2.9162762359793335e-07,-3.213575250732538e-07,-3.4740755360229556e-07,-3.6975831231701184e-07,-3.8838075701532217e-07,-4.0323400798557484e-07,-4.1426472185035054e-07,-4.2141153433886063e-07,-4.246218538220731e-07,-4.238905118323653e-07,-4.1929637999416897e-07,-4.107817936084579e-07,4.495996582112892e-06,5.110413535270672e-06,5.677152195341656e-06,6.1975767918214085e-06,6.679972922982363e-06,7.142296582584366e-06,7.611489360446829e-06,8.12233282668918e-06,8.716738329874896e-06,9.443468443547635e-06,1.0357410196766247e-05,1.1516853786718345e-05,1.2976158547884085e-05,1.4769321105810007e-05,1.6876994321336187e-05,1.9165563719712898e-05,2.1280784387705507e-05,2.2461912535214883e-05,2.12100123473214e-05,1.2828422410153906e-05,-4.996572016770901e-06,-2.274355501704436e-05,-3.088260939288131e-05,-3.170132166776394e-05,-2.9850906020709768e-05,-2.6763398726455164e-05,-2.3109864067929934e-05,-1.9133497454944223e-05,-1.4841048876546735e-05,-1.0134122358502358e-05,-4.905759236643023e-06,-4.446841357980552e-06,-4.015466021403765e-06,-3.609245712449725e-06,-3.2256552043676458e-06,-2.862654345155063e-06,-2.518540595230391e-06,-2.191956606231966e-06,-1.881855030497266e-06,-1.5874432284255453e-06,-1.3081264105778659e-06,-1.0434584297058534e-06,-7.931025728253507e-07,-5.568017124895004e-07,-3.343561910182293e-07,-1.2560771051171683e-07,6.957227593859975e-08,2.512908761495115e-07,4.196396965444137e-07,5.74699095851463e-07,7.165412651657891e-07,8.452325114554434e-07,9.608350266545574e-07,1.063408360482263e-06,1.1530107765340155e-06,1.2297006547109576e-06,1.2935381077141742e-06,1.344587006661414e-06,1.3829176651215422e-06,1.4086105193306032e-06,1.4217612755211712e-06,1.4224881861940244e-06,1.4109423790836202e-06,1.3873225049842927e-06,1.3518954001067282e-06,1.3050250039354886e-06,1.2472127480822475e-06,1.1791534558822957e-06,1.1018134588908988e-06,1.0163410653482831e-06,9.237355242385839e-07,8.362983528079632e-07,7.49448547426799e-07,6.637986106751399e-07,5.800164006364916e-07,4.986261868737408e-07,4.2000226859240656e-07,3.4441302803149896e-07,2.720488586405642e-07,2.0304288736793167e-07,1.3748679067230598e-07,7.544272911791096e-08,1.6952164593882954e-08,-3.795771175008645e-08,-8.926929931167078e-08,-1.369711317226776e-07,-1.810552337703841e-07,-2.2151497185552835e-07,-2.583431428746166e-07,-2.9153008811346585e-07,-3.210616460392336e-07,-3.469167838151393e-07,-3.690647993299163e-07,-3.874621095353541e-07,-4.02048916698284e-07,-4.1274654551705427e-07,-4.194567925559111e-07,-4.220635008185398e-07,-4.204281153031954e-07,-4.143395761094351e-07,-4.0357607107052296e-07,4.456985235289758e-06,5.304407535363215e-06,6.084299811308182e-06,6.804584992896704e-06,7.481644165007e-06,8.141278244688665e-06,8.817498733128274e-06,9.551360968226759e-06,1.0390094841984544e-05,1.1386127455537892e-05,1.2595067187324196e-05,1.4071050909468098e-05,1.5856932589475376e-05,1.7965472788426053e-05,2.0346084023439083e-05,2.2829932165845203e-05,2.504489687524074e-05,2.6285569227434065e-05,2.5254143886979428e-05,2.082006015002021e-05,-5.775439785589103e-06,-3.22780817322402e-05,-3.642310365237883e-05,-3.693706996966162e-05,-3.489456954064553e-05,-3.151061481877272e-05,-2.7377697598033025e-05,-2.272246591346581e-05,-1.753835079571325e-05,-1.1685324105437527e-05,-5.003372048382959e-06,-4.5273860222610475e-06,-4.083317671815433e-06,-3.6678535032710294e-06,-3.277657378407937e-06,-2.9099705734213374e-06,-2.5626250675051533e-06,-2.2339283660589007e-06,-1.9225759432962994e-06,-1.6275721041500135e-06,-1.3481609141242087e-06,-1.0837686663010924e-06,-8.339580077005041e-07,-5.983925037156942e-07,-3.768098701566708e-07,-1.6900206315292247e-07,2.5199376777598047e-08,2.059340461528297e-07,3.7332050582251054e-07,5.274620137127818e-07,6.684507691654142e-07,7.963711269032908e-07,9.113021299722466e-07,1.0133196354572738e-06,1.102498259130673e-06,1.1789133419338306e-06,1.2426431406370778e-06,1.2937714673256202e-06,1.332391049281781e-06,1.3586079550839682e-06,1.3725475363772618e-06,1.3743624656276476e-06,1.3642435946963966e-06,1.3424344803114872e-06,1.3092504343841524e-06,1.265102706043827e-06,1.2105271338290343e-06,1.146212967915454e-06,1.0729951307296548e-06,9.917690373103783e-07,9.032429131747721e-07,8.184383241815169e-07,7.340999383203372e-07,6.507472723139914e-07,5.689895105369213e-07,4.893478518867375e-07,4.122267803275839e-07,3.3792846268615486e-07,2.666755172303971e-07,1.9862980423905846e-07,1.3390756118016092e-07,7.259133343319068e-08,1.4739198800279373e-08,-3.9608202376708994e-08,-9.042232880099258e-08,-1.3768263987293576e-07,-1.8137335378077605e-07,-2.214807432420249e-07,-2.579907023067491e-07,-2.9088635503874174e-07,-3.2014550416728685e-07,-3.45737743855246e-07,-3.676210999953083e-07,-3.8573812829585876e-07,-4.000114830264734e-07,-4.1033893524214343e-07,-4.165871139652945e-07,-4.185808401334477e-07,-4.160801404711266e-07,-4.0876732945668303e-07,-3.9633854591291885e-07,4.415821200850085e-06,5.507303418202356e-06,6.505655358799233e-06,7.426527680259477e-06,8.294784582429343e-06,9.142997648811907e-06,1.0009957857992362e-05,1.093939610619883e-05,1.1978650688708569e-05,1.3176667980461184e-05,1.4580312325329945e-05,1.622739464001001e-05,1.81340529216401e-05,2.027311488390076e-05,2.25387809052171e-05,2.469109096164492e-05,2.6267996569738977e-05,2.6431809626595196e-05,2.3675801670520975e-05,1.3391848124976028e-05,-6.54951294862883e-06,-2.6381559028437443e-05,-3.6325569897783894e-05,-3.8474210323184085e-05,-3.737162729023855e-05,-3.442952142580408e-05,-3.0354286667160825e-05,-2.5434514294811833e-05,-1.969030727595743e-05,-1.2970716815187649e-05,-5.084649553498273e-06,-4.596001990866152e-06,-4.142063897611705e-06,-3.7190449861165956e-06,-3.3232151212329454e-06,-2.951458370328189e-06,-2.6012977070245545e-06,-2.270796541716206e-06,-1.958450119519191e-06,-1.6630952191142649e-06,-1.3838352591786122e-06,-1.1199791167016987e-06,-8.709921178684655e-07,-6.364575869896613e-07,-4.1604720806699597e-07,-2.0949849320365322e-07,-1.659782412356583e-08,1.628322326322358e-07,3.2894239420547064e-07,4.818637513391155e-07,6.217131328229093e-07,7.485972505079861e-07,8.62616019062886e-07,9.638653639223668e-07,1.0524397772212762e-06,1.1284348515548375e-06,1.1919500127574873e-06,1.2430916838632987e-06,1.2819771413270603e-06,1.308739368235553e-06,1.323533259875763e-06,1.3265435767396751e-06,1.317995030958569e-06,1.2981647578372504e-06,1.267397020374255e-06,1.2261189667337474e-06,1.1748539643652182e-06,1.114221703382907e-06,1.0449083077607856e-06,9.675801711301545e-07,8.827328151432862e-07,7.999953787830166e-07,7.177956405812373e-07,6.365537094196429e-07,5.567843913167909e-07,4.789596265734843e-07,4.0346956734719776e-07,3.306220743881174e-07,2.606539988965076e-07,1.937446359012976e-07,1.3002795500445942e-07,6.960303228220795e-08,1.254263432551852e-08,-4.1099869352081075e-08,-9.128499038384905e-08,-1.3798269465828095e-07,-1.8116876518862838e-07,-2.208216813171772e-07,-2.569197698627982e-07,-2.89438409572191e-07,-3.183470916830965e-07,-3.436061586198904e-07,-3.651630606042933e-07,-3.829479719777263e-07,-3.9686853555473835e-07,-4.0680318304271335e-07,-4.12591683466059e-07,-4.140205023527061e-07,-4.108055494190995e-07,-4.0259331929551e-07,-3.8906454075804083e-07,4.371871089499059e-06,5.705604490947312e-06,6.915795252023912e-06,8.025833486088262e-06,9.068517620003492e-06,1.008168889711761e-05,1.1106350899687227e-05,1.2185222436909913e-05,1.3360843815601915e-05,1.4672469221498546e-05,1.6150706613605427e-05,1.7808394393152545e-05,1.962556081321564e-05,2.152545517599199e-05,2.333737036382074e-05,2.4739354263882157e-05,2.5167109868508983e-05,2.365950024172977e-05,1.849752412286995e-05,8.035141785280772e-06,-7.270379272570994e-06,-2.2449353876747405e-05,-3.2519101897334766e-05,-3.698252027195061e-05,-3.741637699146833e-05,-3.543647154430139e-05,-3.186017588090495e-05,-2.705868488277319e-05,-2.1103160233978627e-05,-1.3862621107184683e-05,-5.146264545363397e-06,-4.649627876758654e-06,-4.18914756977482e-06,-3.76086078714219e-06,-3.3609500968247923e-06,-2.9861889125973678e-06,-2.6339716346828656e-06,-2.302229512895255e-06,-1.9893317067356407e-06,-1.6939970852667715e-06,-1.4152210065815887e-06,-1.152215308198337e-06,-9.043597282327066e-07,-6.711631277093361e-07,-4.522329726848234e-07,-2.4725161183332654e-07,-5.595801235169338e-08,1.218662141887029e-07,2.8640747974309067e-07,4.378283869481363e-07,5.762740428537901e-07,7.018770344194043e-07,8.147614760218336e-07,9.150464600466207e-07,1.00284918569218e-06,1.0782880055648752e-06,1.1414856115181065e-06,1.1925725770609707e-06,1.231691478620472e-06,1.2590018236193506e-06,1.2746860044543035e-06,1.2789564461179848e-06,1.2720639714747242e-06,1.2543070860793508e-06,1.2260412277083543e-06,1.1876857890051276e-06,1.1397242795717084e-06,1.0826901215639466e-06,1.017127663234101e-06,9.435220027003038e-07,8.622089935631757e-07,7.811733329818379e-07,7.008473220081155e-07,6.215558860017218e-07,5.437141268955353e-07,4.677253545310085e-07,3.939425954128604e-07,3.2265891064460147e-07,2.541100978776029e-07,1.884819397915839e-07,1.2591860200238052e-07,6.653071938078483e-08,1.0402636115462491e-08,-4.240136013033872e-08,-9.183177170576249e-08,-1.3784945123554928e-07,-1.8042180146942142e-07,-2.1951941398374828e-07,-2.5511294913116873e-07,-2.871700694119413e-07,-3.156522497414382e-07,-3.405112965821557e-07,-3.6168540481910644e-07,-3.7909454200013484e-07,-3.926348190600224e-07,-4.021712224729761e-07,-4.075277385658937e-07,-4.084747482820421e-07,-4.04718182016952e-07,-3.9591115185667514e-07,-3.8175106626846375e-07,4.324500363390951e-06,5.884908664576435e-06,7.288675123440828e-06,8.565907350941462e-06,9.75586810919059e-06,1.0899752960326966e-05,1.2038302139160595e-05,1.3210133359752644e-05,1.4449340585382903e-05,1.5781484330461123e-05,1.7217012465416172e-05,1.874082352821908e-05,2.0296247271930938e-05,2.176120974067291e-05,2.2913782590346377e-05,2.338387144978887e-05,2.2590040992519738e-05,1.9674552677245598e-05,1.368376314782696e-05,4.123248764786431e-06,-7.897980830021007e-06,-1.9775452859482152e-05,-2.8891198324749315e-05,-3.409485965676896e-05,-3.580899432997531e-05,-3.4880110239094686e-05,-3.2016277027793297e-05,-2.7596911900877368e-05,-2.1728308735821277e-05,-1.4313557220433716e-05,-5.185822483483978e-06,-4.685937662740896e-06,-4.222463858569753e-06,-3.7915254983642606e-06,-3.3894444100742764e-06,-3.013077680093995e-06,-2.6598418760089766e-06,-2.3276472851727632e-06,-2.0148156496946624e-06,-1.7200038872566695e-06,-1.4421386871631923e-06,-1.1803619215833586e-06,-9.339856448543006e-07,-7.024554403988641e-07,-4.853209320233315e-07,-2.822123289108857e-07,-9.28219429252827e-08,8.311028405728741e-08,2.458080847784268e-07,3.954677182449842e-07,5.322649622699173e-07,6.563607332445317e-07,7.679057293782068e-07,8.670444218639547e-07,9.539186640359765e-07,1.0286711494277252e-06,1.0914489225425e-06,1.1424071264991602e-06,1.181713152471206e-06,1.2095513256562112e-06,1.22612820288801e-06,1.2316784379924948e-06,1.2264709457969263e-06,1.210814693071021e-06,1.1850627687849752e-06,1.1496123055431544e-06,1.104896462156078e-06,1.0513634201110027e-06,9.894380844912853e-07,9.194681349129825e-07,8.416759231580565e-07,7.621160515882656e-07,6.834794062018878e-07,6.060080301184672e-07,5.300245496283781e-07,4.55860299639673e-07,3.8382107623402053e-07,3.141731884503434e-07,2.4714024964477205e-07,1.8290537672576805e-07,1.216158403658129e-07,6.338858848014452e-08,8.315814789512121e-09,-4.352982635210592e-08,-9.209051398635072e-08,-1.3731907261381604e-07,-1.7917522753685995e-07,-2.176221845125052e-07,-2.5262339501996835e-07,-2.841393623784489e-07,-3.121243438336062e-07,-3.365228020748946e-07,-3.572654451063274e-07,-3.7426464682933285e-07,-3.874089428908342e-07,-3.9655617759604983e-07,-4.0152502729804107e-07,-4.0208581593178477e-07,-3.97955852366814e-07,-3.888161811408519e-07,-3.743965091870648e-07,4.273109627924465e-06,6.032249745134319e-06,7.6015742007350634e-06,9.016167383690773e-06,1.0319658292471353e-05,1.155452308801982e-05,1.275915763596378e-05,1.396600131545678e-05,1.5198810917131307e-05,1.646817989538696e-05,1.7764523035518353e-05,1.9047631006517893e-05,2.0231796349524972e-05,2.1165650212096748e-05,2.1606732054336034e-05,2.1194183356162814e-05,1.943378294917608e-05,1.575489788483898e-05,9.703676230846188e-06,1.3536787738863745e-06,-8.403308352856948e-06,-1.800005492813991e-05,-2.5855794359579104e-05,-3.103731606909894e-05,-3.3399205940461106e-05,-3.3288488298690094e-05,-3.112709230396666e-05,-2.7209606971624837e-05,-2.163840053205291e-05,-1.4346572339539045e-05,-5.2020276494590395e-06,-4.703455622350951e-06,-4.240526672745847e-06,-3.8096612032571983e-06,-3.407496038886183e-06,-3.0311207024482016e-06,-2.678096137000258e-06,-2.3464076427178275e-06,-2.034402975900692e-06,-1.7407322417593376e-06,-1.4642944086541084e-06,-1.2041912592489993e-06,-9.596884268346074e-07,-7.30182858976286e-07,-5.151759852559127e-07,-3.1425184094673646e-07,-1.2705939960769234e-07,4.670160138924051e-08,2.072920007739188e-07,3.549423027774796e-07,4.89860019663958e-07,6.12235692992109e-07,7.222479488424441e-07,8.200678821451396e-07,9.058630158004263e-07,9.798010401326078e-07,1.0420535043564262e-06,1.092799599198659e-06,1.132230130902331e-06,1.1605517298161875e-06,1.177991244110509e-06,1.1848001156927139e-06,1.1812582870144898e-06,1.1676768039783155e-06,1.1443977254805609e-06,1.111789257724112e-06,1.0702333765592826e-06,1.020103181826064e-06,9.617290675658916e-07,8.953593443170252e-07,8.211387540417104e-07,7.429247383034376e-07,6.658546181105035e-07,5.901022420415931e-07,5.159105761570519e-07,4.435435550286179e-07,3.732576489317367e-07,3.0528665171203594e-07,2.398350056637926e-07,1.7707636106337863e-07,1.1715515529453445e-07,6.018978275016028e-08,6.276471900643136e-09,-4.450665216900278e-08,-9.209560020250219e-08,-1.3643676832103904e-07,-1.774834246911677e-07,-2.1519239062866115e-07,-2.495208375964244e-07,-2.804231028593868e-07,-3.078474170940558e-07,-3.317324294370134e-07,-3.520034008167912e-07,-3.6856790808326615e-07,-3.8131086919945645e-07,-3.900887412547823e-07,-3.9472308805047475e-07,-3.94994944153249e-07,-3.9064473343068727e-07,-3.8139079499331794e-07,-3.670003210427826e-07,4.217168220017567e-06,6.1375297793231564e-06,7.83738504951561e-06,9.354691368519462e-06,1.0735088890258384e-05,1.202037377356409e-05,1.3245104831703203e-05,1.443459784972984e-05,1.5602137197188994e-05,1.674455200592382e-05,1.7835639579565038e-05,1.8817043993432198e-05,1.9586470670833913e-05,1.998391100978454e-05,1.9778626568184678e-05,1.8664569082063607e-05,1.628356794066386e-05,1.230295295441419e-05,6.575280139390921e-06,-6.768335591324178e-07,-8.768549646002782e-06,-1.6684913995648265e-05,-2.339781981271905e-05,-2.818225917918425e-05,-3.074622493341008e-05,-3.1134670952831364e-05,-2.9538988036196344e-05,-2.6130319037926237e-05,-2.0976998987784186e-05,-1.403077125215879e-05,-5.194657127234739e-06,-4.701543244929605e-06,-4.242484460905864e-06,-3.8143474629009738e-06,-3.4142098616856515e-06,-3.0395021026764474e-06,-2.688022021620981e-06,-2.3579067896600185e-06,-2.047592315211674e-06,-1.7557711351533782e-06,-1.4813528519642709e-06,-1.2234285277119787e-06,-9.812394106371463e-07,-7.541499535245392e-07,-5.416248828167252e-07,-3.4320996200960105e-07,-1.5851602298234176e-07,1.2794192512214996e-08,1.7101683757271817e-07,3.1641584161349085e-07,4.492302581730563e-07,5.696804209032038e-07,6.779732009426119e-07,7.743066129608682e-07,8.588739753302968e-07,9.318677915544042e-07,9.934834827894727e-07,1.0439230605024153e-06,1.0833987770379075e-06,1.1121367200360287e-06,1.1303802106372187e-06,1.1383927082429104e-06,1.1364596982333207e-06,1.1248887312808163e-06,1.104006408027734e-06,1.074150736022544e-06,1.0356571414802935e-06,9.888369491962927e-07,9.33949308707905e-07,8.711734378735726e-07,8.006032073917371e-07,7.236706148656357e-07,6.48090620913333e-07,5.739831411180553e-07,5.015256196755032e-07,4.309228247265432e-07,3.6238434992366443e-07,2.9610995528939894e-07,2.322812350027012e-07,1.7105786370169334e-07,1.1257691610861132e-07,5.695411458210034e-08,4.2861926464664735e-09,-4.5346168421752946e-08,-9.187517006379071e-08,-1.352426865373981e-07,-1.7539710377866754e-07,-2.1229022659963742e-07,-2.4587422950563616e-07,-2.7609859998925655e-07,-3.029070081758365e-07,-3.2623402758927963e-07,-3.4600162484585903e-07,-3.62115334151653e-07,-3.7446005928819347e-07,-3.828955728242769e-07,-3.872521817251176e-07,-3.8732805547219583e-07,-3.828921381609606e-07,-3.737022862471974e-07,-3.595627600111793e-07,4.156240916647086e-06,6.194182448268201e-06,7.985554127944158e-06,9.569042272593098e-06,1.0990011990741745e-05,1.22879307432636e-05,1.3492664308821321e-05,1.4622463236144991e-05,1.568138199105371e-05,1.6655392328713146e-05,1.750695965480436e-05,1.816817846769159e-05,1.8533101892318405e-05,1.8451014081823503e-05,1.7724569518472213e-05,1.6120554995082286e-05,1.3404457370498236e-05,9.409945768858902e-06,4.135235933594566e-06,-2.1697507434600762e-06,-8.986205664451008e-06,-1.5614163489737485e-05,-2.1341272586939418e-05,-2.5611011358352697e-05,-2.8108728667981123e-05,-2.8741591834614128e-05,-2.754748833624113e-05,-2.4594450835627872e-05,-1.9909655101661454e-05,-1.3455097967925787e-05,-5.1644007653987545e-06,-4.6802991513526095e-06,-4.228068406847783e-06,-3.8051103429041736e-06,-3.409019503034611e-06,-3.037636883328469e-06,-2.6890606212790063e-06,-2.3616358810287386e-06,-2.053934904281619e-06,-1.764732942008126e-06,-1.4929831768467023e-06,-1.237792358371632e-06,-9.983980995721973e-07,-7.741483261718865e-07,-5.644830821370591e-07,-3.689186999310702e-07,-1.870342114593292e-07,-1.8459790960410994e-08,1.3713302463309992e-07,2.8003960787557035e-07,4.1052926962820326e-07,5.288512890221026e-07,6.352401618484603e-07,7.299202538406067e-07,8.131100129008797e-07,8.850258604538893e-07,9.458858450746212e-07,9.95913097860911e-07,1.03533907329705e-06,1.0644064843869597e-06,1.0833717380265636e-06,1.092506537521258e-06,1.092098139295584e-06,1.0824475377317835e-06,1.063864639639605e-06,1.0366593642882724e-06,1.0011277414241079e-06,9.575328178571864e-07,9.060822049861153e-07,8.469090328990267e-07,7.800754557094604e-07,7.044037548255853e-07,6.30271908763832e-07,5.57758449372299e-07,4.86988692381065e-07,4.1811761333395074e-07,3.5131271599670927e-07,2.867408707693583e-07,2.2455956770147805e-07,1.6491191361399342e-07,1.0792445996515011e-07,5.370701887729354e-08,2.3537909545431455e-09,-4.6054696473839145e-08,-9.144918891804779e-08,-1.337690674021684e-07,-1.7295960621869854e-07,-2.0896919040046717e-07,-2.4174651161487297e-07,-2.7123773202321253e-07,-2.9738358910606587e-07,-3.2011640760859256e-07,-3.393569877337873e-07,-3.550113591153288e-07,-3.6696745153722284e-07,-3.750918902309402e-07,-3.7922748370817107e-07,-3.791927498125593e-07,-3.7478650424866633e-07,-3.6580443636551314e-07,-3.5208468807854915e-07,4.090005703252625e-06,6.1992403949804665e-06,8.04200534704754e-06,9.65577624008538e-06,1.1083657999441914e-05,1.2361552338729794e-05,1.3514339878949029e-05,1.4553984425275037e-05,1.5477370464058252e-05,1.6263277199444463e-05,1.6868501550731738e-05,1.7223578396613568e-05,1.7229158636193422e-05,1.675511089060243e-05,1.5645913602497508e-05,1.3737368900505018e-05,1.0889761199074459e-05,7.037591499040502e-06,2.2455607916050254e-06,-3.2525410094638274e-06,-9.057681019139883e-06,-1.4663672503358265e-05,-1.9553038614148395e-05,-2.3292513987725936e-05,-2.5590062937444767e-05,-2.6297031708572795e-05,-2.536725053883958e-05,-2.2799631161878492e-05,-1.8589967173388088e-05,-1.2707982023419512e-05,-5.112634554488562e-06,-4.640412100324732e-06,-4.197502523844299e-06,-3.781875473346391e-06,-3.3916725143907394e-06,-3.0251788235071587e-06,-2.6808287284431294e-06,-2.3572110241864847e-06,-2.0530676544349557e-06,-1.7672864823861802e-06,-1.4988901739253439e-06,-1.2470230089343876e-06,-1.010936958077635e-06,-7.899779297761182e-07,-5.835727570721761e-07,-3.912172459860302e-07,-2.124654272685645e-07,-4.692002793514957e-08,1.0577590334494697e-07,2.459463314074737e-07,3.738886676956191e-07,4.898794434744777e-07,5.941793576510966e-07,6.870378176479816e-07,7.686970697619578e-07,8.393959881225e-07,8.99373558020775e-07,9.488720477342088e-07,9.881398097208875e-07,1.017433583052773e-06,1.0370200804324349e-06,1.0471765335418283e-06,1.0481897442868988e-06,1.0403530633690693e-06,1.0239606299877769e-06,9.992982309467267e-07,9.666304046673855e-07,9.261841609628407e-07,8.781314037253819e-07,8.225760895397732e-07,7.595620099151101e-07,6.851592901831807e-07,6.12458484533226e-07,5.415072126177014e-07,4.7239041868516775e-07,4.052224432800926e-07,3.401344122086205e-07,2.772629592624235e-07,2.1674184128707175e-07,1.5869646925863017e-07,1.0324088453180686e-07,5.0476608026620204e-08,4.928378784552289e-10,-4.6632431722644517e-08,-9.08306935785675e-08,-1.3204084170528181e-07,-1.702068689280719e-07,-2.0527544079018743e-07,-2.371933961452872e-07,-2.6590519690142725e-07,-2.9135033424477957e-07,-3.134606955790391e-07,-3.321579075806913e-07,-3.473507042025071e-07,-3.589324423843794e-07,-3.667790371615286e-07,-3.707478741668515e-07,-3.70678806206163e-07,-3.6639946644318407e-07,-3.5773976304052265e-07,-3.445674152984036e-07,4.0182622131016e-06,6.152985952814094e-06,8.008371689100824e-06,9.619102150320795e-06,1.1024467833695516e-05,1.225599279572973e-05,1.3333701074883667e-05,1.4264437062920919e-05,1.5040235358344682e-05,1.56362801742986e-05,1.6008624828546497e-05,1.609228396152724e-05,1.5800831126295476e-05,1.5029303885293232e-05,1.3662873115030305e-05,1.1593866780197023e-05,8.748261357448177e-06,5.11892647872381e-06,7.971186752178188e-07,-4.010579801846986e-06,-8.991576305882964e-06,-1.3765690892268375e-05,-1.794281045105733e-05,-2.11803826357532e-05,-2.3221407229282522e-05,-2.3903227041354096e-05,-2.3140387856258526e-05,-2.0894127932350694e-05,-1.714292965895342e-05,-1.1865345589637003e-05,-5.041183911615165e-06,-4.582999509947087e-06,-4.151397311391508e-06,-3.7449025660433695e-06,-3.3621953981145593e-06,-3.00200772007927e-06,-2.663121466006318e-06,-2.344385767238114e-06,-2.0447312788452993e-06,-1.7631777138383645e-06,-1.4988353982288414e-06,-1.2509025465807363e-06,-1.018659801546955e-06,-8.014632188991617e-07,-5.987365391376783e-07,-4.099633134484432e-07,-2.3467924451079585e-07,-7.246495053510569e-08,7.706074687587002e-08,2.1424698294095025e-07,3.394164752349405e-07,4.528706562908554e-07,5.548943641436067e-07,6.457601393347561e-07,7.25732165359183e-07,7.950698703757186e-07,8.540311807925108e-07,9.028753817261969e-07,9.41865493417978e-07,9.71270015480053e-07,9.913638221020366e-07,1.0024279141511468e-06,1.0047476573963475e-06,9.986090788148639e-07,9.842927890752532e-07,9.620652045991732e-07,9.321670467098723e-07,8.947997581498111e-07,8.501118544739859e-07,7.981902931860166e-07,7.390696218365568e-07,6.659617657125531e-07,5.946922665535054e-07,5.252862918372202e-07,4.577982862786148e-07,3.923102306665421e-07,3.2892266049841576e-07,2.6774532835566404e-07,2.0888961951673992e-07,1.5246315177148295e-07,9.856639314287829e-08,4.729094098398623e-08,-1.2809204647445729e-09,-4.7075727040958424e-08,-9.002768613985177e-08,-1.300770869175375e-07,-1.6716842436011763e-07,-2.0124834407184103e-07,-2.3226347842826222e-07,-2.6015822065345545e-07,-2.848724712520744e-07,-3.0633939173846793e-07,-3.2448321649741255e-07,-3.3921721121737897e-07,-3.504419372374642e-07,-3.580441044611755e-07,-3.6189650430052475e-07,-3.6185988187360043e-07,-3.577883430789229e-07,-3.495416521870678e-07,-3.370125816181395e-07,3.940931629829445e-06,6.0583522249822954e-06,7.890832483945417e-06,9.469106192624876e-06,1.082756837704769e-05,1.1992934484623053e-05,1.2980760598752849e-05,1.3794034901515589e-05,1.4422093763256577e-05,1.4839515096406526e-05,1.5005225028080941e-05,1.486243017774494e-05,1.43403435612955e-05,1.3358994864885433e-05,1.1838525396122676e-05,9.713890941076748e-06,6.954446717995166e-06,3.585394042401981e-06,-2.9463041487926504e-07,-4.5068570961057785e-06,-8.801848877476821e-06,-1.2885422929179343e-05,-1.6454997772203694e-05,-1.9235968336328912e-05,-2.100777959730265e-05,-2.1613891237675878e-05,-2.09563628427085e-05,-1.8981035470683757e-05,-1.566122743098776e-05,-1.0985952971418904e-05,-4.9521137064341695e-06,-4.509455223787688e-06,-4.090642789768568e-06,-3.694713446489681e-06,-3.320848546541981e-06,-2.968204679016081e-06,-2.6359024854687955e-06,-2.323051722307518e-06,-2.028777749958665e-06,-1.7522412503152858e-06,-1.4926506827314927e-06,-1.2492688743771577e-06,-1.0214153202845973e-06,-8.084655172503306e-07,-6.098483446925893e-07,-4.2504223482038657e-07,-2.5357065929257605e-07,-9.499729489654547e-08,5.1078891080599994e-08,1.850284836890193e-07,3.071962999131965e-07,4.179058533778945e-07,5.174635754891023e-07,6.061627736217954e-07,6.842873061647627e-07,7.521149429441827e-07,8.099203612935305e-07,8.579776998588113e-07,8.965625570937878e-07,9.259532783664131e-07,9.464313277981598e-07,9.582804935943159e-07,9.617846390113366e-07,9.572237025271161e-07,9.448676967802567e-07,9.249685951154214e-07,8.9775028557262e-07,8.633973216629923e-07,8.220442650107512e-07,7.737697423116813e-07,7.186052045394889e-07,6.468282001911175e-07,5.770018252600565e-07,5.091354846373017e-07,4.4326117287808706e-07,3.7943563899936004e-07,3.177342146379706e-07,2.5824329586020347e-07,2.0105377038183354e-07,1.4625602627011793e-07,9.393656781078169e-08,4.417604048861759e-08,-2.9515993795679852e-09,-4.7379032583206755e-08,-8.904487287269842e-08,-1.2789249899811392e-07,-1.6386856909638282e-07,-1.9692132686600136e-07,-2.269987803624646e-07,-2.5404681514377645e-07,-2.7800729483840154e-07,-2.988162053092675e-07,-3.164019158425152e-07,-3.3068366626509924e-07,-3.41570448717927e-07,-3.4896054589537374e-07,-3.527421302342438e-07,-3.5279556471441357e-07,-3.489985178492071e-07,-3.4123617141911623e-07,-3.2942206802562643e-07,3.858049566476899e-06,5.920215862732622e-06,7.69880388616263e-06,9.21987225480073e-06,1.05122919275436e-05,1.1597847578796523e-05,1.248813640774679e-05,1.3183442516351117e-05,1.3672135731406399e-05,1.3930331987968534e-05,1.3922045249984422e-05,1.3600342100799256e-05,1.2910208112496974e-05,1.179392072626292e-05,1.0199565569453233e-05,8.092759309599546e-06,5.470554298314638e-06,2.375078650282033e-06,-1.0967397045023749e-06,-4.791195843399405e-06,-8.505993324608574e-06,-1.200814300265088e-05,-1.5057879072582141e-05,-1.7432759825875008e-05,-1.8946193045467427e-05,-1.9456915349495973e-05,-1.886936359702846e-05,-1.7127842639082927e-05,-1.4208542563967272e-05,-1.0111587870562155e-05,-4.8475624129009716e-06,-4.421320296708391e-06,-4.0163114366759776e-06,-3.632021965361179e-06,-3.268078118687913e-06,-2.9240214389120634e-06,-2.599286747918602e-06,-2.2932313562655547e-06,-2.0051702051843285e-06,-1.7344050261884694e-06,-1.480245702602528e-06,-1.2420247759629425e-06,-1.0191065569736751e-06,-8.108921856347438e-07,-6.168217340369702e-07,-4.363741999564249e-07,-2.690660337508335e-07,-1.1444867749677745e-07,2.789453147421104e-08,1.583518365295854e-07,2.772867320856526e-07,3.850416935775019e-07,4.81941865823431e-07,5.682986283059309e-07,6.444129638723998e-07,7.105785556389078e-07,7.670845262176402e-07,8.142177153874377e-07,8.522643679601114e-07,8.815110752015741e-07,9.022447844658493e-07,9.147516688605498e-07,9.193146415588348e-07,9.162093218484686e-07,9.056983312376321e-07,8.880239430324459e-07,8.633993641999416e-07,8.319993645055768e-07,7.939517704357291e-07,7.493330711571009e-07,6.98175770091892e-07,6.277702441549206e-07,5.594058863936347e-07,4.930815414181815e-07,4.288131725713238e-07,3.6663823012060573e-07,3.066115871979038e-07,2.487996440814325e-07,1.9327483680873412e-07,1.401112541563065e-07,8.938149579477822e-08,4.1154681532471865e-08,-4.504560978439857e-09,-4.753632211521399e-08,-8.78850311802774e-08,-1.254986298811938e-07,-1.6032742819082633e-07,-1.9232274629736002e-07,-2.2143542527887973e-07,-2.476142751265875e-07,-2.708045232758786e-07,-2.9094633129864923e-07,-3.079734635857612e-07,-3.218122218113505e-07,-3.3238080514225974e-07,-3.395893216210078e-07,-3.43340768360432e-07,-3.435334443567514e-07,-3.400655576562333e-07,-3.328435573451207e-07,-3.2179793041436173e-07,3.7697537654786894e-06,5.744689478894716e-06,7.44366684841653e-06,8.887732025006815e-06,1.0099996859545446e-05,1.1097424372121822e-05,1.1888182739958459e-05,1.2470781922091087e-05,1.2833848300189129e-05,1.2956336947680318e-05,1.2808365486787792e-05,1.235304230495149e-05,1.1549746044920403e-05,1.0359272224319257e-05,8.751029175115513e-06,6.71197922835945e-06,4.256306275299869e-06,1.4340229165050155e-06,-1.66375566508031e-06,-4.904979109648396e-06,-8.123371337257803e-06,-1.1131123136647433e-05,-1.3735270499163943e-05,-1.5754373056072347e-05,-1.7032173123371418e-05,-1.744613396736087e-05,-1.691059679809828e-05,-1.5375918069783215e-05,-1.2825391694478434e-05,-9.269613563534526e-06,-4.7296233561529394e-06,-4.320182087713192e-06,-3.92957671264706e-06,-3.5576710852978027e-06,-3.2044696560065654e-06,-2.869848001738562e-06,-2.553519584048339e-06,-2.2550660311832343e-06,-1.9739777675245772e-06,-1.7096900009663073e-06,-1.4616109859082396e-06,-1.2291429614415662e-06,-1.0116969960754601e-06,-8.087030070016386e-07,-6.196160498748705e-07,-4.439197732734878e-07,-2.811277499756112e-07,-1.3078324508703595e-07,7.542142096839956e-09,1.3425062337502914e-07,2.4972089090321774e-07,3.5431110463654985e-07,4.4836203366264006e-07,5.322002150651351e-07,6.061410102766536e-07,6.704914451828394e-07,7.25552718154245e-07,7.716222512784497e-07,8.089951464674541e-07,8.379648927050729e-07,8.588231577183898e-07,8.718584929075876e-07,8.773537927485888e-07,8.755823897721263e-07,8.668027464664705e-07,8.51251841356076e-07,8.291375596813601e-07,8.006307350379276e-07,7.658580779910987e-07,7.248984813487889e-07,6.777883830487403e-07,6.087957104320514e-07,5.419159281083814e-07,4.771413019851679e-07,4.144767794863274e-07,3.5394530893578134e-07,2.95585311726622e-07,2.394461942398195e-07,1.8558392777273058e-07,1.3405737821069443e-07,8.492556477198565e-08,3.824582517403251e-08,-5.927218445386785e-09,-4.7542027747481564e-08,-8.654998776609145e-08,-1.2290484393371376e-07,-1.5656184600053542e-07,-1.8747669109905221e-07,-2.1560434377977785e-07,-2.408978013856426e-07,-2.633068702273402e-07,-2.827770229174975e-07,-2.9924842096229044e-07,-3.126552100492978e-07,-3.2292522870422366e-07,-3.299803143402763e-07,-3.337374474113156e-07,-3.3411106230953385e-07,-3.310170416371951e-07,-3.24379422484772e-07,-3.1414235102642773e-07,3.67626849508023e-06,5.538486463120743e-06,7.1376519313834625e-06,8.489784582884441e-06,9.61231910109711e-06,1.0517667674368404e-05,1.1211062463035749e-05,1.1689915708236e-05,1.1943851852609121e-05,1.1955260950904433e-05,1.1700499170659422e-05,1.1151976508862433e-05,1.0281387770122134e-05,9.064253434733084e-06,7.485716736499334e-06,5.547187070960304e-06,3.2729796840675905e-06,7.157071123172962e-07,-2.040985821108221e-06,-4.883516920264276e-06,-7.67378552120993e-06,-1.0258430324350798e-05,-1.2480480401260157e-05,-1.419137815206431e-05,-1.526140617096252e-05,-1.5587221862032826e-05,-1.5096209447211974e-05,-1.3748199272976935e-05,-1.153504937400151e-05,-8.476240912163257e-06,-4.600267723088908e-06,-4.207601186848575e-06,-3.831648928998887e-06,-3.4725798899322824e-06,-3.1307064514199417e-06,-2.8061815241795416e-06,-2.4989547491209967e-06,-2.2088016703246883e-06,-1.9353672697580995e-06,-1.67820649911313e-06,-1.4368175965128404e-06,-1.2106680141435377e-06,-9.992138912954423e-07,-8.019141958694123e-07,-6.182405750297709e-07,-4.476838084799697e-07,-2.897576088959473e-07,-1.440003809383069e-07,-9.9754365445119e-09,1.1272993057491213e-07,2.2450618561468328e-07,3.257238443561599e-07,4.167360988765301e-07,4.978815947926834e-07,5.694872008061189e-07,6.318706248809389e-07,6.853427368851325e-07,7.302094568860927e-07,7.667730639408854e-07,7.953327753010224e-07,8.161844447930627e-07,8.296192370863554e-07,8.359211584615641e-07,8.353633722326826e-07,8.282033064133654e-07,8.146766812220602e-07,7.949907564113221e-07,7.693173509907784e-07,7.377866086863486e-07,7.004833568349482e-07,6.574501273840971e-07,5.899096693696396e-07,5.245381175495258e-07,4.613241463414889e-07,4.002655140253262e-07,3.4137442888370483e-07,2.846761108962383e-07,2.302055114661737e-07,1.7800391605328949e-07,1.2811603131485762e-07,8.058774111370077e-08,3.546454584521627e-08,-7.20937441026227e-09,-4.739156328568454e-08,-8.504125722288283e-08,-1.2011901638300881e-07,-1.5258610477168407e-07,-1.824036966759757e-07,-2.0953197747697928e-07,-2.3392920115263483e-07,-2.5555076573867404e-07,-2.7434837264725646e-07,-2.902693465790698e-07,-3.032562097842509e-07,-3.132466269539945e-07,-3.2017386420618675e-07,-3.239679390638823e-07,-3.2455769101320644e-07,-3.2187412506892073e-07,-3.158557371472687e-07,-3.0645760348823677e-07,3.5778873430361637e-06,5.308398962231931e-06,6.792942851798559e-06,8.042746443223802e-06,9.069886296817181e-06,9.88259986855759e-06,1.0483615545987917e-05,1.08696922197912e-05,1.1031801754784811e-05,1.0955847845916363e-05,1.0623994527043468e-05,1.0016737684598868e-05,9.115834629419588e-06,7.908111386280517e-06,6.389991395698076e-06,4.572347425068621e-06,2.4850192493360944e-06,1.8014726546782616e-07,-2.2665539295790737e-06,-4.757245348752929e-06,-7.176350001516542e-06,-9.397501287057694e-06,-1.1292131773090477e-05,-1.2738465836134989e-05,-1.3629717193847733e-05,-1.3880668045731778e-05,-1.3432350727200432e-05,-1.225493732229145e-05,-1.034858736214851e-05,-7.739613223697077e-06,-4.461300649020007e-06,-4.085062516829775e-06,-3.7237278203223957e-06,-3.377701370816785e-06,-3.0475342728031777e-06,-2.73359836229999e-06,-2.4360333930610105e-06,-2.1547738429663916e-06,-1.8895934616331787e-06,-1.6401485120056757e-06,-1.406014555457873e-06,-1.1867160582088925e-06,-9.817494313021073e-07,-7.906004455840713e-07,-6.127569714727403e-07,-4.4771790507680663e-07,-2.949990309222828e-07,-1.5413646135733885e-07,-2.4688191713512335e-08,9.376577877608198e-08,2.0162438663160674e-07,2.992671942387746e-07,3.870565714983865e-07,4.6534014966696287e-07,5.344533570057207e-07,5.947218654828426e-07,6.46463789653904e-07,6.899914849552968e-07,7.256127955085631e-07,7.536316042561767e-07,7.743475448994237e-07,7.880547502638046e-07,7.950395408373062e-07,7.955770057834215e-07,7.899265018543436e-07,7.783261977250148e-07,7.609869276534947e-07,7.380858035562474e-07,7.097603207949158e-07,6.76104258251784e-07,6.371680843939166e-07,5.711152438917848e-07,5.07274770966701e-07,4.456339221384999e-07,3.861860880003221e-07,3.2893557233617765e-07,2.738969093155032e-07,2.21092623273848e-07,1.7055079339409774e-07,1.22302908934047e-07,7.638217725832755e-08,3.282231477996987e-08,-8.343208422633252e-09,-4.708152685473114e-08,-8.336040787273166e-08,-1.1714801850914956e-07,-1.4841249589976315e-07,-1.7712138103576509e-07,-2.0324097063133882e-07,-2.2673563896409654e-07,-2.475671817416563e-07,-2.656942380541567e-07,-2.810718544955224e-07,-2.9365126721645485e-07,-3.0337999209199305e-07,-3.102023294214145e-07,-3.1406040899702733e-07,-3.148959348638489e-07,-3.126528777719122e-07,-3.0728163662728787e-07,-2.987460283287547e-07,3.4749558149273505e-06,5.060904011908403e-06,6.4210159646013e-06,7.562135388062765e-06,8.491462427226137e-06,9.213497974059181e-06,9.72883605234768e-06,1.0033842274914233e-05,1.012090250951628e-05,9.979177867052195e-06,9.595900366591339e-06,8.958266406724048e-06,8.05595328628602e-06,6.884200997834899e-06,5.447272584457088e-06,3.7619498310837686e-06,1.8605737504375182e-06,-2.0694706841415908e-07,-2.3727106978113008e-06,-4.552360255498276e-06,-6.648670983842432e-06,-8.556910921812982e-06,-1.0171379474787246e-05,-1.1392348997270921e-05,-1.2132656776494574e-05,-1.2323402468271484e-05,-1.1918488074967125e-05,-1.0897860952939003e-05,-9.268810056641394e-06,-7.06235513089183e-06,-4.314341423097562e-06,-3.953945788481259e-06,-3.606969707985717e-06,-3.2739906050221487e-06,-2.9557330138354296e-06,-2.6527303388555064e-06,-2.365265221749709e-06,-2.0933935702502922e-06,-1.8369889191812634e-06,-1.5957870357091226e-06,-1.3694249012079838e-06,-1.1574728680364571e-06,-9.594602946364862e-07,-7.748954123783676e-07,-6.03280269960001e-07,-4.4412156994647e-07,-2.969381380822807e-07,-1.6126567907886394e-07,-3.665938490938442e-08,7.730512095953327e-08,1.810320944179456e-07,2.749068923037253e-07,3.592978145020447e-07,4.3455831986107303e-07,5.010294027201152e-07,5.590419412734612e-07,6.089188457966635e-07,6.509768458447354e-07,6.855277633389633e-07,7.128791258763479e-07,7.333339853707628e-07,7.471898250691122e-07,7.547364675378973e-07,7.562529413330838e-07,7.520033279505393e-07,7.422316950859283e-07,7.27156327990491e-07,7.06963601278599e-07,6.818020088574455e-07,6.517771693913556e-07,6.169493190523898e-07,5.524141985879696e-07,4.901254751829021e-07,4.300704822358163e-07,3.722402042407684e-07,3.166330467145671e-07,2.632546755362995e-07,2.1211668895788362e-07,1.6323508776981387e-07,1.1662889246095767e-07,7.231903081440466e-08,3.032752766898585e-08,-9.323013328584987e-09,-4.660966673708653e-08,-8.150922130109672e-08,-1.139980382925566e-07,-1.4405177525840834e-07,-1.716450163198766e-07,-1.9675084821428228e-07,-2.1934042038131096e-07,-2.3938252835640137e-07,-2.568432629761716e-07,-2.716857734640395e-07,-2.8387019995150186e-07,-2.9335383965361283e-07,-3.0009162026973434e-07,-3.040369660979083e-07,-3.051431674008791e-07,-3.033654390471202e-07,-2.986640956382498e-07,-2.9101001651796585e-07,3.367854803043975e-06,4.801894406351283e-06,6.03220232705747e-06,7.061755133845422e-06,7.893456374514787e-06,8.528538325650931e-06,8.965776021674671e-06,9.201271774137907e-06,9.228711837173062e-06,9.040073195201864e-06,8.626790847155177e-06,7.981393722101748e-06,7.099582591987669e-06,5.982657744620937e-06,4.640114589583343e-06,3.092127609885321e-06,1.3715625437371462e-06,-4.748759148655625e-07,-2.386711660416282e-06,-4.291203750665344e-06,-6.106318936556021e-06,-7.74497237931661e-06,-9.120145034682497e-06,-1.0150379082783436e-05,-1.0765161957049035e-05,-1.0909819044304277e-05,-1.0549666912138754e-05,-9.673158052846124e-06,-8.29317970125965e-06,-6.443521769140739e-06,-4.1608200839601476e-06,-3.815510521903021e-06,-3.482466682814845e-06,-3.1623822486467075e-06,-2.85609516712748e-06,-2.5642457030931125e-06,-2.287212623759456e-06,-2.0251347499171207e-06,-1.7779545600215249e-06,-1.545463282298511e-06,-1.327341119682227e-06,-1.1231910259435386e-06,-9.32566073032308e-07,-7.549909957368042e-07,-5.899786633995565e-07,-4.3704224675226616e-07,-2.957038065637923e-07,-1.6549996398016929e-07,-4.5985236093982865e-08,6.326645695881159e-08,1.626616800615758e-07,2.525883986398906e-07,3.3341761045674064e-07,4.0550542919332476e-07,4.691953923010179e-07,5.248207935673261e-07,5.727068610362324e-07,6.131726151092106e-07,6.465322520868295e-07,6.730959077545424e-07,6.931696671388406e-07,7.070547036132793e-07,7.150454567791832e-07,7.174267970870908e-07,7.144701781600572e-07,7.064288454429503e-07,6.935322493920289e-07,6.75979896049211e-07,6.53934945198434e-07,6.275179174756895e-07,5.968008723164815e-07,5.338073910360997e-07,4.730879728177052e-07,4.1463094070790013e-07,3.5842607940851873e-07,3.0446714983698693e-07,2.527521061637024e-07,2.0328259502639476e-07,1.5606328799320076e-07,1.1110124874927348e-07,6.84054106926061e-08,2.798619027199284e-08,-1.0144761898126104e-08,-4.5974682348322326e-08,-7.948970527487496e-08,-1.1067478244764615e-07,-1.3951353410433068e-07,-1.6598805285795204e-07,-1.9007868284096282e-07,-2.1176379688773356e-07,-2.3101959595659613e-07,-2.478199574509039e-07,-2.6213636260240674e-07,-2.7393793737254495e-07,-2.83191646044329e-07,-2.8986268199657525e-07,-2.9391510883202656e-07,-2.953128284576331e-07,-2.9402102844197306e-07,-2.900085037478838e-07,-2.8325199903745754e-07,3.2569856543560644e-06,4.536519543097067e-06,5.635441318321267e-06,6.553429512480157e-06,7.289715946749684e-06,7.842737892233668e-06,8.209724562346369e-06,8.386563559477482e-06,8.368030787790998e-06,8.148401909803204e-06,7.72244448502853e-06,7.086771045431235e-06,6.241500334047263e-06,5.192124708448774e-06,3.951421630187811e-06,2.541187951920778e-06,9.9353398347088e-07,-6.485320960036288e-07,-2.3314567149322766e-06,-3.992564237332553e-06,-5.56255323808334e-06,-6.968924094771933e-06,-8.14007502498192e-06,-9.00973559412455e-06,-9.521405796613247e-06,-9.632520431875279e-06,-9.318104944569734e-06,-8.573594015672516e-06,-7.4159169561649585e-06,-5.880012804153134e-06,-4.001984377688244e-06,-3.67089149004839e-06,-3.3512352451695244e-06,-3.0437760001528286e-06,-2.74941062815535e-06,-2.4688348519256116e-06,-2.202478166435896e-06,-1.9505237762199724e-06,-1.712951401047589e-06,-1.4895823873792023e-06,-1.2801205081318204e-06,-1.08418660959511e-06,-9.013469531680749e-07,-7.311357144595474e-07,-5.730723197981032e-07,-4.266743559282e-07,-2.9146677111453594e-07,-1.6698803288589278e-07,-5.279383829826422e-08,5.1541102064639014e-08,1.4642275822856227e-07,2.3223857221356247e-07,3.093590246563001e-07,3.781397039885342e-07,4.3892364503959636e-07,4.920437342029013e-07,5.378250003859271e-07,5.765866264327307e-07,6.086435265265548e-07,6.343073438539985e-07,6.53886732018373e-07,6.676867967943937e-07,6.760075946161013e-07,6.791416136441701e-07,6.773702040227771e-07,6.709589753264247e-07,6.601522352830803e-07,6.451665866928489e-07,6.261837811309256e-07,6.033427208797567e-07,5.767297568825613e-07,5.152951332224882e-07,4.5615889223469793e-07,3.993107365613352e-07,3.4473977016359665e-07,2.924356626025803e-07,2.423891813302444e-07,1.9459247626149726e-07,1.4903924923052117e-07,1.0572485964753242e-07,6.4646391479847e-08,2.5802697470588942e-08,-1.0805568065639219e-08,-4.517591994237252e-08,-7.730401152719099e-08,-1.0718360099873448e-07,-1.3480651507474683e-07,-1.6016261301575879e-07,-1.832397555760414e-07,-2.040237852653556e-07,-2.224985259313065e-07,-2.3864581136102496e-07,-2.5244555435142024e-07,-2.6387586948140615e-07,-2.729132647543173e-07,-2.7953292028863454e-07,-2.837090801160215e-07,-2.8541560871977247e-07,-2.846268473769136e-07,-2.8131916885912983e-07,-2.7547444083747765e-07,3.1427572655992746e-06,4.269115962044552e-06,5.238187268852514e-06,6.04692953890142e-06,6.691531164528309e-06,7.168095485970256e-06,7.472547258669774e-06,7.6005645073176245e-06,7.547765299772242e-06,7.310204244100436e-06,6.885175939974766e-06,6.2722926917902825e-06,5.474773924128959e-06,4.500848722489687e-06,3.3651336124223964e-06,2.0898129479920424e-06,7.054295526601187e-07,-7.4890127977704e-07,-2.2260042455522587e-06,-3.6719647164856998e-06,-5.028249698961557e-06,-6.234526660014568e-06,-7.231998868992017e-06,-7.96702941714656e-06,-8.394818138410204e-06,-8.48291347457071e-06,-8.214340864198552e-06,-7.590001971329309e-06,-6.629466285982692e-06,-5.367556473313903e-06,-3.838912688821064e-06,-3.5211012843907867e-06,-3.214212154565359e-06,-2.919028682474106e-06,-2.6364571712864376e-06,-2.3672006433874653e-06,-2.1116956094277556e-06,-1.8701316855456933e-06,-1.6424939729431465e-06,-1.4286080445154373e-06,-1.2281808766466326e-06,-1.0408357613658683e-06,-8.661409459940144e-07,-7.036324022218386e-07,-5.528313766821109e-07,-4.1325745197318855e-07,-2.8443784104821314e-07,-1.659135897032206e-07,-5.724329324214137e-08,4.199514280109926e-08,1.3220424363298684e-07,2.1376782364328617e-07,2.8705263961908443e-07,3.5241056762047345e-07,4.10181073720226e-07,4.6069378024892364e-07,5.042709517175828e-07,5.412297396042516e-07,5.718840345181907e-07,5.96545779868628e-07,6.15525605801229e-07,6.29132648237601e-07,6.37673428541565e-07,6.414496871995052e-07,6.407550917067426e-07,6.358707733199794e-07,6.270596801748339e-07,6.145597345903741e-07,5.985756598733699e-07,5.792688392498451e-07,5.567429538711423e-07,4.968775002400131e-07,4.3933438341917344e-07,3.8410457954702345e-07,3.3117637506205243e-07,2.8053522774460723e-07,2.3216462948357041e-07,1.860471769014422e-07,1.421655715483902e-07,1.0050345500193063e-07,6.104605601917552e-08,2.3780657735631686e-08,-1.1303093614549636e-08,-4.4213012257564175e-08,-7.495430251580403e-08,-1.0352957087705757e-07,-1.2993890050328476e-07,-1.5417997199990172e-07,-1.7624821766913427e-07,-1.9613699914232719e-07,-2.138378000869307e-07,-2.29340426600177e-07,-2.426332080246036e-07,-2.537031904989645e-07,-2.6253631521098695e-07,-2.691175747249412e-07,-2.7343114875977724e-07,-2.754605497998302e-07,-2.7518890243690066e-07,-2.7259977065036625e-07,-2.676798377771874e-07,3.0255753868554844e-06,4.003206043476214e-06,4.846430091740398e-06,5.55003971593858e-06,6.107780479297476e-06,6.5138565588526096e-06,6.763105014053399e-06,6.8509822186080805e-06,6.773703864008828e-06,6.528625246355244e-06,6.114863131551543e-06,5.5341233501764745e-06,4.7916715465544865e-06,3.897358275427376e-06,2.866584321618697e-06,1.7210724869394913e-06,4.893044838120026e-07,-7.935083081559294e-07,-2.086020712774375e-06,-3.341966917685843e-06,-4.511979328082514e-06,-5.545937522723006e-06,-6.395718017212497e-06,-7.018181508886242e-06,-7.378222038443455e-06,-7.451701269867143e-06,-7.228066550202669e-06,-6.712315715413722e-06,-5.925489446404648e-06,-4.901369042918309e-06,-3.672529916085079e-06,-3.3670375347080964e-06,-3.072255671029906e-06,-2.788951748521182e-06,-2.517995923128458e-06,-2.2600530197363835e-06,-2.015524420910937e-06,-1.7845689765160274e-06,-1.5671456240745079e-06,-1.3630583266442924e-06,-1.171996838392443e-06,-9.935713604969284e-07,-8.273408439902847e-07,-6.728353596464518e-07,-5.295732124918404e-07,-3.970735564597084e-07,-2.7486525478689463e-07,-1.6249267718185757e-07,-5.951904912761791e-08,3.4472113998947796e-08,1.198770363494798e-07,1.9707279712887695e-07,2.664192192824125e-07,3.2826127191058224e-07,3.829317692527408e-07,4.307541805867197e-07,4.7204538705006387e-07,5.071182344541781e-07,5.362837371249707e-07,5.598527885299072e-07,5.781372318902133e-07,5.914501407373889e-07,6.001051580607138e-07,6.044147461856873e-07,6.04687209706331e-07,6.012223689276966e-07,5.94305768117534e-07,5.842012545996475e-07,5.711415181750507e-07,5.553153158327282e-07,5.368474078272541e-07,4.785546166095904e-07,4.2261071420259847e-07,3.690073438022899e-07,3.1773117883398664e-07,2.6876267244834654e-07,2.2207734341792175e-07,1.7764767447536965e-07,1.3544495437932642e-07,9.544083462040196e-08,5.760853808911942e-08,2.1923725886649797e-08,-1.1634941851526253e-08,-4.308550392334296e-08,-7.244260581660717e-08,-9.9717571447648e-08,-1.2491859848654846e-07,-1.4805104271316161e-07,-1.6911776196691971e-07,-1.881194939596952e-07,-2.0505524415671975e-07,-2.199226600129265e-07,-2.3271836626265725e-07,-2.434382332234311e-07,-2.5207754729489596e-07,-2.5863105239958677e-07,-2.630928387990894e-07,-2.6545608722313976e-07,-2.65712777555931e-07,-2.638537821881049e-07,-2.5987071530949526e-07,2.9058341270152343e-06,3.741544815000469e-06,4.464794702594806e-06,5.068717306315583e-06,5.545166315370487e-06,5.886844990837331e-06,6.087698809286626e-06,6.1429493195229335e-06,6.049191472960626e-06,5.80466734913128e-06,5.409724876235185e-06,4.867428479266345e-06,4.184264475287755e-06,3.3708646599620897e-06,2.442655308006994e-06,1.4203282552188929e-06,3.300295231120143e-07,-7.968278116617626e-07,-1.9241949385519455e-06,-3.0124944189175834e-06,-4.020190458541702e-06,-4.905764920463186e-06,-5.6300034439191275e-06,-6.158469617830651e-06,-6.4640307684285225e-06,-6.529287677287209e-06,-6.348725334575541e-06,-5.930270748214286e-06,-5.295517874479259e-06,-4.476579697308372e-06,-3.5036243031626498e-06,-3.209493040828798e-06,-2.9261508229934355e-06,-2.654313252064766e-06,-2.3947712394750943e-06,-2.148107632022083e-06,-1.914647688236048e-06,-1.6944831204849763e-06,-1.4875157950952046e-06,-1.2935028001239995e-06,-1.1120967926085088e-06,-9.428798860874817e-07,-7.853909720667345e-07,-6.391470050343668e-07,-5.036590152222173e-07,-3.784436682884373e-07,-2.630311593432423e-07,-1.5697015512107363e-07,-5.983040704773303e-08,2.879643634476763e-08,1.092973784374185e-07,1.820396253084533e-07,2.4737284621667497e-07,3.0563190661576314e-07,3.5713987888258426e-07,4.022111664319503e-07,4.4115459648384496e-07,4.742763465615254e-07,5.018825710483166e-07,5.242815882257327e-07,5.41785476711422e-07,5.547109152125493e-07,5.633790834353504e-07,5.681144276967868e-07,5.692420843404355e-07,5.670837450812464e-07,5.61951722720705e-07,5.541408664266214e-07,5.439175726375838e-07,5.315038131327297e-07,5.170500172522196e-07,4.60326947189958e-07,4.059848755692222e-07,3.540149708487986e-07,3.044008026725126e-07,2.5711633147044575e-07,2.1212779046835034e-07,1.6939649179841974e-07,1.2888153423189807e-07,9.054206996180085e-08,5.4339042689345444e-08,2.0236412414434003e-08,-1.1798075019479594e-08,-4.179250048180717e-08,-6.977069180036599e-08,-9.575238286788946e-08,-1.197535511614213e-07,-1.4178688185529246e-07,-1.618623139821094e-07,-1.799876290400828e-07,-1.961690445433314e-07,-2.10411774130436e-07,-2.2272051224451703e-07,-2.3309979583347173e-07,-2.4155418952138186e-07,-2.480882372649421e-07,-2.527061291028434e-07,-2.554110624599316e-07,-2.5620437957877675e-07,-2.550848754218647e-07,-2.5204962777412825e-07,2.783909521936071e-06,3.486197779983145e-06,4.09668988463075e-06,4.607307332800222e-06,5.008499049563712e-06,5.291821988086302e-06,5.45050701517687e-06,5.479534997658672e-06,5.3756992960697795e-06,5.1377878740504485e-06,4.766902216746457e-06,4.2668860173973925e-06,3.64481449096388e-06,2.9114803948545222e-06,2.0818023293131896e-06,1.1750755979096432e-06,2.1498782831665644e-07,-7.706677079180279e-07,-1.750628249806524e-06,-2.691166733373915e-06,-3.5574533836727633e-06,-4.3152286430367295e-06,-4.932714014812556e-06,-5.382666012016063e-06,-5.64446340893483e-06,-5.70610219493853e-06,-5.56593436285335e-06,-5.233866593478999e-06,-4.731364542562222e-06,-4.088491767167848e-06,-3.332863983253062e-06,-3.0491676701535232e-06,-2.7766177657051047e-06,-2.515843597908821e-06,-2.2675145295781495e-06,-2.0320881886376603e-06,-1.8097732664620305e-06,-1.6005586766754666e-06,-1.404259212600483e-06,-1.220560890757702e-06,-1.0490605585174392e-06,-8.892984231477623e-07,-7.40783678056516e-07,-6.030139652032044e-07,-4.7548958769422997e-07,-3.5772339080787654e-07,-2.49247156414827e-07,-1.4961525001926496e-07,-5.8406145141587986e-08,2.477766062809167e-08,1.0031092306234114e-07,1.6854779276891252e-07,2.2982456154469052e-07,2.8446280984279097e-07,3.327727929215811e-07,3.750569316093609e-07,4.1161329009721904e-07,4.427389287480344e-07,4.687330154557193e-07,4.89899565438865e-07,5.065496574983219e-07,5.190029460298062e-07,5.275882544126196e-07,5.326429992742957e-07,5.345111584235623e-07,5.335394543862743e-07,5.300713558834855e-07,5.24438309031993e-07,5.16947002630329e-07,5.078595528551134e-07,4.973576176054261e-07,4.4219562067869857e-07,3.8945524610064965e-07,3.391254437791845e-07,2.911844238896351e-07,2.4559742646647376e-07,2.0231945845782056e-07,1.6129912123186403e-07,1.2248221182062717e-07,8.581467562957807e-08,5.124482112949991e-08,1.8724837701472924e-08,-1.1788291873522506e-08,-4.033237843285505e-08,-6.694000981002561e-08,-9.163883788043059e-08,-1.14452089587821e-07,-1.35399234723257e-07,-1.5449675326450085e-07,-1.7175895156691844e-07,-1.8719877901476153e-07,-2.0082859471187655e-07,-2.1266082769624627e-07,-2.2270846489899283e-07,-2.3098529045498319e-07,-2.375057914196412e-07,-2.422846452134242e-07,-2.4533572871836474e-07,-2.4667067977938974e-07,-2.4629732477002697e-07,-2.442191572122797e-07,2.6601549411727755e-06,3.238636197799545e-06,3.744483695451339e-06,4.16878503676556e-06,4.500999805586479e-06,4.7318453357004505e-06,4.853995873991213e-06,4.862196347134954e-06,4.753298686736111e-06,4.526368650815803e-06,4.18288898165039e-06,3.727039356573205e-06,3.1660129770757237e-06,2.5103178190894177e-06,1.7740035064465313e-06,9.747523721076962e-07,1.3377647995209853e-07,-7.245280540972704e-07,-1.5732022391603016e-06,-2.3836326627445043e-06,-3.1267349812097053e-06,-3.7743759608730172e-06,-4.300975770340198e-06,-4.685214438284247e-06,-4.911751800518867e-06,-4.972853065519408e-06,-4.86977485958988e-06,-4.613659994424592e-06,-4.225370463638339e-06,-3.73273345306965e-06,-3.1608125113366275e-06,-2.886681352917992e-06,-2.6243226862494393e-06,-2.3742446663011525e-06,-2.1369517366601528e-06,-1.9127323096598993e-06,-1.701637980889911e-06,-1.5035198357231804e-06,-1.3180768202005112e-06,-1.144901312506432e-06,-9.835174674715002e-07,-8.334116225622675e-07,-6.940553840443228e-07,-5.649224434136903e-07,-4.4550024547796396e-07,-3.352975521903995e-07,-2.3384881160074183e-07,-1.4071609147216723e-07,-5.5489192712340484e-08,2.22155715638139e-08,9.27575558651715e-08,1.564746361483808e-07,2.136865244113127e-07,2.64698385236872e-07,3.098046343987462e-07,3.492928247225101e-07,3.834475368877829e-07,4.125541935885642e-07,4.369027048519612e-07,4.567908305240996e-07,4.725271129749229e-07,4.844331892941961e-07,4.928452384319302e-07,4.981142563139652e-07,5.006047816873258e-07,5.006916113619357e-07,4.987539123184769e-07,4.951658354228943e-07,4.902818567878129e-07,4.844123811898604e-07,4.777769532951978e-07,4.241628179719563e-07,3.7302237120912223e-07,3.243398992836674e-07,2.7808513041477873e-07,2.3421155622064886e-07,1.9266037513244217e-07,1.5336547954691159e-07,1.1625796810732249e-07,8.126973401453074e-08,4.833607206331092e-08,1.7397394402060305e-08,-1.1599805836539152e-08,-3.8702596677477786e-08,-6.395172013249499e-08,-8.738205899513488e-08,-1.0902336041586532e-07,-1.28901136511022e-07,-1.4703767572170816e-07,-1.634531070024372e-07,-1.781664615386201e-07,-1.911966733162733e-07,-2.0256345070064324e-07,-2.1228793707719208e-07,-2.2039306142848873e-07,-2.2690346294166967e-07,-2.3184486375607977e-07,-2.3524277375590976e-07,-2.3712047279830376e-07,-2.3749642238422475e-07,-2.3638191061871463e-07,2.5348980621731314e-06,2.999839720299056e-06,3.4096886030225057e-06,3.755005509426019e-06,4.024601692235255e-06,4.2086120288120656e-06,4.299293006865994e-06,4.291169315881062e-06,4.1810515215560656e-06,3.968082752854326e-06,3.6538482782015422e-06,3.2425362861043587e-06,2.741118637930293e-06,2.1595103450096e-06,1.5106614255509335e-06,8.105338518850946e-07,7.791979189835425e-08,-6.659344579739171e-07,-1.3979217878750326e-06,-2.093891534663456e-06,-2.729679044182291e-06,-3.2823172570219662e-06,-3.731382768255317e-06,-4.060413793148983e-06,-4.258323847898925e-06,-4.320718058049698e-06,-4.250984617055338e-06,-4.060940886825236e-06,-3.7705408702825935e-06,-3.405336560080773e-06,-2.987942997632947e-06,-2.7225878952969094e-06,-2.469891070869225e-06,-2.230202185215683e-06,-2.0038143552121642e-06,-1.7908007309981199e-06,-1.5910146675928414e-06,-1.4041351135886164e-06,-1.2297181208629984e-06,-1.067242206586983e-06,-9.161445579483486e-07,-7.758482761816455e-07,-6.457818905756214e-07,-5.253925957055479e-07,-4.1415458145549115e-07,-3.1157363522890857e-07,-2.1718898196758335e-07,-1.3057312502488804e-07,-5.1330273385917893e-08,2.090620764238898e-08,8.647700476031387e-08,1.4570049993217005e-07,1.9887669508404284e-07,2.462913159548763e-07,2.8822002757634987e-07,3.249327144476284e-07,3.566977863319448e-07,3.8378646634539146e-07,4.0647700149630725e-07,4.2505870630595723e-07,4.398357064484392e-07,4.511301902198582e-07,4.5928489999445104e-07,4.6466450282686187e-07,4.6765536692345477e-07,4.6866312815044923e-07,4.6810721225392684e-07,4.6641101834587213e-07,4.6398522618150064e-07,4.611979924236719e-07,4.583146345680509e-07,4.0623226536406383e-07,3.5668992404636816e-07,3.096639531827634e-07,2.6511147954288077e-07,2.2297035027393754e-07,1.8316473144144757e-07,1.4561140062260886e-07,1.1022515592883046e-07,7.692294357603273e-08,4.562672784379283e-08,1.626527122417241e-08,-1.1224972188092089e-08,-3.689965582473712e-08,-6.080686338559194e-08,-8.298781581022847e-08,-1.0347785099807322e-07,-1.2230758824444452e-07,-1.3950420683227044e-07,-1.5509277878273112e-07,-1.6909759880450988e-07,-1.8154344962489097e-07,-1.9245672810652208e-07,-2.0186633737889832e-07,-2.0980422411018348e-07,-2.1630541093374774e-07,-2.214073468864575e-07,-2.2514838140461827e-07,-2.2756517406431914e-07,-2.2868891889546098e-07,-2.285405145043211e-07,2.4084391220173895e-06,2.7703993813748167e-06,3.0931448017594026e-06,3.3669468161732126e-06,3.5802363091570233e-06,3.7227742979670554e-06,3.7865196693387003e-06,3.765802717889867e-06,3.6573292572377544e-06,3.460179607288132e-06,3.175843501111e-06,2.808286780668479e-06,2.3640269120906486e-06,1.85218535627737e-06,1.284480757180892e-06,6.751265668891581e-07,4.059998924423839e-08,-6.00744031698867e-07,-1.2292299240761795e-06,-1.8245931252900393e-06,-2.3668753843579657e-06,-2.8374582180844456e-06,-3.2201950443921846e-06,-3.5025897296907126e-06,-3.676956881229631e-06,-3.741483394850333e-06,-3.701079829250348e-06,-3.567829570833939e-06,-3.360610615379862e-06,-3.1027704582111276e-06,-2.8146506686254298e-06,-2.5573896619478273e-06,-2.313923491621855e-06,-2.0844014958276756e-06,-1.8688540244491237e-06,-1.6670897400586138e-06,-1.4787217699628715e-06,-1.3032237789598094e-06,-1.1399844257765245e-06,-9.883514485913927e-07,-8.476643369733959e-07,-7.172770088152019e-07,-5.965724939727894e-07,-4.849715440901142e-07,-3.8193679535924336e-07,-2.8697378084592374e-07,-1.9962978491249896e-07,-1.1949127422781534e-07,-4.6180430828903834e-08,2.0648850972661787e-08,8.13152664705684e-08,1.3611455574122217e-07,1.853240323210601e-07,2.2920715053801292e-07,2.6801810511192227e-07,3.0200647152303633e-07,3.314218985330242e-07,3.5651885543987723e-07,3.7756141531679556e-07,3.9482801978582016e-07,4.086161181462351e-07,4.192465005286433e-07,4.270670473336561e-07,4.324554906790366e-07,4.358206203214919e-07,4.376011468489682e-07,4.382610939271555e-07,4.3827990912196435e-07,4.3813374583881916e-07,4.382593592687954e-07,4.389770743335012e-07,3.8840988682343517e-07,3.404659317158295e-07,2.9510932790617013e-07,2.522793347180694e-07,2.1189333354809744e-07,1.7385462579629306e-07,1.3806015520782683e-07,1.0440673392107461e-07,7.279554174043146e-08,4.31350680719529e-08,1.5342776663515836e-08,-1.0654224392487666e-08,-3.491926057039597e-08,-5.7506715079179335e-08,-7.846304110689772e-08,-9.782804154566148e-08,-1.1563632569551579e-07,-1.3191887428157805e-07,-1.4670465711961782e-07,-1.600222513830906e-07,-1.719014021205937e-07,-1.823744499847827e-07,-1.914775238613609e-07,-1.9925135861832692e-07,-2.0574155182136325e-07,-2.109980197556639e-07,-2.1507335157650038e-07,-2.1801967700021666e-07,-2.198835045296298e-07,-2.2069760555185057e-07,2.2810501572797343e-06,2.5506164945551675e-06,2.7951944087564915e-06,3.004938084343159e-06,3.1680976719819606e-06,3.274223847577951e-06,3.315081033698007e-06,3.2848403642637756e-06,3.180072099011007e-06,2.9997058171271546e-06,2.745005706369837e-06,2.4195636580884237e-06,2.029294435972387e-06,1.58240869426097e-06,1.0893360066613157e-06,5.625698590062979e-07,1.6409363173010614e-08,-5.33421929257328e-07,-1.0702916178918943e-06,-1.5773098805058178e-06,-2.038106871611823e-06,-2.4377145145961823e-06,-2.7635196607443794e-06,-3.0062446626424175e-06,-3.160900271682933e-06,-3.2276412607705353e-06,-3.212427505851303e-06,-3.127323201806964e-06,-2.9900667826967583e-06,-2.821950138387092e-06,-2.6412638059083318e-06,-2.391553489121918e-06,-2.1570144100016037e-06,-1.9375471164210447e-06,-1.7328608595760395e-06,-1.5424467037075126e-06,-1.3656350743632186e-06,-1.2016633920141358e-06,-1.0497322717247349e-06,-9.090463525019519e-07,-7.788413679060991e-07,-6.584004206767811e-07,-5.470623469705543e-07,-4.442245612206079e-07,-3.4934222428844664e-07,-2.6192509290835247e-07,-1.815330141888614e-07,-1.0777072162663283e-07,-4.02823568386711e-08,2.1254029271439866e-08,7.713186361541789e-08,1.2762127767224481e-07,1.7297418077751705e-07,2.1342922172075302e-07,2.4921670015716823e-07,2.80563497392756e-07,3.0769809406411235e-07,3.308557299961214e-07,3.50283737423607e-07,3.662470397376485e-07,3.7903374954446777e-07,3.8896071628895583e-07,3.96378757324498e-07,4.0167714649205113e-07,4.0528671382632647e-07,4.076805933321877e-07,4.093711472899023e-07,4.10900600899486e-07,4.1282050829095736e-07,4.1564843894230784e-07,4.197703987136833e-07,3.707046878859632e-07,3.2436437417394193e-07,2.8069588650668587e-07,2.396140564489273e-07,2.0101003766451318e-07,1.6476192505710412e-07,1.3074395970157656e-07,9.88333809025505e-08,6.891502664495453e-08,4.0884079045416444e-08,1.464738235164119e-08,-9.87629426561029e-09,-3.2756751022521346e-08,-5.4053380387021294e-08,-7.381654878655867e-08,-9.20892149702366e-08,-1.089086995563782e-07,-1.2430854648418857e-07,-1.3832043261825466e-07,-1.5097608617876758e-07,-1.6230916723537637e-07,-1.7235704312208655e-07,-1.8116235689043728e-07,-1.8877423615516884e-07,-1.9524892083993402e-07,-2.0064949707487632e-07,-2.0504429567813847e-07,-2.0850329200461019e-07,-2.1109134751804576e-07,-2.1285581600414165e-07,2.152974954991869e-06,2.34059499818656e-06,2.5158424554921614e-06,2.668867796212342e-06,2.7878794349813514e-06,2.8623422574535713e-06,2.88391579712635e-06,2.8466568163789984e-06,2.746998220427035e-06,2.5836755743688795e-06,2.357653958462822e-06,2.072063692923693e-06,1.7321351466249182e-06,1.3451145542547108e-06,9.201393236242219e-07,4.68051032142245e-07,1.1266055362213113e-09,-4.672872617569211e-07,-9.232448683646117e-07,-1.352777837100915e-06,-1.7425683770040446e-06,-2.0807013787291793e-06,-2.3574677986384555e-06,-2.56618245975849e-06,-2.7039694893797613e-06,-2.772455382118869e-06,-2.778284722163954e-06,-2.733311852259989e-06,-2.654148026264887e-06,-2.560231266321077e-06,-2.4680530753480055e-06,-2.2255285113727782e-06,-1.9997748507571983e-06,-1.7903867451267387e-06,-1.5966857317482536e-06,-1.4177884231165884e-06,-1.2527009203001648e-06,-1.1003975277313665e-06,-9.598759609667792e-07,-8.301917243313671e-07,-7.104767179995799e-07,-5.99946841976493e-07,-4.97902372812819e-07,-4.037238857595758e-07,-3.1686567059554227e-07,-2.3684795907063234e-07,-1.632488145538941e-07,-9.569619547044414e-08,-3.386046457859922e-08,2.2552547419928033e-08,7.380792251150533e-08,1.201475454182883e-07,1.617956070412057e-07,1.9896384571679507e-07,2.318566592133006e-07,2.6067622072845794e-07,2.856277257381739e-07,3.069248827223521e-07,3.247957370049405e-07,3.3948887882950697e-07,3.512800281399885e-07,3.6047890089525855e-07,3.674361332598272e-07,3.725498525138268e-07,3.762712058176087e-07,3.7910772827302045e-07,3.8162270447163473e-07,3.844272503657616e-07,3.8815849819914396e-07,3.9342825180370653e-07,4.0070032333340613e-07,3.5312997091711204e-07,3.0840729402160847e-07,2.6645419450343634e-07,2.2715311985084365e-07,1.9036237292239005e-07,1.5593020310221633e-07,1.2370539649967105e-07,9.354439028617123e-08,6.531556764434457e-08,3.8901449343151436e-08,1.4199383397203226e-08,-8.878807184942154e-09,-3.040788035701556e-08,-5.045069158049127e-08,-6.906000089337586e-08,-8.628045665162729e-08,-1.0215068457679446e-07,-1.1670544079710239e-07,-1.2997780549904056e-07,-1.4200139930539828e-07,-1.5281259662585366e-07,-1.6245268716766007e-07,-1.7096989545906302e-07,-1.7842110372386566e-07,-1.8487302783110643e-07,-1.9040245421895375e-07,-1.9509491961308211e-07,-1.9904078995784158e-07,-2.023267098028536e-07,-2.050177522169096e-07,2.024429456162802e-06,2.1403262143850494e-06,2.254902823005245e-06,2.3583700483134512e-06,2.43898366514718e-06,2.486217359137629e-06,2.491707428311178e-06,2.4494521457620547e-06,2.3557715415724087e-06,2.2092017852566167e-06,2.0103813880136543e-06,1.7619422179361918e-06,1.4683999566117317e-06,1.1360304499351915e-06,7.727150686042451e-07,3.877378072816876e-07,-8.481309162277767e-09,-4.047282490446048e-07,-7.894189235208229e-07,-1.1511051211823579e-06,-1.4790552421470428e-06,-1.7638949860045822e-06,-1.9982853639281727e-06,-2.1776075051895996e-06,-2.300615013164836e-06,-2.3700025802206993e-06,-2.3928166783651253e-06,-2.380578356954218e-06,-2.3488340164311017e-06,-2.3154009715119964e-06,-2.2952392783450135e-06,-2.059766951568625e-06,-1.8428601759770644e-06,-1.6437405192489611e-06,-1.4612666232314537e-06,-1.294121751927211e-06,-1.140949804848567e-06,-1.0004423163746386e-06,-8.713877766799524e-07,-7.526948902624446e-07,-6.433990545460899e-07,-5.426586959314648e-07,-4.497459453735417e-07,-3.640345837492977e-07,-2.8498711894763594e-07,-2.1214212413419733e-07,-1.45102463783231e-07,-8.352469328766176e-08,-2.710969501785221e-08,2.44055239873298e-08,7.125502568580819e-08,1.1365031795432824e-07,1.5178612154113846e-07,1.8584573535722977e-07,2.1600620344635394e-07,2.424434791526689e-07,2.653377723263352e-07,2.8487925256589565e-07,3.0127426204728704e-07,3.1475215986353376e-07,3.255728681351829e-07,3.3403510763296615e-07,3.404851815168699e-07,3.453259639103723e-07,3.4902542649293874e-07,3.521234906978925e-07,3.5523500028683867e-07,3.5904460083700077e-07,3.642846835604443e-07,3.7167546584618704e-07,3.817719848285205e-07,3.357050215487351e-07,2.9262759275299016e-07,2.5242874455554386e-07,2.1494921465358058e-07,1.8000723410523517e-07,1.4741666552964566e-07,1.1699861376154238e-07,8.858819404372339e-08,6.203795241870003e-08,3.7219058694810356e-08,1.402104863585803e-08,-7.649360443635023e-09,-2.7870026905967275e-08,-4.67054765797209e-08,-6.420917356985283e-08,-8.042587658000578e-08,-9.539403374904347e-08,-1.0914820187501613e-07,-1.2172149576748118e-07,-1.3314808028590583e-07,-1.4346571042630615e-07,-1.527183011259267e-07,-1.6095846326747118e-07,-1.682498664138046e-07,-1.7466916516697415e-07,-1.803070217800887e-07,-1.8526739808103292e-07,-1.8966357291708827e-07,-1.936076640932118e-07,-1.9718596452079268e-07,1.8956023735814965e-06,1.949765874940799e-06,2.01212856227803e-06,2.0729879039407683e-06,2.120700632379268e-06,2.144826272211685e-06,2.137059712907998e-06,2.0914107243895788e-06,2.0041353792823946e-06,1.8735969984198751e-06,1.7001169770468537e-06,1.4858311240283035e-06,1.2345487804118985e-06,9.516040758871688e-07,6.436855711442989e-07,3.1863013972601615e-07,-1.4831553505488019e-08,-3.4738761537955866e-07,-6.69520946459133e-07,-9.719489833708074e-07,-1.2461216215340481e-06,-1.4847656093634968e-06,-1.6824573623002907e-06,-1.8361995787305122e-06,-1.945969550381027e-06,-2.0151962211659405e-06,-2.0511017573963526e-06,-2.0647913903537794e-06,-2.0708338713517875e-06,-2.0856702210982898e-06,-2.122999545333832e-06,-1.8947493603484278e-06,-1.6870045687296102e-06,-1.49853639522651e-06,-1.3276588630422896e-06,-1.1725653455353426e-06,-1.0315086435871017e-06,-9.028898132717544e-07,-7.852939133574696e-07,-6.774959419225491e-07,-5.784509237067261e-07,-4.872763214403372e-07,-4.032314892933234e-07,-3.256968755705297e-07,-2.5415448019292296e-07,-1.8817032215210832e-07,-1.2737919094717188e-07,-7.147165443347137e-08,-2.0183120078685954e-08,2.6715341970850186e-08,6.942473820769771e-08,1.0812477765210698e-07,1.429796924776018e-07,1.741435403632055e-07,2.0176525560554352e-07,2.2599370025106954e-07,2.469829552263907e-07,2.6489808269008635e-07,2.799215804436732e-07,2.922607307237949e-07,3.021560098999899e-07,3.098906599942488e-07,3.158014091332502e-07,3.202901338840333e-07,3.2383591523987467e-07,3.270063023086386e-07,3.304653196643538e-07,3.349730098798827e-07,3.4136491941408125e-07,3.504836655460467e-07,3.629897134236306e-07,3.1845744976641756e-07,2.770727300246653e-07,2.3868198041539046e-07,2.0307384308770412e-07,1.7001924564657995e-07,1.392938912411598e-07,1.1069009833652069e-07,8.402230220618475e-08,5.912886820575984e-08,3.58717802342302e-08,1.4135108660738753e-08,-6.1772078819445925e-09,-2.5143936134516253e-08,-4.2829269085354334e-08,-5.928557049427935e-08,-7.455608322304521e-08,-8.867758956507617e-08,-1.0168304571376104e-07,-1.1360423335443612e-07,-1.2447447959986966e-07,-1.3433149142745348e-07,-1.4322032959436663e-07,-1.5119650300892415e-07,-1.5832908364232308e-07,-1.6470359527591974e-07,-1.7042415667555184e-07,-1.7561382846923612e-07,-1.804109917533163e-07,-1.8495694083888245e-07,-1.8936290614631907e-07,1.766655804940941e-06,1.7689035776769696e-06,1.7873263568014701e-06,1.8123131668750142e-06,1.8323591854809566e-06,1.837185789521391e-06,1.8186390718831938e-06,1.770828544356012e-06,1.6900182946195851e-06,1.5744517378069228e-06,1.424171177657733e-06,1.2408480122189952e-06,1.0276215162990836e-06,7.889369162887056e-07,5.303708578663285e-07,2.5843213261786027e-07,-1.96731587202145e-08,-2.963203457540829e-07,-5.637937644537707e-07,-8.146639965236016e-07,-1.0422110043168723e-06,-1.240884505028403e-06,-1.4067878772987392e-06,-1.5381666229196222e-06,-1.6358762632137575e-06,-1.7037951755563031e-06,-1.7491282113689935e-06,-1.782497172604716e-06,-1.8175789187375266e-06,-1.869671528818404e-06,-1.9514719560138983e-06,-1.7310162939146187e-06,-1.5330641381636734e-06,-1.3558522689830413e-06,-1.1970683053168346e-06,-1.0543704033911866e-06,-9.25608929646404e-07,-8.089053308340768e-07,-7.026634927266256e-07,-6.055509879361854e-07,-5.164684822593581e-07,-4.345159936725797e-07,-3.58960151605213e-07,-2.8920441924033174e-07,-2.2476311405131225e-07,-1.6523940800573495e-07,-1.1030709836913401e-07,-5.969572606745922e-08,-1.3178526382223139e-08,2.9437317396711662e-08,6.831861711848439e-08,1.0361277062323747e-07,1.354533990721694e-07,1.6396538349587377e-07,1.8926961812003332e-07,2.1148777532287472e-07,2.3074736624924794e-07,2.471873796745454e-07,2.6096478521845236e-07,2.722621885953618e-07,2.812969164435101e-07,2.883317729525941e-07,2.936876309149874e-07,2.9775786301098895e-07,3.010243077491011e-07,3.040737998636479e-07,3.076127773646367e-07,3.1247388757775345e-07,3.1959981644575913e-07,3.2996753205961897e-07,3.443567272706269e-07,3.014264312354244e-07,2.6180957561176217e-07,2.2529922856806542e-07,1.9162134798382613e-07,1.6049343974626526e-07,1.3165110675357727e-07,1.0485871302312296e-07,7.991236089110842e-08,5.6639252993852585e-08,3.4895374882851e-08,1.4562405845574423e-08,-4.455683491962551e-09,-2.223608739843661e-08,-3.884052387355551e-08,-5.431842233778416e-08,-6.87099276040828e-08,-8.204875389477628e-08,-9.436495503716318e-08,-1.0568769715528241e-07,-1.1604812965834116e-07,-1.2548244906551585e-07,-1.3403523551481665e-07,-1.4176310630606687e-07,-1.4873865649819938e-07,-1.5505450133980106e-07,-1.6082690201887224e-07,-1.6619772431744192e-07,-1.7133182038651347e-07,-1.7640293679637326e-07,-1.8155087844000452e-07,1.6377256395748041e-06,1.5978243843930008e-06,1.5804539286311064e-06,1.5761006627256844e-06,1.5734460142158188e-06,1.5624696590214098e-06,1.5352850621659297e-06,1.4862124318380548e-06,1.4116171175764344e-06,1.3096962267927468e-06,1.1802716222563292e-06,1.0246022875425115e-06,8.452126606514018e-07,6.457276973483405e-07,4.3070363952004316e-07,2.0544355752601715e-07,-2.42120083329622e-08,-2.5212687549387835e-07,-4.721483309275851e-07,-6.784251131407578e-07,-8.657622964230856e-07,-1.0300073557348532e-06,-1.1684578219589098e-06,-1.2802769231429318e-06,-1.366898982809966e-06,-1.432398954682926e-06,-1.4837832258819514e-06,-1.5311111140081666e-06,-1.5872217803762656e-06,-1.6664638807790938e-06,-1.7807585146786447e-06,-1.5692089004863928e-06,-1.3820705308820545e-06,-1.216964563987932e-06,-1.0708849369114741e-06,-9.409364619936959e-07,-8.245863486701718e-07,-7.197145161018635e-07,-6.245870715072545e-07,-5.378055972788423e-07,-4.58252641867169e-07,-3.8504078915410257e-07,-3.174677551261554e-07,-2.54978192976994e-07,-1.97132084932985e-07,-1.4357915181505257e-07,-9.40384791931935e-08,-4.828248320894122e-08,-6.124366579766656e-09,3.2591701104172154e-08,6.79983399202064e-08,1.0021121058830818e-07,1.2933422765257545e-07,1.5546413235873907e-07,1.786947738573938e-07,1.991214196007487e-07,2.1684540753478675e-07,2.319794612600692e-07,2.4465401067510553e-07,2.5502488845576854e-07,2.6328279758617453e-07,2.696649535198427e-07,2.744692780658231e-07,2.7807143250204904e-07,2.809447587629041e-07,2.8368262355058623e-07,2.870210622850512e-07,2.918552369634597e-07,2.992316542012705e-07,3.102681919966497e-07,3.2587472196614216e-07,2.8466713963564975e-07,2.469306598291557e-07,2.123945494648923e-07,1.807131352377494e-07,1.515474663213908e-07,1.245945213071778e-07,9.959452986156141e-08,7.632990900843455e-08,5.462136807690706e-08,3.432320739845904e-08,1.5318510775772475e-08,-2.4854941269949147e-09,-1.9161762671096892e-08,-3.476737440488781e-08,-4.934708065486308e-08,-6.293650572917311e-08,-7.556508938003614e-08,-8.725888518851565e-08,-9.804334668085338e-08,-1.0794624323775856e-07,-1.1700085205863385e-07,-1.2524956848379132e-07,-1.327480581152661e-07,-1.3957002277371293e-07,-1.458125155145674e-07,-1.5160137949019478e-07,-1.5709545483682869e-07,-1.624858690361384e-07,-1.6798091310306284e-07,-1.7375195890561543e-07,1.5089215735673665e-06,1.4367604638721547e-06,1.3916961255423115e-06,1.3643512899603823e-06,1.3436881226791608e-06,1.3200884050148708e-06,1.2860866914514128e-06,1.2363507687715063e-06,1.1674583316980244e-06,1.077647630578644e-06,9.665913379208667e-07,8.35200300420991e-07,6.854508807830708e-07,5.202259189276041e-07,3.431585770977208e-07,1.5846885272881254e-07,-2.9216156206416558e-08,-2.150653017545377e-07,-3.942745926288528e-07,-5.623289170738297e-07,-7.152940084911688e-07,-8.501356575645683e-07,-9.65060392025208e-07,-1.059868993354262e-06,-1.1363110967364833e-06,-1.198424453024181e-06,-1.2528293439209522e-06,-1.3089050930281912e-06,-1.378639290466701e-06,-1.475544193425941e-06,-1.6109263347037644e-06,-1.4101209096664334e-06,-1.2352958795886833e-06,-1.083400403046839e-06,-9.507109000757933e-07,-8.338145707073994e-07,-7.298641784233015e-07,-6.365734687872428e-07,-5.521393566230873e-07,-4.751545904256606e-07,-4.045290602016723e-07,-3.3942277617627636e-07,-2.7919031712747813e-07,-2.2333584091216069e-07,-1.7147741125197383e-07,-1.2331921179503348e-07,-7.863019902954311e-08,-3.722785326131413e-08,1.0341369151900583e-09,3.627522558669259e-08,6.859518087590194e-08,9.807970495990854e-08,1.2480500739490064e-07,1.4884174610478206e-07,1.702586914444033e-07,1.8912643850941056e-07,2.0552148882826823e-07,2.1953104237872154e-07,2.312588817242213e-07,2.408327875650335e-07,2.484139915012272e-07,2.5420923480979433e-07,2.5848604376637146e-07,2.615918306850234e-07,2.639773470032995e-07,2.66224703543985e-07,2.690788371624984e-07,2.7347649317715495e-07,2.8055215800981346e-07,2.9155992864118393e-07,3.0754331871410524e-07,2.6825664957285263e-07,2.325619402334522e-07,2.0011723699280973e-07,1.7050147605988621e-07,1.4332251982364546e-07,1.1824587203045684e-07,9.49956818185069e-08,7.334819124694295e-08,5.312410374218066e-08,3.418144506849999e-08,1.640909733406991e-08,-2.7898256866392927e-10,-1.5948838264740403e-08,-3.065089748930923e-08,-4.442373409115725e-08,-5.729732438068882e-08,-6.929594288878691e-08,-8.044085957160367e-08,-9.07530118164467e-08,-1.0025583493534872e-07,-1.0897844588418442e-07,-1.1695938526826457e-07,-1.2425112725876222e-07,-1.3092555263555622e-07,-1.370805042518785e-07,-1.428472254599548e-07,-1.4839742657851295e-07,-1.53945649428103e-07,-1.597343841299272e-07,-1.6596790772140145e-07,1.3803265695180494e-06,1.286125870230028e-06,1.2215071776644433e-06,1.1773477636619716e-06,1.143080814988208e-06,1.1097145685940958e-06,1.0704090616775125e-06,1.0203422461390935e-06,9.5642603776142e-07,8.770322801388556e-07,7.817598477501099e-07,6.712406458571286e-07,5.469753178107848e-07,4.1118794443549164e-07,2.6668915452953743e-07,1.1673798689875499e-07,-3.5105761912774e-08,-1.8514530420995575e-07,-3.297315432083622e-07,-4.6547163604946805e-07,-5.894625885716431e-07,-6.995492511040308e-07,-7.946042947370621e-07,-8.748258738135333e-07,-9.420466985173014e-07,-1.0000459175224433e-06,-1.0548498687086844e-06,-1.1149744988706575e-06,-1.1914276985452165e-06,-1.296859225539778e-06,-1.4420067996891923e-06,-1.2547628551848633e-06,-1.0943249714222894e-06,-9.569829934389826e-07,-8.383673086140883e-07,-7.346810867890001e-07,-6.429051532390493e-07,-5.607097258075147e-07,-4.863171678806736e-07,-4.1838202351330424e-07,-3.5589309838265604e-07,-2.980943951352675e-07,-2.4442227677246664e-07,-1.9445652975739843e-07,-1.4788298030270648e-07,-1.0446538342070478e-07,-6.402452968979459e-08,-2.6422831992590358e-08,8.447011634051606e-09,4.067037917553087e-08,7.031695693158485e-08,9.744549179846175e-08,1.221075653627461e-07,1.4435078941258072e-07,1.6422175888797087e-07,1.81769068498993e-07,1.9704670012770295e-07,2.101181181201161e-07,2.2106146792989175e-07,2.2997635905019266e-07,2.3699282178241055e-07,2.4228314938665864e-07,2.460774545983266e-07,2.48683858664585e-07,2.505142776764887e-07,2.5211674777026404e-07,2.542148311438718e-07,2.577505627255255e-07,2.6391010245228853e-07,2.740580629212392e-07,2.893593218650213e-07,2.523013253289775e-07,2.1887160977248988e-07,1.886578353118989e-07,1.6117116989446974e-07,1.3598106687425805e-07,1.1273736381421224e-07,9.116173706259276e-08,7.103490436897094e-08,5.21857493583155e-08,3.44822800623608e-08,1.782387007126075e-08,2.13462654628938e-09,-1.264217111992098e-08,-2.654865917585201e-08,-3.961615709747623e-08,-5.18683005499785e-08,-6.332373709067231e-08,-7.399858452969451e-08,-8.390885505183315e-08,-9.307305791778284e-08,-1.0151521208663646e-07,-1.0926852650469661e-07,-1.1638003613932378e-07,-1.2291650937786903e-07,-1.2897194520743933e-07,-1.3467685490047965e-07,-1.402085335896199e-07,-1.4579781633876462e-07,-1.517166011581162e-07,-1.5820004736621418e-07,1.2519956411290518e-06,1.1465135782586314e-06,1.0705839454498398e-06,1.0155942578886065e-06,9.718048140005614e-07,9.311935893567877e-07,8.878116532948906e-07,8.375259615216692e-07,7.777017875640538e-07,7.069306879494786e-07,6.248083959692768e-07,5.31755407995257e-07,4.2887015368663575e-07,3.178040675541237e-07,2.0064842695822335e-07,7.982401690763261e-08,-4.2033851003763897e-08,-1.6220092547467234e-07,-2.780047339598743e-07,-3.8698367067264783e-07,-4.870665811597977e-07,-5.767740146542787e-07,-6.554413999838785e-07,-7.234632850706562e-07,-7.825561832246324e-07,-8.360357636285223e-07,-8.891031693380983e-07,-9.491342146476633e-07,-1.0258539951597052e-06,-1.1307963719411397e-06,-1.2739923953193944e-06,-1.1044288329365255e-06,-9.611137922283224e-07,-8.39831989581386e-07,-7.358356354339409e-07,-6.452384286085656e-07,-5.650971236023231e-07,-4.932084158842514e-07,-4.279344143335866e-07,-3.6806903223908084e-07,-3.127319188246073e-07,-2.612845547263983e-07,-2.1326541777631393e-07,-1.6834111562576852e-07,-1.2627028817340675e-07,-8.687733388942358e-08,-5.003347819459669e-08,-1.5643213481697812e-08,1.6365395044067615e-08,4.6047662074362976e-08,7.344732311474454e-08,9.860027549351168e-08,1.2153747708015157e-07,1.4228735716144925e-07,1.6087803223210188e-07,1.7733959285110689e-07,1.91706732917597e-07,2.040220292106875e-07,2.1434024842464774e-07,2.2273416374039258e-07,2.2930250427685865e-07,2.341808336403035e-07,2.375563404057288e-07,2.396876873429016e-07,2.409311640854752e-07,2.417744571042981e-07,2.4287955800934897e-07,2.451366292055666e-07,2.4971490251601043e-07,2.5802611947366717e-07,2.713157234830764e-07,2.3694431410775335e-07,2.0607734655119328e-07,1.7824919871695897e-07,1.5293373037976054e-07,1.2969598327637866e-07,1.0819857965503278e-07,8.818030605635217e-08,6.943959905261846e-08,5.1822808712033794e-08,3.5214450657862477e-08,1.9528858857316735e-08,4.703220391004201e-09,-9.308055433334099e-09,-2.2537797098961815e-08,-3.5009587458712074e-08,-4.674057862310212e-08,-5.7743837246191795e-08,-6.803043881817886e-08,-7.761152408239906e-08,-8.650053925271289e-08,-9.471590677206593e-08,-1.022844143426593e-07,-1.0924566273645378e-07,-1.1565796991897279e-07,-1.2160618758933363e-07,-1.272119279499122e-07,-1.3264656951864646e-07,-1.3814353708394492e-07,-1.4399169634163334e-07,-1.504491091728066e-07,1.1239539568289937e-06,1.0185949337307559e-06,9.396530227407887e-07,8.795026572686979e-07,8.298425490415849e-07,7.841457303768596e-07,7.376646436654927e-07,6.871191040722305e-07,6.304248493966733e-07,5.664604357655546e-07,4.948760480825623e-07,4.159412218018175e-07,3.304236615759995e-07,2.394896828440851e-07,1.446172289711332e-07,4.751368240399871e-08,-4.9967873866705404e-08,-1.4591896367330424e-07,-2.384765086062589e-07,-3.2593717679330336e-07,-4.068878012428685e-07,-4.80354063031647e-07,-5.459694038089299e-07,-6.041655453163478e-07,-6.563841501207036e-07,-7.053048895316319e-07,-7.550798637085262e-07,-8.115689530122131e-07,-8.82635815205316e-07,-9.78084093075713e-07,-1.1068309354090454e-06,-9.607240112699311e-07,-8.379283768074512e-07,-7.34188131231106e-07,-6.449843696986169e-07,-5.669267168342912e-07,-4.974874066456229e-07,-4.347820410278952e-07,-3.774303917656406e-07,-3.244392909903274e-07,-2.7510355180583256e-07,-2.289268639426247e-07,-1.8556174424228017e-07,-1.4476550040809674e-07,-1.0636865554274392e-07,-7.02526308318416e-08,-3.633411133938351e-08,-4.554147091395822e-09,2.5129435487655244e-08,5.274733470539877e-08,7.832251586350396e-08,1.0187291497463556e-07,1.234134819183361e-07,1.4295784870272776e-07,1.605198550516399e-07,1.7611514215117844e-07,1.8976303308798106e-07,2.0148895571900223e-07,2.1132773387043235e-07,2.1932818149758764e-07,2.25559587499757e-07,2.301208772325968e-07,2.3315346465888135e-07,2.3485901234803728e-07,2.3552337524548846e-07,2.3554775283176567e-07,2.3548769433350723e-07,2.3610162201940644e-07,2.3842029554179626e-07,2.437745226188936e-07,2.5340039046624973e-07,2.223671200976208e-07,1.9443890542364108e-07,1.6914591058638218e-07,1.4599503598729456e-07,1.2461560042113902e-07,1.047240555054139e-07,8.609893200077539e-08,6.857049756996581e-08,5.201176339626354e-08,3.6329629718189183e-08,2.1456933318052597e-08,7.345876531823501e-09,-6.037130401890608e-09,-1.871541276040173e-08,-3.070503013555532e-08,-4.201709509746829e-08,-5.265964780534396e-08,-6.263929671942234e-08,-7.19628235834984e-08,-8.063895787989617e-08,-8.86805542834483e-08,-9.610745604855815e-08,-1.0295039229232964e-07,-1.0925632182144327e-07,-1.1509567262660814e-07,-1.2057194543287075e-07,-1.2583428812340156e-07,-1.310947818170237e-07,-1.3663389021266266e-07,-1.4271504133259043e-07,9.961946087104616e-07,9.026790164732112e-07,8.286784951847352e-07,7.682362794004679e-07,7.156890079803681e-07,6.666642709758596e-07,6.178546093790703e-07,5.669427228036101e-07,5.124546601717102e-07,4.535970569801455e-07,3.901143688740927e-07,3.2217478278679394e-07,2.502811729286941e-07,1.751999559478806e-07,9.7900732185996e-08,1.950069617070358e-08,-5.879097672941402e-08,-1.3573251434683252e-07,-2.1011566711245605e-07,-2.8084102641720966e-07,-3.470047985173309e-07,-4.0799934672929485e-07,-4.6362997598568456e-07,-5.142501568650345e-07,-5.609151990475023e-07,-6.055468754894668e-07,-6.510829888092006e-07,-7.015563260011693e-07,-7.620743402513061e-07,-8.393128402915811e-07,-9.404174380354604e-07,-8.252662496542782e-07,-7.267860806678447e-07,-6.414757398494677e-07,-5.666492539996965e-07,-5.001411599640705e-07,-4.401444534955363e-07,-3.85262557091078e-07,-3.3447434629684465e-07,-2.870581292313195e-07,-2.4251422439238827e-07,-2.0050113361280754e-07,-1.607875392938604e-07,-1.2321784158547827e-07,-8.76880380860134e-08,-5.4129082226437166e-08,-2.2495497587063008e-08,7.242378632171762e-09,3.510367357691171e-08,6.110058002178261e-08,8.524083674461453e-08,1.0752947498322303e-07,1.2797010558874336e-07,1.4656595026899172e-07,1.6332078009959115e-07,1.7823990936323158e-07,1.9133140048254872e-07,2.0260766724592495e-07,2.1208772257405864e-07,2.1980041057087043e-07,2.25789098266549e-07,2.3011848519475946e-07,2.3288440707843562e-07,2.3422770044859312e-07,2.3435316505146596e-07,2.335539288409406e-07,2.322392191795529e-07,2.3095941717252603e-07,2.3042530542597922e-07,2.3161047013917607e-07,2.3559443333926237e-07,2.0874910159388062e-07,1.8418508112656216e-07,1.6150677614171454e-07,1.4043641822391889e-07,1.2076265203713468e-07,1.0229176203731828e-07,8.486182284923239e-08,6.834743312541143e-08,5.265599883213492e-08,3.772117334885255e-08,2.349640696913343e-08,9.94961117562673e-09,-2.940939570212045e-09,-1.5189655200552763e-08,-2.6805880756241494e-08,-3.779558745674668e-08,-4.816270527420156e-08,-5.791026881379939e-08,-6.704153450052671e-08,-7.5561232273692e-08,-8.347714100544212e-08,-9.08022237775818e-08,-9.755762061495557e-08,-1.0377684637689107e-07,-1.0951150510607853e-07,-1.1483855837392836e-07,-1.198685751741248e-07,-1.2475478060018825e-07,-1.2971783674177244e-07,-1.3499678037214006e-07,8.686774745334026e-07,7.971562211574538e-07,7.334966726094229e-07,6.757902046264365e-07,6.224156056049672e-07,5.713117590094238e-07,5.207021201042081e-07,4.693028130064527e-07,4.162960627029873e-07,3.612472400503368e-07,3.040233062966039e-07,2.4472667989460054e-07,1.8364403635844168e-07,1.2120597480411846e-07,5.795329404616957e-08,-5.493681383603331e-09,-6.846550699205394e-08,-1.3027590075781804e-07,-1.9025760051898067e-07,-2.4780324613861636e-07,-3.024126909321935e-07,-3.537482893057374e-07,-4.0169992838828494e-07,-4.464614489691906e-07,-4.886182849858144e-07,-5.292388671566876e-07,-5.699388905560304e-07,-6.128261915205527e-07,-6.600815942889869e-07,-7.12984543954487e-07,-7.745861830939267e-07,-6.982535363621725e-07,-6.257600094844984e-07,-5.588730949443285e-07,-4.979310490216227e-07,-4.421364913214159e-07,-3.90542775193233e-07,-3.423663915456029e-07,-2.970317573348455e-07,-2.541385337127408e-07,-2.1341662243536e-07,-1.7468757679616172e-07,-1.378356770718281e-07,-1.0278745011320884e-07,-6.949756797248687e-08,-3.7939282628632606e-08,-8.09799143555613e-09,2.0033071170659273e-08,4.6455712538968795e-08,7.11687076949862e-08,9.416909671550999e-08,1.1545307576151754e-07,1.3501663697786595e-07,1.5285607063457976e-07,1.6896841962713247e-07,1.833519681134196e-07,1.9600685125281716e-07,2.0693589252454752e-07,2.1614581194806297e-07,2.2364900636446357e-07,2.2946619160840352e-07,2.336303136556319e-07,2.3619228294918432e-07,2.372292083385633e-07,2.3685572961338768e-07,2.3523823641290086e-07,2.326086214707998e-07,2.292652526778658e-07,2.255246333400911e-07,2.215842090791538e-07,2.178705700083249e-07,1.9606440096243112e-07,1.750454799401391e-07,1.5493091459035441e-07,1.3584826952268395e-07,1.1775318596848591e-07,1.0055214057444297e-07,8.415607138926862e-08,6.849460355883598e-08,5.3516372157108505e-08,3.9185469414525123e-08,2.5477541733964763e-08,1.2376535856280821e-08,-1.2776874068589008e-10,-1.2041562107190012e-08,-2.336830924965094e-08,-3.410971166866307e-08,-4.4266451011734995e-08,-5.383881975187317e-08,-6.282733384565242e-08,-7.123342529754954e-08,-7.906032955101049e-08,-8.631431377369387e-08,-9.300643244062052e-08,-9.915502144035264e-08,-1.0478906813032708e-07,-1.0995214750505631e-07,-1.147051812449716e-07,-1.1912195379659661e-07,-1.2327126773255748e-07,-1.27292022350444e-07,7.413365552728625e-07,6.870402352321977e-07,6.330399211100274e-07,5.793520022202364e-07,5.259937157423488e-07,4.7298029670823554e-07,4.203266146319944e-07,3.6804979026220016e-07,3.161716957043192e-07,2.6472090895745207e-07,2.137339922225228e-07,1.6325608673022727e-07,1.1334087254194216e-07,6.404996825339906e-08,1.5451859736487157e-08,-3.2379543699342594e-08,-7.936661990577158e-08,-1.254298986834754e-07,-1.7048996200858747e-07,-2.1446925585476367e-07,-2.5729368665347054e-07,-2.988938756489324e-07,-3.392059498978275e-07,-3.781717625903796e-07,-4.1573846338612354e-07,-4.518573926488695e-07,-4.864823760766503e-07,-5.195677003543199e-07,-5.51066508299054e-07,-5.809312696895164e-07,-6.091216645821739e-07,-5.614148544613085e-07,-5.14738354831442e-07,-4.691347137242561e-07,-4.2465406981238615e-07,-3.813461701405199e-07,-3.392575901164177e-07,-2.984309591376626e-07,-2.589049736379613e-07,-2.2071469803861712e-07,-1.8389194402744138e-07,-1.4846564199753887e-07,-1.1446217271196489e-07,-8.190565118243233e-08,-5.0818164860903805e-08,-2.1219971994973804e-08,6.870333141150783e-09,3.343568180405774e-08,5.846041361585347e-08,8.19301760750468e-08,1.0383183697705335e-07,1.2415340667846649e-07,1.4288396769396667e-07,1.600136095301937e-07,1.75533366951053e-07,1.8943516004718447e-07,2.017117345599971e-07,2.1235660089290474e-07,2.213639701346215e-07,2.2872868522119305e-07,2.344461450819565e-07,2.3851221926377505e-07,2.4092315016209093e-07,2.4167543972898377e-07,2.407657176899117e-07,2.3819058958717712e-07,2.339464671301495e-07,2.2802939423086016e-07,2.2043491295838477e-07,2.1115807814932506e-07,2.0019409394760476e-07,1.8199345009711336e-07,1.6427105689005467e-07,1.4703116812440986e-07,1.302793387069886e-07,1.140214750096469e-07,9.826343374833595e-08,8.30108463792816e-08,6.826904657324807e-08,5.4043045257261225e-08,4.033752773823418e-08,2.7156860775610512e-08,1.4505103817102292e-08,2.3860217242703363e-09,-9.196902115169692e-09,-2.0240452581077717e-08,-3.074166938274787e-08,-4.06978330061787e-08,-5.0106449505656124e-08,-5.896523347426564e-08,-6.7272088410278e-08,-7.502508357806057e-08,-8.22224263532381e-08,-8.886242898900645e-08,-9.494346885355539e-08,-1.0046394173394612e-07,-1.0542220942284634e-07,-1.0981654692202609e-07,-1.1364510606133475e-07,-1.1690593585911459e-07,-1.1959723346485193e-07,7.190657527920027e-07,6.653982281825301e-07,6.121269157200946e-07,5.59132340486274e-07,5.064688058549741e-07,4.541908623804222e-07,4.023369148616238e-07,3.509359357357937e-07,3.0001398982425905e-07,2.4959869656932414e-07,1.9972191953348815e-07,1.5042121592307092e-07,1.0174041692902673e-07,5.3729588954736296e-08,6.444557206271581e-09,-4.00538575159976e-08,-8.570074568206119e-08,-1.304280092550315e-07,-1.7416508660828323e-07,-2.1683930488701086e-07,-2.5837562380898827e-07,-2.9869548776188674e-07,-3.3771445793492934e-07,-3.753382918766769e-07,-4.114572963212657e-07,-4.459394778070817e-07,-4.786253169817351e-07,-5.093343627897457e-07,-5.37914008328389e-07,-5.644257907311743e-07,-5.895208308079051e-07,-5.416227655114809e-07,-4.944648260898863e-07,-4.486643722182116e-07,-4.0428283094297347e-07,-3.6129815480767425e-07,-3.196913037507231e-07,-2.7945508344215183e-07,-2.40592028535876e-07,-2.031109603013967e-07,-1.670243712953927e-07,-1.3234667698916788e-07,-9.909310832611411e-08,-6.727902915055996e-08,-3.691952585213318e-08,-8.02916883622301e-09,1.9378118025979345e-08,4.5289119728857846e-08,6.969134827351527e-08,9.257303023789732e-08,1.1392307023099169e-07,1.3373099134820496e-07,1.5198684920998696e-07,1.686811116127973e-07,1.838044904885127e-07,1.973477059360499e-07,2.0930115258434333e-07,2.1965442527677683e-07,2.2839564264691083e-07,2.35510482291811e-07,2.4098080974187005e-07,2.4478274955262766e-07,2.468840269759009e-07,2.472404556926274e-07,2.457917097042758e-07,2.4245740153299073e-07,2.3713706795409041e-07,2.297245590192003e-07,2.2016378683256782e-07,2.085924707759443e-07,1.9531803431967947e-07,1.7878049999568138e-07,1.6236223543199918e-07,1.4616641250140925e-07,1.302218841774678e-07,1.1458255364655427e-07,9.930349369565666e-08,8.443019744374269e-08,6.999742711403413e-08,5.603094057853062e-08,4.2549663558626006e-08,2.9567540806257022e-08,1.7094936338097907e-08,5.13963975372229e-09,-6.292427195770395e-09,-1.7196719097966476e-08,-2.7569724915377544e-08,-3.74087277051294e-08,-4.671163171563421e-08,-5.547683221440547e-08,-6.370311017113448e-08,-7.138953912579425e-08,-7.853539728857577e-08,-8.5140088552438e-08,-9.12031024805862e-08,-9.672411697473936e-08,-1.0170354661062574e-07,-1.0614447214478834e-07,-1.1005843934983212e-07,-1.1348507044490893e-07,-1.1654721831577185e-07,6.969072690232185e-07,6.439035451453062e-07,5.911520482881701e-07,5.387223241190253e-07,4.866791736789385e-07,4.3508693788619675e-07,3.8399225947431084e-07,3.3342845660320366e-07,2.8342220363678e-07,2.33998553822778e-07,1.8518415074808927e-07,1.3700910749289824e-07,8.950798633502375e-08,4.2720185024553014e-08,-3.310051175625433e-09,-4.8533816434247736e-08,-9.289776800211464e-08,-1.363442155584657e-07,-1.7881087932788575e-07,-2.202300782034178e-07,-2.605270515713318e-07,-2.9961704842878874e-07,-3.374007502778653e-07,-3.737575817950885e-07,-4.0853665284970185e-07,-4.4154584196060925e-07,-4.7254175650292273e-07,-5.012283830927943e-07,-5.272796457189214e-07,-5.503793604038946e-07,-5.700991080488283e-07,-5.207179492381847e-07,-4.7309118482934554e-07,-4.271535269496719e-07,-3.8288238146605416e-07,-3.401976088206031e-07,-2.9903004184896433e-07,-2.593329010046833e-07,-2.2107845218388258e-07,-1.8425256035195245e-07,-1.4885017740566514e-07,-1.1487212887748068e-07,-8.232294379805739e-08,-5.120942240873491e-08,-2.1539701845935104e-08,6.677347901507282e-09,3.3432509812853736e-08,5.871646031705876e-08,8.251991049147616e-08,1.0483367557406386e-07,1.2564868727257114e-07,1.4495595338245984e-07,1.6274646073161404e-07,1.7901100908737136e-07,1.9373995411924147e-07,2.0692282547059068e-07,2.1854776991998473e-07,2.2860074771163262e-07,2.3706438044749363e-07,2.439163098885496e-07,2.491268790789181e-07,2.526558973053463e-07,2.5444822287970345e-07,2.544279594723174e-07,2.52491379441554e-07,2.4849961996464694e-07,2.4227437819582815e-07,2.3360341567547487e-07,2.2226176843591726e-07,2.0799757980815712e-07,1.9044716707102888e-07,1.755877895786719e-07,1.6040832555153675e-07,1.4509763036959227e-07,1.2982469105990392e-07,1.1470984471185442e-07,9.984935697712318e-08,8.531782407360267e-08,7.117104127013163e-08,5.7449836832037105e-08,4.418375912628362e-08,3.139410236352059e-08,1.9096200663794133e-08,7.3010970152854646e-09,-3.9832687799594284e-09,-1.4751223361577326e-08,-2.4998771792883895e-08,-3.4723181750819925e-08,-4.3922683975758216e-08,-5.259624810172247e-08,-6.07434037510483e-08,-6.836408502740286e-08,-7.545848507316972e-08,-8.202692166196578e-08,-8.806974764813201e-08,-9.358742127552009e-08,-9.85810542822934e-08,-1.0305420915804144e-07,-1.0701751939412454e-07,-1.1049747191931464e-07,-1.1350367616953265e-07,6.748599812956256e-07,6.223097056104034e-07,5.700699187338075e-07,5.182151684645298e-07,4.6682909470288795e-07,4.1597390124657876e-07,3.656948419709496e-07,3.1602378965871733e-07,2.6698475820074504e-07,2.1859847084236076e-07,1.708855516371074e-07,1.2386857757981024e-07,7.757333162673901e-08,3.2029539075537047e-08,-1.2728693030487708e-08,-5.6662550259960895e-08,-9.972812557949466e-08,-1.4187578937609726e-07,-1.8304909920957242e-07,-2.2318298645713394e-07,-2.6220089394537365e-07,-3.000104650124266e-07,-3.364973173673305e-07,-3.715164200006394e-07,-4.048807282009918e-07,-4.3634718990109184e-07,-4.6560112789521615e-07,-4.922403652125782e-07,-5.157563272212032e-07,-5.35493970496894e-07,-5.508463427169381e-07,-5.002771520365904e-07,-4.5203337890936677e-07,-4.059254602414017e-07,-3.61749008367381e-07,-3.1935195696275735e-07,-2.7861642885379e-07,-2.394581887535568e-07,-2.018199156610561e-07,-1.6566404561712975e-07,-1.309669098658666e-07,-9.771443066261178e-08,-6.589910309196256e-08,-3.5517923119436965e-08,-6.570979357669657e-09,2.093949880803917e-08,4.700978084766296e-08,7.163505936079365e-08,9.480972200629924e-08,1.1652750986484931e-07,1.3678158323409496e-07,1.5556450200600978e-07,1.7286811584668373e-07,1.8868334769569464e-07,2.0299984105152195e-07,2.1580542550430433e-07,2.2708533427407913e-07,2.3682108023031686e-07,2.449888612136568e-07,2.5155732049784423e-07,2.564844357249143e-07,2.597132580385986e-07,2.6116619666213457e-07,2.6073759544980314e-07,2.5828457112491885e-07,2.5361657642518654e-07,2.464846909731899e-07,2.3657047818304585e-07,2.234647797095611e-07,2.066322760736693e-07,1.8556538012430318e-07,1.7202043801764502e-07,1.5791929873969177e-07,1.4346158110549338e-07,1.2886503644586947e-07,1.1430052309099289e-07,9.989635065289319e-08,8.574954526568434e-08,7.193260518743129e-08,5.849897052631809e-08,4.548761015191799e-08,3.292671410218318e-08,2.0836535207763395e-08,9.23150690727852e-09,-1.8782104255416093e-09,-1.2485613552114327e-08,-2.258605445782775e-08,-3.217666175762822e-08,-4.125591644554916e-08,-4.9823329713185864e-08,-5.787918280764593e-08,-6.5424298051195e-08,-7.245981831484431e-08,-7.89869829477674e-08,-8.500690745769037e-08,-9.052040991380946e-08,-9.55279781230665e-08,-1.0002990658274236e-07,-1.0402610375879116e-07,-1.0750892927244887e-07,-1.1046647090068971e-07,6.529234568061113e-07,6.007074305555516e-07,5.489501333759227e-07,4.977050284467455e-07,4.470337855191176e-07,3.9698690159516144e-07,3.4760056232521135e-07,2.9890005519687454e-07,2.509035101365042e-07,2.0362543830645067e-07,1.5707949980294116e-07,1.1128050210818078e-07,6.624580310166078e-08,2.1996321655097697e-08,-2.1442656602858195e-08,-6.404070444436429e-08,-1.057613347699642e-07,-1.4656074817500193e-07,-1.863860241111472e-07,-2.2517248809060428e-07,-2.6283993095557863e-07,-2.9928729550425085e-07,-3.3438539614482293e-07,-3.6796722720038685e-07,-3.9981547921584533e-07,-4.2964700998125034e-07,-4.570939450977394e-07,-4.816804790756633e-07,-5.027948371946077e-07,-5.197031126220762e-07,-5.317540993607811e-07,-4.803615967036838e-07,-4.3165878509943497e-07,-3.8540499417753187e-07,-3.413354379897921e-07,-2.9923507481319885e-07,-2.5894311987390756e-07,-2.2034107124913742e-07,-1.8334330858100415e-07,-1.4788874712576307e-07,-1.1393420935608987e-07,-8.144945028186563e-08,-5.041355477572862e-08,-2.0812377011077916e-08,7.363261750564296e-09,3.411883495088457e-08,5.945698974274209e-08,8.337815278446751e-08,1.0588093599964671e-07,1.2696238826388875e-07,1.4661811824535225e-07,1.6484229699677485e-07,1.816275343481075e-07,1.9696460890733907e-07,2.1084201589952697e-07,2.232452785511667e-07,2.3415594565008729e-07,2.435501687670111e-07,2.5139671634175745e-07,2.5765423860348403e-07,2.6226755012066237e-07,2.6516265426876537e-07,2.6624021322092706e-07,2.653671928022433e-07,2.6236649246385596e-07,2.570044018660286e-07,2.4897526705589695e-07,2.3788102018583292e-07,2.2320514104391307e-07,2.0431890149001304e-07,1.8065921289617995e-07,1.6811790754270632e-07,1.5491988624447115e-07,1.412532164930022e-07,1.2733655815448235e-07,1.1335553238625954e-07,9.945533151315089e-08,8.57471106450824e-08,7.231518711160755e-08,5.922280970257256e-08,4.651689492356454e-08,3.423187173907492e-08,2.2392721940033814e-08,1.1017321724219276e-08,1.182087066864598e-10,-1.0296102596074966e-08,-2.022014777830206e-08,-2.965079144267082e-08,-3.858668504246225e-08,-4.7027845409168526e-08,-5.4975306860498686e-08,-6.243080767868987e-08,-6.939647688455542e-08,-7.587448960827134e-08,-8.186665602275006e-08,-8.737388707381054e-08,-9.239538531415864e-08,-9.692715818629888e-08,-1.0095855675154936e-07,-1.0446905977881311e-07,-1.074354250824712e-07,6.31097711029341e-07,5.791685302616098e-07,5.278891964653337e-07,4.772829346826317e-07,4.273800541332379e-07,3.7820837661166497e-07,3.297889972445813e-07,2.821361422580619e-07,2.352589923409831e-07,1.8916389528744495e-07,1.438564610635621e-07,9.934332055589683e-08,5.5633553449484704e-08,1.2739883177642561e-08,-2.932022805813164e-08,-7.052343588133732e-08,-1.1083915878200825e-07,-1.5022782694376376e-07,-1.8863852022355543e-07,-2.2600574318446367e-07,-2.6224504370599786e-07,-2.9724714371818113e-07,-3.3087022784189037e-07,-3.6293004101148537e-07,-3.9318747922896206e-07,-4.2133337225148824e-07,-4.469701864891525e-07,-4.695912313414899e-07,-4.88567607781356e-07,-5.0318035377847e-07,-5.128160606216265e-07,-4.609383141079435e-07,-4.119773050093714e-07,-3.656854019433556e-07,-3.217778374755341e-07,-2.800106222266246e-07,-2.4019180258777523e-07,-2.0217485591015546e-07,-1.658490129135527e-07,-1.3113097441016718e-07,-9.79582164901177e-08,-6.628383450803558e-08,-3.6072680618352314e-08,-7.298521383932193e-09,2.005803253746789e-08,4.6011024929415824e-08,7.057023226966076e-08,9.374193082793913e-08,1.1552942747374519e-07,1.359334020123691e-07,1.5495208733145434e-07,1.7258129577672576e-07,1.8881428424450724e-07,2.036414348792207e-07,2.1704971151403368e-07,2.2902183271809867e-07,2.395350792994884e-07,2.4855962648018564e-07,2.560562585524403e-07,2.619732878884638e-07,2.662424643192968e-07,2.687736318070661e-07,2.694478752364192e-07,2.681089014705158e-07,2.645523806437791e-07,2.585128263707828e-07,2.496472315637396e-07,2.3751524404287409e-07,2.2156365744962768e-07,2.0114972835514494e-07,1.7571888904683855e-07,1.6394913240176145e-07,1.515072728707135e-07,1.385584101423788e-07,1.253024696225261e-07,1.1191916557190144e-07,9.85558834257355e-08,8.532928414045025e-08,7.233009878601855e-08,5.962796307576606e-08,4.727563282565228e-08,3.531254690409453e-08,2.3767757364866698e-08,1.2662276799253766e-08,2.010917565519408e-09,-8.176290262896267e-09,-1.7893015671157506e-08,-2.7135799289709648e-08,-3.590341320786201e-08,-4.41963494008675e-08,-5.2016386141643554e-08,-5.9366186801894856e-08,-6.624888635725993e-08,-7.266761481667072e-08,-7.862488629802783e-08,-8.412172869152426e-08,-8.915631991862235e-08,-9.372170717279073e-08,-9.780272520135457e-08,-1.0137426162522661e-07,-1.0441054029426047e-07,6.093829441424126e-07,5.577450401184708e-07,5.069611532462084e-07,4.570262670115794e-07,4.079388299464571e-07,3.5970097581479007e-07,3.123147137261302e-07,2.6577992361972554e-07,2.2009423948462355e-07,1.7525400369206594e-07,1.3125562003491263e-07,8.809697235722343e-08,4.577877796339057e-08,4.305875889180475e-09,-3.6311478470326056e-08,-7.605619973604974e-08,-1.1490269849479502e-07,-1.528147794950905e-07,-1.8974291827007614e-07,-2.2562069577042595e-07,-2.603601476123071e-07,-2.9384577198866973e-07,-3.2592694687023937e-07,-3.564085400711692e-07,-3.850395573703011e-07,-4.1149980421250916e-07,-4.3538501639262805e-07,-4.561933688075425e-07,-4.73323721454544e-07,-4.861173661195108e-07,-4.940275469795348e-07,-4.419545833128305e-07,-3.9294089059618723e-07,-3.4674756927085194e-07,-3.030918134024423e-07,-2.617194210149397e-07,-2.2242095561585187e-07,-1.850294330380419e-07,-1.4941339677683443e-07,-1.1546979455774002e-07,-8.311792179335922e-08,-5.2294552607051674e-08,-2.295014902742975e-08,4.954035043977128e-09,3.144814000164006e-08,5.655533771823715e-08,8.029304814887973e-08,1.026738316428343e-07,1.2370602484197112e-07,1.4339416406185917e-07,1.617392199222305e-07,1.7873864963022882e-07,1.94386257477486e-07,2.0867183855351136e-07,2.215805642560839e-07,2.3309204991029088e-07,2.4317902398920704e-07,2.5180549485129404e-07,2.589242851878911e-07,2.644737783656224e-07,2.6837369789579095e-07,2.705197255022924e-07,2.707767563177304e-07,2.689705828503412e-07,2.648777661231481e-07,2.5821338725747386e-07,2.4861656474723583e-07,2.3563553894098505e-07,2.18721273340484e-07,1.972605299219921e-07,1.7073772932503627e-07,1.5957263370956311e-07,1.4776934179449702e-07,1.3546677749783042e-07,1.2283880775348601e-07,1.1004926209689232e-07,9.723843265497751e-08,8.452139839851755e-08,7.199030582108234e-08,5.97176585493115e-08,4.775961736422138e-08,3.615899721087318e-08,2.4947866272980938e-08,1.41497249310708e-08,3.781284230850163e-09,-6.146111216405142e-09,-1.562535861097172e-08,-2.4652710200944223e-08,-3.322706605511638e-08,-4.134939213646597e-08,-4.902221320239368e-08,-5.624913166129569e-08,-6.303432080798502e-08,-6.938193023926802e-08,-7.529531618135786e-08,-8.077596362938493e-08,-8.582190650235478e-08,-9.042553019610832e-08,-9.457114338142289e-08,-9.823458221341872e-08,-1.0139200158995962e-07,5.877793697405822e-07,5.364708714710741e-07,4.862182323578605e-07,4.369931703027357e-07,3.887663059397174e-07,3.4151493791618584e-07,2.952208564799403e-07,2.4986768294936984e-07,2.0543962536813887e-07,1.6192146776087494e-07,1.1929929466148064e-07,7.756156903145711e-08,3.670035989560711e-08,-3.2873512743974025e-09,-4.23982670214367e-08,-8.062119755971815e-08,-1.1793519749152811e-07,-1.5430727320596714e-07,-1.896894967530069e-07,-2.2401534669788627e-07,-2.5719509108685553e-07,-2.8911003815782495e-07,-3.196055144910502e-07,-3.484824974862692e-07,-3.7548795377033795e-07,-4.003042126916314e-07,-4.225385223550983e-07,-4.417161910745384e-07,-4.5728675309707306e-07,-4.686673799996272e-07,-4.7538504796912184e-07,-4.2336508523793756e-07,-3.744928896933274e-07,-3.285444820260431e-07,-2.852484006247539e-07,-2.4435123013431825e-07,-2.056354738875814e-07,-1.689207251075447e-07,-1.3405951177330317e-07,-1.0093202914851414e-07,-6.944118992395688e-08,-3.950840955383247e-08,-1.1070166444885953e-08,1.5924738686715363e-08,4.151733423253547e-08,6.574014895000722e-08,8.861849704266945e-08,1.1017145103233736e-07,1.3041255603354793e-07,1.493503202114389e-07,1.669884993284004e-07,1.833261780280412e-07,1.9835763619054722e-07,2.1207197454218042e-07,2.2445245898714882e-07,2.3547552731072113e-07,2.451093847734189e-07,2.533120970054482e-07,2.6002907060377916e-07,2.651897959222309e-07,2.687037154147912e-07,2.7045507685178695e-07,2.7029663340217325e-07,2.6804205748591375e-07,2.634569461330741e-07,2.562483930894656e-07,2.460536585065667e-07,2.3243050097117315e-07,2.1485792915704153e-07,1.9277275927476987e-07,1.6571148570056576e-07,1.5503236548699244e-07,1.437752047146951e-07,1.320539644045144e-07,1.2001548814271145e-07,1.0780381463084124e-07,9.554710969000819e-08,8.335408182016678e-08,7.131429545628569e-08,5.9499977991670036e-08,4.7968297475100564e-08,3.676367292864747e-08,2.591992170841233e-08,1.5462156896440157e-08,5.408405367411434e-09,-4.229046933536059e-09,-1.3442554163995061e-08,-2.2228214128999545e-08,-3.058513099138941e-08,-3.851479041268941e-08,-4.602049999357608e-08,-5.310684651361407e-08,-5.977911696338931e-08,-6.604262013496294e-08,-7.190182767043863e-08,-7.735923166024044e-08,-8.241382554042731e-08,-8.705924353775662e-08,-9.128208008926256e-08,-9.506220647489692e-08,-9.838014722639943e-08,5.662871081699167e-07,5.153667419297906e-07,4.6569446701181096e-07,4.1722423156209834e-07,3.6990406808882113e-07,3.236892008957911e-07,2.785417925874423e-07,2.344285554362353e-07,1.9131912610152243e-07,1.4918555594839063e-07,1.0800263012542138e-07,6.774868800039685e-08,2.8406723539399007e-08,-1.003434047058188e-08,-4.757822154369828e-08,-8.421964478237094e-08,-1.199424210553262e-07,-1.5471712102211265e-07,-1.884982134549963e-07,-2.2122053112572035e-07,-2.5279493655559775e-07,-2.8310308851290997e-07,-3.119912662058819e-07,-3.3926330589100476e-07,-3.646728799183056e-07,-3.8791570910777027e-07,-4.0862310728875534e-07,-4.2636015036156287e-07,-4.40636153287168e-07,-4.5094571879638194e-07,-4.5688586115143454e-07,-4.0513308060209233e-07,-3.565817439123563e-07,-3.110242506933549e-07,-2.682041014993102e-07,-2.2787424025555512e-07,-1.8981512017068772e-07,-1.5383815336789492e-07,-1.1978394230753435e-07,-8.751888077743075e-08,-5.6931522355872174e-08,-2.7929235128891905e-08,-4.3530756942569103e-10,2.561347545144407e-08,5.0268823171487364e-08,7.357255050424172e-08,9.555786513272293e-08,1.162503762442593e-07,1.3566885930142526e-07,1.5382579865668344e-07,1.7072771743849048e-07,1.8637529222860114e-07,2.00763238453302e-07,2.1387994079798236e-07,2.2570679101659643e-07,2.3621718311175666e-07,2.4537510320097637e-07,2.5313323913358974e-07,2.5943052435410597e-07,2.6418902348038144e-07,2.6731006572071704e-07,2.6866953836089395e-07,2.6811226724215216e-07,2.654454387266105e-07,2.6043108436711014e-07,2.5277785996882324e-07,2.4213300318120364e-07,2.280772138365262e-07,2.1013009141533027e-07,1.8778644614532953e-07,1.6063778903949991e-07,1.5036030088400433e-07,1.3957709245417665e-07,1.2838034349801058e-07,1.1689194783251482e-07,1.0523563860817584e-07,9.352524379696382e-08,8.18602434815146e-08,7.032477130424204e-08,5.898824233832604e-08,4.790671149533103e-08,3.712450480871705e-08,2.667588089596216e-08,1.6586592179305206e-08,6.875280851270063e-09,-2.4453136840822446e-09,-1.13673317286837e-08,-1.9886933018542315e-08,-2.800356734984209e-08,-3.571933826558249e-08,-4.3038418281099364e-08,-4.996647083785433e-08,-5.651002975882065e-08,-6.267578063672418e-08,-6.846968193396731e-08,-7.389586663338168e-08,-7.895530473892474e-08,-8.364434688350505e-08,-8.795363056223639e-08,-9.186867386652695e-08,-9.537543209442127e-08,5.449061247298798e-07,4.944438870071421e-07,4.454099164145761e-07,3.977452757308565e-07,3.513804496420045e-07,3.06251840453488e-07,2.623033996473612e-07,2.1948505903683906e-07,1.7775131872512212e-07,1.3706067673273641e-07,9.737580869251402e-08,5.8664258725969305e-08,2.089944726629505e-08,-1.5938113683977828e-08,-5.185943019500464e-08,-8.686543506121238e-08,-1.2094512965190898e-07,-1.5407336868688696e-07,-1.8620818679929878e-07,-2.1728756872816956e-07,-2.4722558430906945e-07,-2.759078499491588e-07,-3.031863481251428e-07,-3.2887375111177103e-07,-3.527375898633177e-07,-3.7449496306631645e-07,-3.938091755217599e-07,-4.1029112927546186e-07,-4.23511472038084e-07,-4.330372602655589e-07,-4.3852783554007687e-07,-3.872289631835179e-07,-3.3916273982842084e-07,-2.94137365493449e-07,-2.519119110615465e-07,-2.1224805860415475e-07,-1.7492756630430972e-07,-1.3975715874701415e-07,-1.0656861951196964e-07,-7.521706468370623e-08,-4.5578618510848116e-08,-1.7548016198864557e-08,8.963641544638936e-09,3.4030893941908576e-08,5.771566114956184e-08,8.006872510809567e-08,1.0113096535607574e-07,1.2093436624955948e-07,1.3950280835184295e-07,1.5685265060809743e-07,1.7299310264001592e-07,1.8792637871522166e-07,2.0164761688800726e-07,2.1414453851719335e-07,2.2539681488715235e-07,2.3537509917874626e-07,2.440396740229566e-07,2.5133865816821617e-07,2.5720571168508773e-07,2.615571792878845e-07,2.642886176702517e-07,2.652706673454007e-07,2.6434425590387465e-07,2.613151682901395e-07,2.559481238040272e-07,2.4796074972212854e-07,2.37018462963372e-07,2.2273279570734767e-07,2.0466947166408892e-07,1.8238228611623127e-07,1.5551572764895645e-07,1.455795020535315e-07,1.3521390215553123e-07,1.2449302572017122e-07,1.1351708046869014e-07,1.0239072190494036e-07,9.12129716004267e-08,8.007263388258006e-08,6.904656488626842e-08,5.819948110503438e-08,4.758459080699158e-08,3.724463434856458e-08,2.7213086568525862e-08,1.7515373344541466e-08,8.17001727292734e-09,-8.103301227931866e-10,-9.41798289277629e-09,-1.7649434999899475e-08,-2.5504674230644426e-08,-3.298656668107024e-08,-4.0100277048756613e-08,-4.6852685846671395e-08,-5.325176152205498e-08,-5.930584387120285e-08,-6.502279849732889e-08,-7.040901922041295e-08,-7.546830522197427e-08,-8.020075526805974e-08,-8.46020606087158e-08,-8.866405508984735e-08,-9.237839435244696e-08,5.236361979910394e-07,4.7370681962018956e-07,4.2537419775724553e-07,3.7857039106938753e-07,3.332125122622405e-07,2.8922110297749706e-07,2.4652345783495426e-07,2.0505318096564148e-07,1.6474940162983722e-07,1.2555649890891002e-07,8.742438573291218e-08,5.0309205973202674e-08,1.417429969133945e-08,-2.1008652475043795e-08,-5.525833481342145e-08,-8.8582332616374e-08,-1.209754461731169e-07,-1.5241771110310913e-07,-1.8287204830802712e-07,-2.1228147587965676e-07,-2.40565840752925e-07,-2.676180739944647e-07,-2.933000477269446e-07,-3.174382272912478e-07,-3.398194954955192e-07,-3.601878302237249e-07,-3.782430561038803e-07,-3.936439415372852e-07,-4.060202420433108e-07,-4.1500424350775976e-07,-4.203091957242725e-07,-3.696284197524139e-07,-3.2219736367496215e-07,-2.7783856253714936e-07,-2.363257401189329e-07,-1.9742974199804648e-07,-1.6093510894536095e-07,-1.2664587536899201e-07,-9.438709259415542e-08,-6.400451787617206e-08,-3.5363486580978224e-08,-8.347441827391143e-09,1.7143636819230574e-08,4.119477634789628e-08,6.387745472627635e-08,8.525090868645502e-08,1.0536328411910302e-07,1.2425261682157167e-07,1.419476344856465e-07,1.584683706928219e-07,1.7382657958759975e-07,1.880259365829534e-07,2.0106200636595923e-07,2.1292195492048232e-07,2.2358397756692547e-07,2.330164105473542e-07,2.411764900778391e-07,2.4800872094740865e-07,2.534428178710149e-07,2.573911884067383e-07,2.5974593816507467e-07,2.6037539986447774e-07,2.5912022253147693e-07,2.5578911786655903e-07,2.5015447695772574e-07,2.419483109844451e-07,2.3085949145596125e-07,2.1653445084953055e-07,1.985863854304453e-07,1.766256281620273e-07,1.5034553217818173e-07,1.4070666789942564e-07,1.3071444795895808e-07,1.2042837617743518e-07,1.099304218325028e-07,9.93081282723772e-08,8.864622074562463e-08,7.802232521031342e-08,6.750495117956827e-08,5.7152811457225644e-08,4.70149388664881e-08,3.713125862796389e-08,2.7533393915272302e-08,1.8245560069810608e-08,9.285456979062125e-09,6.651078690422779e-10,-7.608379067065502e-09,-1.5532129423220784e-08,-2.3106890492062768e-08,-3.033646709433204e-08,-3.722717734990965e-08,-4.378729624234523e-08,-5.00264532275897e-08,-5.595495236103123e-08,-6.158299277465418e-08,-6.691979023243464e-08,-7.197264682094309e-08,-7.674609852377909e-08,-8.12414040508184e-08,-8.545684392478088e-08,-8.938962738066732e-08,5.024769083251199e-07,4.5315534342949315e-07,4.0558935496471145e-07,3.5970476450596586e-07,3.1540834748415723e-07,2.726070192092242e-07,2.3121265684913668e-07,1.9114294721183013e-07,1.5232150548488667e-07,1.1467815517462833e-07,7.814950957403975e-08,4.267979004737919e-08,8.221794438653376e-09,-2.526203782034401e-08,-5.779847485780662e-08,-8.940223110353473e-08,-1.2007454686575186e-07,-1.4980154816150555e-07,-1.7855232663326236e-07,-2.062766926047328e-07,-2.329025821449046e-07,-2.583331448572835e-07,-2.824436088015274e-07,-3.050781222212516e-07,-3.2604692575607966e-07,-3.451244466054032e-07,-3.6204930326181455e-07,-3.76527973629105e-07,-3.8824565030040505e-07,-3.9689260050541584e-07,-4.022284243513872e-07,-3.5231101216850257e-07,-3.056522383501306e-07,-2.620871143220614e-07,-2.2140227165793474e-07,-1.8337691753221103e-07,-1.4779851451009107e-07,-1.144692074276886e-07,-8.320847356187075e-08,-5.385399511739065e-08,-2.6261581576045938e-08,-3.045488414213034e-10,2.4127209724707773e-08,4.712830925055988e-08,6.877901344543041e-08,8.914635673818175e-08,1.0828519670069056e-07,1.2623915842957394e-07,1.4304144119163266e-07,1.5871546286879342e-07,1.7327532056332865e-07,1.8672604685803763e-07,1.9906364120563147e-07,2.1027485520056263e-07,2.2033670952321294e-07,2.292157196814041e-07,2.368668079939165e-07,2.432318814402068e-07,2.4823806013077925e-07,2.5179555057864523e-07,2.5379517342933106e-07,2.5410557952957976e-07,2.5257022621687963e-07,2.490042479346027e-07,2.431914638516449e-07,2.3488196750895882e-07,2.2379114889470447e-07,2.0960189265038057e-07,1.919739063450739e-07,1.7057019101305008e-07,1.45128339939571e-07,1.3575406538218996e-07,1.261001194660584e-07,1.1621437606470675e-07,1.061636940078163e-07,9.602061448358743e-08,8.585653441846231e-08,7.573797125170149e-08,6.572457197946581e-08,5.586821116511372e-08,4.621278730908579e-08,3.679445517828585e-08,2.7642110902180317e-08,1.8778002948780284e-08,1.021838437856032e-08,1.9741540836125275e-09,-5.9485405711323686e-09,-1.354774856713984e-08,-2.0825202440419768e-08,-2.778583272590381e-08,-3.443728760861321e-08,-4.078943185096814e-08,-4.685379855873931e-08,-5.264297160264739e-08,-5.816988809859416e-08,-6.344707287710154e-08,-6.848585374476927e-08,-7.329565707818577e-08,-7.788353532737171e-08,-8.225408663273443e-08,-8.640975709677249e-08,4.814276399022677e-07,4.327860680066925e-07,3.860522031948451e-07,3.411472728401675e-07,2.9796949600815093e-07,2.5641343129429705e-07,2.1637617441207743e-07,1.7775960062765973e-07,1.404715657390909e-07,1.0442691620488377e-07,6.954850043027321e-08,3.5768186083860324e-08,3.0278579061826776e-09,-2.8719612218547653e-08,-5.9509404785703954e-08,-8.936376170143357e-08,-1.182909113982874e-07,-1.4628385276446196e-07,-1.7331894635496716e-07,-1.993542771106878e-07,-2.243277798839339e-07,-2.4815515992548565e-07,-2.707276991446866e-07,-2.9191012165358845e-07,-3.1153880920518777e-07,-3.2942082964532437e-07,-3.453345249357412e-07,-3.590329726961351e-07,-3.702530454917423e-07,-3.7873681776391637e-07,-3.84284185319427e-07,-3.3525921494789557e-07,-2.894982603256916e-07,-2.4684672332436093e-07,-2.0710186501975782e-07,-1.7004960569275547e-07,-1.3547948212793e-07,-1.0319160194233511e-07,-7.300023406101485e-08,-4.473568042782993e-08,-1.8245100495456055e-08,6.6073663523594154e-09,2.994095803712646e-08,5.1858962907693274e-08,7.24495818829338e-08,9.17868801250173e-08,1.0993175026501705e-07,1.2693282608668532e-07,1.4282729862348376e-07,1.576415964980291e-07,1.713918996516345e-07,1.8408446094489828e-07,1.9571571398904267e-07,2.0627214850948726e-07,2.1572993708899979e-07,2.240542998891964e-07,2.311985975979335e-07,2.3710314820238286e-07,2.416937711870387e-07,2.448800745447173e-07,2.4655351707790077e-07,2.4658530316678936e-07,2.4482420350227687e-07,2.4109445071289257e-07,2.3519394797607445e-07,2.2689318286481245e-07,2.159355354819213e-07,2.020403312297502e-07,1.8491169341813864e-07,1.6426110257671534e-07,1.398660164981425e-07,1.3073095272468874e-07,1.2138697846760726e-07,1.1187268141915983e-07,1.0224239685542943e-07,9.25555882726381e-08,8.287141120169788e-08,7.324563884472521e-08,6.372889877475728e-08,5.4365746057848324e-08,4.519429787196385e-08,3.624624027983223e-08,2.7547068400940922e-08,1.9116458775955727e-08,1.0968702939987901e-08,3.1131558280894496e-09,-4.445327503544565e-09,-1.1705977557678631e-08,-1.8671716866401483e-08,-2.5348776326267204e-08,-3.1746303929148906e-08,-3.7875944748180903e-08,-4.375137083875634e-08,-4.9387744193175846e-08,-5.480110674816002e-08,-6.000771017299791e-08,-6.502332389018661e-08,-6.986258383869849e-08,-7.4538436333531e-08,-7.906159864315564e-08,-8.343942398114544e-08,4.604875914272472e-07,4.12593612415881e-07,3.667563231412895e-07,3.2289287942851314e-07,2.8089341431157537e-07,2.406402962303703e-07,2.020156922836205e-07,1.6490529435527517e-07,1.2920071815283887e-07,9.480134623561733e-08,6.161583912019756e-08,2.9563383245702905e-08,-1.4252856001899426e-09,-3.140703925175739e-08,-6.042563898390787e-08,-8.851107886648005e-08,-1.1567892569929269e-07,-1.4192959528074673e-07,-1.6724751560534502e-07,-1.916001446485375e-07,-2.1493683439971384e-07,-2.371875652585367e-07,-2.5826161827742016e-07,-2.780463107652882e-07,-2.9640599997251154e-07,-3.1318167528778303e-07,-3.281916582997818e-07,-3.412343660045925e-07,-3.5209526475570936e-07,-3.6056362208771244e-07,-3.6647527437521087e-07,-3.1845783083447227e-07,-2.7371006833636093e-07,-2.3208546217345605e-07,-1.9338916630169758e-07,-1.5741149108069427e-07,-1.239424212473119e-07,-9.277911859198539e-08,-6.373035431420718e-08,-3.6619240247481907e-08,-1.1284815516730526e-08,1.2417209371486689e-08,3.461433555667047e-08,5.541761046644942e-08,7.492226674903076e-08,9.320854289763467e-08,1.1034258535858648e-07,1.2637735163369904e-07,1.413534506957113e-07,1.5529987097273028e-07,1.6823455749411834e-07,1.8016480893223466e-07,1.9108747270286269e-07,2.0098892253737259e-07,2.0984480858732847e-07,2.176195757871279e-07,2.242657525470776e-07,2.2972301958374931e-07,2.3391707858534424e-07,2.3675835332607782e-07,2.38140572884312e-07,2.379393093627808e-07,2.3601057349946523e-07,2.321896152292612e-07,2.2629014127033976e-07,2.1810426847535356e-07,2.074037371668833e-07,1.9394338971872393e-07,1.774692324062105e-07,1.5773727042970922e-07,1.345610178171464e-07,1.256446221192705e-07,1.1658739562126648e-07,1.0742036708259146e-07,9.818732079611139e-08,8.893621213841066e-08,7.971495208197881e-08,7.056903299620232e-08,6.154011157763694e-08,5.2665189937751036e-08,4.397620580607369e-08,3.549990524505134e-08,2.725790297306062e-08,1.926685816939839e-08,1.1538712848997873e-08,4.080956588652329e-09,-3.103104255610032e-09,-1.0014082562792623e-08,-1.6656251359918816e-08,-2.3037281231360435e-08,-2.9167959784029492e-08,-3.506187501378056e-08,-4.073504365938948e-08,-4.6205468791565524e-08,-5.1492618989190845e-08,-5.661683463119339e-08,-6.159868173591733e-08,-6.645827677266164e-08,-7.121455400628316e-08,-7.588421174276766e-08,-8.047926897672285e-08,4.3965579209834046e-07,3.925716401040022e-07,3.4769386538032923e-07,3.0493493341956297e-07,2.6417599480001875e-07,2.252861970511829e-07,1.8813173812358977e-07,1.5258117671855947e-07,1.1850910012169277e-07,8.57988381922723e-08,5.4344480776162e-08,2.405233574752024e-08,-5.158063114097943e-09,-3.335329494308363e-08,-6.058563795151685e-08,-8.689281100485241e-08,-1.122977896793082e-07,-1.3680862967286968e-07,-1.6041824630601325e-07,-1.831041164235163e-07,-2.0482788841865626e-07,-2.2553490801550809e-07,-2.451536931682479e-07,-2.6359542330725667e-07,-2.8075355114591046e-07,-2.965037130387623e-07,-3.1070424983745036e-07,-3.2319799501308943e-07,-3.338169874522022e-07,-3.423948102379281e-07,-3.488005870673472e-07,-3.0189371607290835e-07,-2.582658624691603e-07,-2.1777593462586023e-07,-1.8023373687225102e-07,-1.4543101767888548e-07,-1.1315591716688893e-07,-8.32011183233103e-08,-5.5369078669325596e-08,-2.9475509005810326e-08,-5.351585957100997e-09,1.71548165327781e-08,3.817865493031559e-08,5.783781081441396e-08,7.623358457852131e-08,9.345144461895252e-08,1.0956191267645043e-07,1.2462148867991624e-07,1.386735387421292e-07,1.517490875424507e-07,1.6386747122241667e-07,1.750368194002084e-07,1.8525434541541217e-07,1.945064329852092e-07,2.0276851568464034e-07,2.1000475368202107e-07,2.1616752058079624e-07,2.2119672264830236e-07,2.2501898370852033e-07,2.2754674209123758e-07,2.2867732183912677e-07,2.2829205959279256e-07,2.2625559225454286e-07,2.2241544057517497e-07,2.1660206465790157e-07,2.0862963217453225e-07,1.982978717318288e-07,1.853957226097746e-07,1.69708484395424e-07,1.5103319915556401e-07,1.2921628067567873e-07,1.2050117119037956e-07,1.1171133481747493e-07,1.0287139310067113e-07,9.401593462652335e-08,8.518254525154755e-08,7.640867802842951e-08,6.772997897789108e-08,5.9179276305506406e-08,5.07859488266065e-08,4.257554870627777e-08,3.456960472402504e-08,2.6785551952721683e-08,1.923674524151915e-08,1.1932523533802157e-08,4.878301186441149e-09,-1.924328826160145e-09,-8.47748677642594e-09,-1.4786892599598079e-08,-2.086173971497689e-08,-2.6714543538078088e-08,-3.236094783548612e-08,-3.781946994932181e-08,-4.311116653646339e-08,-4.825920540159552e-08,-5.328833565551078e-08,-5.8224253168101534e-08,-6.309284439936231e-08,-6.791920703393688e-08,-7.272603292703851e-08,-7.752992240743186e-08,4.1893111992850104e-07,3.727138384424023e-07,3.288573103394236e-07,2.8726748693427167e-07,2.478141918823782e-07,2.1035104579211216e-07,1.747262819474991e-07,1.4078976045911585e-07,1.083979330381878e-07,7.741739943788206e-08,4.772736938884305e-08,1.922125213447846e-08,-8.192435231011318e-09,-3.45896703213827e-08,-6.003089109934675e-08,-8.456120135859964e-08,-1.0821071769175979e-07,-1.3099498311826844e-07,-1.5291539354564651e-07,-1.739596009696095e-07,-1.94101871372161e-07,-2.1330338558812174e-07,-2.3151247842232452e-07,-2.4866481661773504e-07,-2.646835245906946e-07,-2.794792920519922e-07,-2.9295058178314647e-07,-3.0498432767223197e-07,-3.1545836688811785e-07,-3.242494904049745e-07,-3.3125909617638346e-07,-2.8555577076864e-07,-2.4314757430621114e-07,-2.0389574416809322e-07,-1.6761086740905908e-07,-1.3408252260018905e-07,-1.0309410272608171e-07,-7.44317613839616e-08,-4.7890423874929296e-08,-2.3277905652655533e-08,-4.176054503016821e-10,2.0849927066097238e-08,4.066630315055399e-08,5.9155269091548134e-08,7.642315168418066e-08,9.25596116643995e-08,1.0763856928111098e-07,1.2171919238772307e-07,1.3484686123168036e-07,1.4705404505800386e-07,1.583610436418895e-07,1.6877656215311412e-07,1.7829810076781768e-07,1.8691215174456382e-07,1.9459420690116381e-07,2.0130858820229035e-07,2.0700812408115163e-07,2.1163370466537666e-07,2.1511376062363675e-07,2.173637230977027e-07,2.1828553617389431e-07,2.1776730844277803e-07,2.1568320616437169e-07,2.1189370737365572e-07,2.0624635549071472e-07,1.9857718080803e-07,1.8871303013148263e-07,1.7647526616848556e-07,1.6168601158462727e-07,1.4418037585167577e-07,1.2383513235714263e-07,1.153060892602724e-07,1.0676738251287283e-07,9.823784926667738e-08,8.974364481474917e-08,8.13126684218375e-08,7.297243070184749e-08,6.47490613113408e-08,5.666672335620047e-08,4.874720479789448e-08,4.100961364687243e-08,3.347014891563339e-08,2.614193061029972e-08,1.9034874469664967e-08,1.2155598403832656e-08,5.507349685410131e-09,-9.100548098480589e-10,-7.100278831457294e-09,-1.307050613489293e-08,-1.8831462504798612e-08,-2.4397408664426975e-08,-2.9786087378748927e-08,-3.501860388891497e-08,-4.0119215915417546e-08,-4.511500810729651e-08,-5.003542503394049e-08,-5.491163135133596e-08,-5.977563884091782e-08,-6.465902782777321e-08,-6.959071188351877e-08,-7.45919950798516e-08,3.9831231981268885e-07,3.5301494196773873e-07,3.1024132202944025e-07,2.698877556617108e-07,2.318088322428664e-07,1.9583899501184837e-07,1.6180554494300742e-07,1.2953748775028783e-07,9.88717670215368e-08,6.965755483076786e-08,4.175901795919504e-08,1.5056895504404133e-08,-1.0550823096800033e-08,-3.514887516990036e-08,-5.8805158565928964e-08,-8.157146819109394e-08,-1.0348442161605498e-07,-1.2456649398670523e-07,-1.4482710884434462e-07,-1.6426374939200437e-07,-1.828630633744323e-07,-2.0060193329048472e-07,-2.1744847175801388e-07,-2.3336288042173134e-07,-2.4829808439348297e-07,-2.622000370416199e-07,-2.750076224605193e-07,-2.8665228032853316e-07,-2.970581764369947e-07,-3.061459485895474e-07,-3.1384983202485554e-07,-2.6943517604122645e-07,-2.283414025953083e-07,-1.9042833321061067e-07,-1.5550268477847193e-07,-1.23347540223067e-07,-9.373806867959311e-08,-6.645142794140046e-08,-4.127352226285506e-08,-1.800362890259621e-08,3.5425998579222108e-09,2.353140921550702e-08,4.2110199417808595e-08,5.940751740874149e-08,7.55335663447375e-08,9.058105078734278e-08,1.0462620806594523e-07,1.1772990668026853e-07,1.2993872000232653e-07,1.4128590756086071e-07,1.5179225682309933e-07,1.6146675588618017e-07,1.7030708234575347e-07,1.7829990646110325e-07,1.854210182797952e-07,1.9163529929944206e-07,1.9689657010132544e-07,2.0114735661095075e-07,2.0431862940299545e-07,2.0632958267215105e-07,2.0708753167033407e-07,2.0648801869256074e-07,2.0441522679466537e-07,2.007428058811731e-07,1.9533521705319522e-07,1.8804970230301936e-07,1.7873900881009683e-07,1.6725511527113931e-07,1.5345466258261606e-07,1.3720832416282753e-07,1.184212129426245e-07,1.1006472539495367e-07,1.0176360571708645e-07,9.353103878070948e-08,8.538494614982932e-08,7.734377047169069e-08,6.942530317739464e-08,6.164634841513795e-08,5.402255019168941e-08,4.656820535096758e-08,3.929603752976117e-08,3.221694653026948e-08,2.5339751026121186e-08,1.8670936561038256e-08,1.2214414267607497e-08,5.971291285894642e-09,-6.034803457044803e-11,-5.885650649127566e-09,-1.1513191213331792e-08,-1.6955150644312575e-08,-2.2227466029499286e-08,-2.7349935017728204e-08,-3.234625110310449e-08,-3.7243939025771894e-08,-4.20741518068003e-08,-4.6871281434371006e-08,-5.167231819074763e-08,-5.6515848464531615e-08,-6.14404404317812e-08,-6.648172208224602e-08,-7.16660707466713e-08,3.777980186286383e-07,3.334718977557663e-07,2.91844837464651e-07,2.5279885814467627e-07,2.1616770161792537e-07,1.8176158896304618e-07,1.4938298914642867e-07,1.1883740728201123e-07,8.994076821713988e-08,6.252422819690053e-08,3.6437011343565534e-08,1.1547759886186985e-08,-1.225519743594162e-08,-3.5064335427859734e-08,-5.6953933787319073e-08,-7.798141018364122e-08,-9.818886219525243e-08,-1.1760473991802939e-07,-1.362456030478928e-07,-1.5411793472607077e-07,-1.7121998822338768e-07,-1.8754363008898868e-07,-2.0307611319684013e-07,-2.1780166484459284e-07,-2.3170271208141004e-07,-2.4476050173267375e-07,-2.569548427300097e-07,-2.6826280101009504e-07,-2.7865668097496225e-07,-2.8810331060847854e-07,-2.9657185960396957e-07,-2.5352589743315445e-07,-2.1383875757761972e-07,-1.773642600494218e-07,-1.4389963440782085e-07,-1.1321636220520232e-07,-8.507738832809607e-08,-5.9248117450813596e-08,-3.55038316847484e-08,-1.363463814825709e-08,6.551437409030024e-09,2.522677344143572e-08,4.2543541467208686e-08,5.86338699843956e-08,7.361054152663504e-08,8.756802428965294e-08,1.0058367877512659e-07,1.1271901492944388e-07,1.2402090621427774e-07,1.3452269382483562e-07,1.4424513697059726e-07,1.5319718412699652e-07,1.6137655608435694e-07,1.687701452400976e-07,1.7535424771865544e-07,1.8109465631647831e-07,1.8594665356279254e-07,1.8985495573474105e-07,1.9275367052831907e-07,1.9456634290858685e-07,1.9520617457874403e-07,1.9457651103353058e-07,1.9257169416326506e-07,1.8907837521833161e-07,1.83977370236531e-07,1.7714611806007173e-07,1.6846178009977504e-07,1.5780504298443431e-07,1.450648880264605e-07,1.3014540097076072e-07,1.1297840516309779e-07,1.0478269111968803e-07,9.670831039359572e-08,8.876246129577894e-08,8.095449508285063e-08,7.329319393834742e-08,6.578656972865736e-08,5.844215199727657e-08,5.1267186624686916e-08,4.426863478035798e-08,3.7453000802222096e-08,3.0826046116999816e-08,2.439243966552359e-08,1.8155380238047474e-08,1.2116211933759584e-08,6.274043397653791e-09,6.253749146636427e-10,-4.836265536012462e-09,-1.0120676068217235e-08,-1.5241320576338658e-08,-2.0215645281623092e-08,-2.5065355776341987e-08,-2.981662865492e-08,-3.4500219828218074e-08,-3.915141656220303e-08,-4.380976024620993e-08,-4.851843525042397e-08,-5.3323153056205744e-08,-5.827018433528846e-08,-6.340266554518469e-08,-6.875269909567761e-08,3.573867342301475e-07,3.1408528409359335e-07,2.7367354996984076e-07,2.3601298168226534e-07,2.0090900550203797e-07,1.6814118228994316e-07,1.3748244632920234e-07,1.0871186510652642e-07,8.162291247388934e-08,5.602844746088883e-08,3.176327527719205e-08,8.684977739513216e-09,-1.3326453336063225e-08,-3.436977947539681e-08,-5.452418825963415e-08,-7.385128062576399e-08,-9.239725125300161e-08,-1.1019519567499907e-07,-1.2726751531099089e-07,-1.4362841119118484e-07,-1.592864573474858e-07,-1.7424722320249572e-07,-1.885158676685588e-07,-2.0209955325048518e-07,-2.1500942626738128e-07,-2.2726178763132723e-07,-2.388779652172144e-07,-2.498823664256014e-07,-2.602984231828755e-07,-2.70143144156778e-07,-2.7942424629345493e-07,-2.3782549938189927e-07,-1.9963768987742757e-07,-1.6470299631888088e-07,-1.3280241069238994e-07,-1.0368990606874182e-07,-7.711178533129253e-08,-5.281883202621515e-08,-3.057419624463079e-08,-1.0158386552664005e-08,8.627825462406364e-09,2.5962028603823643e-08,4.199990127030207e-08,5.6875715182504125e-08,7.070334952133217e-08,8.357760524826347e-08,9.557565508075341e-08,1.067585043158077e-07,1.1717237199073298e-07,1.268499308998527e-07,1.3581136900464165e-07,1.4406525437744305e-07,1.5160920186586422e-07,1.5843035315616236e-07,1.645056938435732e-07,1.6980224235991254e-07,1.742771568445622e-07,1.7787781765702628e-07,1.8054195522213577e-07,1.8219790477415677e-07,1.827650801736833e-07,1.821547663668259e-07,1.8027133139613158e-07,1.770139504476781e-07,1.7227891196885563e-07,1.6596253550429363e-07,1.579646712500536e-07,1.4819267954120803e-07,1.365657365020738e-07,1.2301938469754742e-07,1.0751076787053232e-07,9.946624347145353e-08,9.161076414364387e-08,8.394475246963377e-08,7.646814079840607e-08,6.91794470663453e-08,6.207659539412843e-08,5.515778204105629e-08,4.842197161488206e-08,4.186901156014806e-08,3.5499459491335453e-08,2.9314225594279592e-08,2.3314110792935277e-08,1.7499295573768146e-08,1.186881245856637e-08,6.420018996941888e-09,1.1480775521836824e-09,-3.9545576960116644e-09,-8.898647899292351e-09,-1.3698670420373578e-08,-1.837330788198436e-08,-2.294591128128317e-08,-2.7444910756670116e-08,-3.190413068198826e-08,-3.6362942634475867e-08,-4.0866157061491816e-08,-4.546350339952347e-08,-5.020845194976145e-08,-5.515590147282079e-08,-6.035761618134336e-08,-6.585238837005934e-08,3.3707687438621377e-07,2.948611205040192e-07,2.5574297370639157e-07,2.1955513748373414e-07,1.8606529544565964e-07,1.5501463053848282e-07,1.2614131008477643e-07,9.919507333692359e-08,7.394591406826785e-08,5.0188689292028906e-08,2.774493270764079e-08,6.462798125757044e-09,-1.3784203884772915e-08,-3.30992132102156e-08,-5.156446141676649e-08,-6.924395377524313e-08,-8.618628686570073e-08,-1.0242756063545168e-07,-1.1799438628758634e-07,-1.3290701263075585e-07,-1.471825920299505e-07,-1.6083857943805432e-07,-1.7389619879636324e-07,-1.8638381357885754e-07,-1.9833989585887844e-07,-2.098150987773358e-07,-2.2087271037523525e-07,-2.3158653635837234e-07,-2.420351015228939e-07,-2.5229113439087175e-07,-2.6240601311954596e-07,-2.2233635894286743e-07,-1.857449200473768e-07,-1.5245534682530312e-07,-1.2222439992759175e-07,-9.478191280075154e-08,-6.985292625599569e-08,-4.7170896413740985e-08,-2.6485691548994257e-08,-7.568229442791477e-09,9.78716260769731e-09,2.576196183025677e-08,4.051374687625943e-08,5.4177214906929934e-08,6.686564127832561e-08,7.867256747411926e-08,8.967355460649161e-08,9.992788379073188e-08,1.0948012181578479e-07,1.1836150100642154e-07,1.2659108647960916e-07,1.3417672306751768e-07,1.4111576923746784e-07,1.4739563768293486e-07,1.529941731093404e-07,1.578799081180978e-07,1.6201224877862012e-07,1.6534165291831827e-07,1.6780987639120412e-07,1.6935037508661873e-07,1.6988896194542724e-07,1.693448265239582e-07,1.6763202625661249e-07,1.646615487270178e-07,1.6034401661462712e-07,1.545930528807976e-07,1.4732922918624483e-07,1.3848435560880893e-07,1.2800555575165904e-07,1.1585788065294692e-07,1.0202246991984156e-07,9.412269039298668e-08,8.648194176213522e-08,7.909263345824446e-08,7.194394729460708e-08,6.50231895887588e-08,5.831770853861851e-08,5.181626192962437e-08,4.5509694454179957e-08,3.939105951355442e-08,3.345536346394973e-08,2.769908178450798e-08,2.2119553841513868e-08,1.6714324706305405e-08,1.1480473256754048e-08,6.413945098905841e-09,1.508895150945716e-09,-3.2429632966686913e-09,-7.853009503724e-09,-1.2336371653412887e-08,-1.671258904399116e-08,-2.1006271019885343e-08,-2.5247729010264188e-08,-2.9473536761883945e-08,-3.372694268489441e-08,-3.805801103816005e-08,-4.252329211300644e-08,-4.718468061575373e-08,-5.2106810465312583e-08,-5.735152180002514e-08,-6.296559661025931e-08,3.168667204302314e-07,2.758132499647822e-07,2.3808231778958507e-07,2.0346767948497772e-07,1.7168792849735623e-07,1.4243720526237682e-07,1.154136506952959e-07,9.03353565410981e-08,6.694866249382883e-08,4.5031635782798953e-08,2.4394537890276718e-08,4.878455509771176e-09,-1.3647136733944387e-08,-3.128738892930184e-08,-4.812536036931981e-08,-6.42254074472959e-08,-7.963660458810484e-08,-9.439619778892692e-08,-1.0853313633105741e-07,-1.2207175152348177e-07,-1.3503565064172478e-07,-1.4745186526844793e-07,-1.5935522819995782e-07,-1.7079283984156396e-07,-1.8182830684234264e-07,-1.9254517145360183e-07,-2.0304857609649072e-07,-2.1346369257017108e-07,-2.23928713128437e-07,-2.3457897015053639e-07,-2.4551606084382517e-07,-2.0706739993507488e-07,-1.7217862529451639e-07,-1.4064661122749586e-07,-1.1219468475535841e-07,-8.65214521914969e-08,-6.332626329170237e-08,-4.2323107446860694e-08,-2.3248132286361097e-08,-5.863383306387528e-09,1.004180839454865e-08,2.4650949653919203e-08,3.812148358748097e-08,5.058648880375679e-08,6.215670230694054e-08,7.292265779317203e-08,8.295678722731252e-08,9.23153810790762e-08,1.010403416283078e-07,1.0916069441104211e-07,1.1669384600966999e-07,1.236465934700571e-07,1.300159033775294e-07,1.3578948871016835e-07,1.4094622045503277e-07,1.4545641979226262e-07,1.4928208629644665e-07,1.5237712862083643e-07,1.546876766755371e-07,1.5615256799620416e-07,1.5670411465348374e-07,1.5626926837711275e-07,1.5477130671977512e-07,1.5213215619275551e-07,1.482754406325854e-07,1.4313028058278312e-07,1.3663574442269713e-07,1.2874559540930008e-07,1.194323958905032e-07,1.0868854542685567e-07,9.651772172250665e-08,8.876086058966075e-08,8.133535198598114e-08,7.422391942444657e-08,6.740323296661548e-08,6.084819260034126e-08,5.453501371915294e-08,4.844296448642294e-08,4.25550515603501e-08,3.685800044599646e-08,3.134180962047284e-08,2.5999072863555066e-08,2.082419389442393e-08,1.581256655415008e-08,1.0959758860660722e-08,6.2607156973315924e-09,1.7089794070748156e-09,-2.7040818026294184e-09,-6.990052023966844e-09,-1.1164266466101492e-08,-1.524664018206478e-08,-1.926252621391019e-08,-2.3243586905608068e-08,-2.722863795029471e-08,-3.1264387019254424e-08,-3.540592702624856e-08,-3.971673629840117e-08,-4.426773359055907e-08,-4.913449883172197e-08,-5.4390691768363205e-08,-6.00927203146218e-08,2.967543884337869e-07,2.569665345581628e-07,2.2073944705591046e-07,1.878157586519873e-07,1.5785206994711215e-07,1.3048659360442302e-07,1.0537300846472864e-07,8.219677983417856e-08,6.068186271836822e-08,4.0592059329169516e-08,2.1729442179751873e-08,3.931228777672241e-09,-1.293408642265354e-08,-2.8970874690977127e-08,-4.426053279062027e-08,-5.8865544364103034e-08,-7.283342806403654e-08,-8.620062848376449e-08,-9.89964527996001e-08,-1.1124718125177722e-07,-1.2298048249176918e-07,-1.3423024078516267e-07,-1.4504184115160322e-07,-1.554778432389759e-07,-1.6562377515724532e-07,-1.7559344596078347e-07,-1.8553262798600995e-07,-1.9561905790960096e-07,-2.060551355643491e-07,-2.170465949162097e-07,-2.2875305954258902e-07,-1.920365265723459e-07,-1.5897218639609983e-07,-1.2932061359947724e-07,-1.0276162613760853e-07,-7.89556547369057e-08,-5.757278114016352e-08,-3.830653431129498e-08,-2.0880055122740133e-08,-5.048256416303161e-09,9.402235485034487e-09,2.2654436023244853e-08,3.486312249302773e-08,4.615736384259191e-08,5.664320055798948e-08,6.640628457386704e-08,7.551434838636799e-08,8.401942260105326e-08,9.195976057546791e-08,9.936145770559237e-08,1.0623977284138038e-07,1.1260017260980364e-07,1.184391284156708e-07,1.237447025919113e-07,1.284969662078099e-07,1.3266829765629216e-07,1.362236192646319e-07,1.3912063946175925e-07,1.413101808405803e-07,1.4273668967973941e-07,1.4333903932403197e-07,1.430517562420677e-07,1.418068096500137e-07,1.39536106476147e-07,1.3617481179977234e-07,1.3166555065603357e-07,1.259633979816161e-07,1.19041220078507e-07,1.1089407848623904e-07,1.0153910630925629e-07,9.100070201989631e-08,8.339168895712984e-08,7.618800490823428e-08,6.936062938218954e-08,6.287164105412641e-08,5.66822572173066e-08,5.075710786281688e-08,4.506611883724073e-08,3.9584963118295746e-08,3.429471227842286e-08,2.9181077484419234e-08,2.4233466851942498e-08,1.9443985348069823e-08,1.4806443244055334e-08,1.0315402092955387e-08,5.965263364635414e-09,1.7493892003717505e-09,-2.340764967516879e-09,-6.316530996572823e-09,-1.0192947215004908e-08,-1.3989737440069478e-08,-1.7732361889893187e-08,-2.1453136604346435e-08,-2.519239340076149e-08,-2.8999611705599283e-08,-3.293438064461355e-08,-3.7066908647006336e-08,-4.147750976320402e-08,-4.625387001428894e-08,-5.148340567216484e-08,-5.7234079018522927e-08,2.7673775784425525e-07,2.3836118218263544e-07,2.0378725023966454e-07,1.726938433704267e-07,1.4466213131799417e-07,1.1926668373160625e-07,9.611446103787499e-08,7.485972540785276e-08,5.520747089627316e-08,3.691148306549049e-08,1.97700067455123e-08,3.62047454741983e-09,-1.1665975077030176e-08,-2.618982190018926e-08,-4.0028164470345814e-08,-5.3239364518820155e-08,-6.586739604446429e-08,-7.794602523066208e-08,-8.950299109089833e-08,-1.0056438289475698e-07,-1.11159419605619e-07,-1.2132582455392726e-07,-1.3111594451128968e-07,-1.4060366492453604e-07,-1.4989198157442734e-07,-1.5912071785847289e-07,-1.684731642060409e-07,-1.7817902508851733e-07,-1.8850831511265084e-07,-1.9974500379907998e-07,-2.121152863732724e-07,-1.7727398661197498e-07,-1.46179132266599e-07,-1.18544710656034e-07,-9.399697686085992e-08,-7.21525009217061e-08,-5.2650406408565835e-08,-3.516469904394733e-08,-1.9407908609841373e-08,-5.130906403253606e-09,7.879060643424034e-09,1.9801239850375425e-08,3.0784692821688115e-08,4.0951762476803686e-08,5.040146215763989e-08,5.921262838347835e-08,6.744674077504877e-08,7.515036388923003e-08,8.23572029350961e-08,8.908978951857418e-08,9.536082770809253e-08,1.011742382241344e-07,1.0652594236348277e-07,1.1140442962500878e-07,1.1579115553453612e-07,1.1966082007500454e-07,1.229815833125352e-07,1.2571528400714238e-07,1.2781773978911428e-07,1.2923922422040862e-07,1.299252365761373e-07,1.2981770319803107e-07,1.288567713333565e-07,1.2698337011000508e-07,1.2414270466650062e-07,1.2028879189800626e-07,1.153899819929508e-07,1.0943499044556171e-07,1.0243785485461215e-07,9.443711943064617e-08,8.547547759035576e-08,7.80289720688226e-08,7.106157963125396e-08,6.453022674450696e-08,5.838023090465298e-08,5.2558049861604394e-08,4.701663840308298e-08,4.171711913545618e-08,3.6628681069562214e-08,3.17276893158889e-08,2.699649130690026e-08,2.24221486361712e-08,1.799519971502126e-08,1.3708497448206768e-08,9.556132897987965e-09,5.53243490678966e-09,1.6310215639034084e-09,-2.1561296071371087e-09,-5.839630653081353e-09,-9.433690258367428e-09,-1.2957214781909431e-08,-1.643503164711608e-08,-1.989925015843278e-08,-2.3390753078773023e-08,-2.6960774585259833e-08,-3.067244492108191e-08,-3.4602014755576814e-08,-3.883908615514321e-08,-4.348428525415747e-08,-4.8640687849698264e-08,-5.438989385105362e-08,2.5681435335943874e-07,2.200586010110198e-07,1.8733173729171272e-07,1.5823330354930065e-07,1.322572959415653e-07,1.0891056106594761e-07,8.775530179622096e-08,6.84197782743528e-08,5.059637344655565e-08,3.4035178826129435e-08,1.853634001383295e-08,3.942416772061924e-09,-9.868753122304994e-09,-2.2990495584090907e-08,-3.54930160391345e-08,-4.742846612404919e-08,-5.88355140028577e-08,-6.97436227591326e-08,-8.017727659060277e-08,-9.016041960607198e-08,-9.972138943344573e-08,-1.0889863472105733e-07,-1.1774749172698852e-07,-1.2634823907538213e-07,-1.348155061526124e-07,-1.433087751937509e-07,-1.5204289914356895e-07,-1.6129567722936274e-07,-1.714051835856794e-07,-1.8273979508251187e-07,-1.95600390510267e-07,-1.6282693658358443e-07,-1.3387952626754198e-07,-1.084158278296162e-07,-8.600036651656095e-08,-6.620335742266699e-08,-4.863468939129719e-08,-3.295272571035757e-08,-1.8864061756338366e-08,-6.120290721110158e-09,5.486215765676213e-09,1.6126873952433563e-08,2.59415036833212e-08,3.504276826182236e-08,4.3520259915418114e-08,5.1444118874682126e-08,5.8868139486710415e-08,6.58323663775166e-08,7.236521443094442e-08,7.848516190601048e-08,8.420207147148335e-08,8.951819380489365e-08,9.442890596179448e-08,9.89232341489057e-08,1.029842092480507e-07,1.0658910439938077e-07,1.0970960792273798e-07,1.1231199257215596e-07,1.1435735438946493e-07,1.1580201212197763e-07,1.1659818203258567e-07,1.1669507296323244e-07,1.1604058062953585e-07,1.1458379146008582e-07,1.1227851840953876e-07,1.090880499319549e-07,1.0499112646454812e-07,9.99886780868899e-08,9.410952380220424e-08,8.740936670026498e-08,7.994591372894913e-08,7.269035935686558e-08,6.598384412043306e-08,5.976699072075349e-08,5.3966536318770745e-08,4.8513765307978825e-08,4.3350600344864144e-08,3.8430533832794166e-08,3.3717597431023414e-08,2.9184727526852328e-08,2.4812045854591957e-08,2.0585235866436197e-08,1.6494069357630516e-08,1.2531092148250111e-08,8.69045482094514e-09,4.966859085024272e-09,1.3545794197259935e-09,-2.153487512348517e-09,-5.566797345323943e-09,-8.898209642988749e-09,-1.2165168838857192e-08,-1.5391062030268837e-08,-1.8606791818825422e-08,-2.1852586512963875e-08,-2.518004253658074e-08,-2.8654332053470195e-08,-3.235633738473783e-08,-3.6383999967167484e-08,-4.085093416890919e-08,-4.5877300206116426e-08,-5.156025749579686e-08,2.3698115992547923e-07,2.0214919552271582e-07,1.7152204340722807e-07,1.446106743315609e-07,1.208162642976872e-07,9.958158431477377e-08,8.043318735610871e-08,6.298392128419346e-08,4.6923526347344096e-08,3.200694341469865e-08,1.8043201475034747e-08,4.8854993786255404e-09,-7.577406999006188e-09,-1.942854402773876e-08,-3.0728914734785096e-08,-4.152275164558621e-08,-5.184208016784225e-08,-6.171087403626893e-08,-7.11491050778053e-08,-8.017701067230196e-08,-8.881992851317082e-08,-9.711407885898114e-08,-1.0511370151230595e-07,-1.1289995954100821e-07,-1.2059196555140628e-07,-1.2836006740341222e-07,-1.3644085230704157e-07,-1.4515101926953638e-07,-1.5489125975590167e-07,-1.6611566749385588e-07,-1.7920505630705745e-07,-1.4876545693240567e-07,-1.2218794458548992e-07,-9.90673928911313e-08,-7.890374356754803e-08,-6.122464783357146e-08,-4.5618053163073634e-08,-3.173476419316559e-08,-1.9283025302712852e-08,-8.021839616067486e-09,2.245577049009125e-09,1.1678045145838523e-08,2.0402294748512475e-08,2.851830298664112e-08,3.6103968498187305e-08,4.321907395735929e-08,4.9908556738213775e-08,5.620515005963892e-08,6.213147537684974e-08,6.770166945764476e-08,7.292262391186033e-08,7.77949060629262e-08,8.231342104952147e-08,8.64678676277452e-08,9.024303523408958e-08,9.361898801836685e-08,9.65711832596801e-08,9.907057748448795e-08,1.0108378467284345e-07,1.0257336853476333e-07,1.0349837671166766e-07,1.0381526063219855e-07,1.0347937099056882e-07,1.0244727095344376e-07,1.006801503540272e-07,9.814861054568888e-08,9.483892864078251e-08,9.076039505717936e-08,8.595180390135463e-08,8.048073059976112e-08,7.441557352929499e-08,6.739863683033147e-08,6.099034274001878e-08,5.511344524372354e-08,4.967544394475885e-08,4.459343141528486e-08,3.980018445588603e-08,3.5243647548730315e-08,3.088461501384741e-08,2.6694227606532014e-08,2.2651716209982987e-08,1.8742447015766582e-08,1.4956248594196823e-08,1.1285988228954966e-08,7.726355497565986e-09,4.272802245927512e-09,9.205816280230039e-10,-2.336175266523419e-09,-5.505409503857251e-09,-8.598177649656093e-09,-1.1629856348943621e-08,-1.4621575755009038e-08,-1.760194560819409e-08,-2.060912939611992e-08,-2.3693308515264046e-08,-2.6919550305005924e-08,-3.037096841606635e-08,-3.4151551143695665e-08,-3.838643443173532e-08,-4.321299938816188e-08,-4.8745092107945985e-08,2.1723434283292047e-07,1.8476229001040153e-07,1.5656180556580772e-07,1.32055122479678e-07,1.1055894036190839e-07,9.147008081460212e-08,7.429951618676259e-08,5.866229411213614e-08,4.425932219436838e-08,3.0860874540257685e-08,1.829266515282227e-08,6.424182799220635e-09,-4.840941617171556e-09,-1.5572766474903267e-08,-2.582135819950243e-08,-3.562192747306446e-08,-4.499912685373923e-08,-5.397085347066704e-08,-6.255190175265063e-08,-7.075782541985388e-08,-7.860940173168596e-08,-8.613814604845124e-08,-9.339339682948468e-08,-1.0045156610442068e-07,-1.0742819600843427e-07,-1.1449341148579188e-07,-1.2189096954176043e-07,-1.299595118795422e-07,-1.391462787611323e-07,-1.4998188737121302e-07,-1.6292452548453727e-07,-1.351899738876515e-07,-1.1126276132627914e-07,-9.067642400763419e-08,-7.287455792450106e-08,-5.73571230449476e-08,-4.370603893597972e-08,-3.1578311368580434e-08,-2.0694839048625716e-08,-1.083066280366357e-08,-1.8065999144574072e-09,6.518388869674325e-09,1.425409293253461e-08,2.14850526640679e-08,2.8275591693181042e-08,3.467391158903807e-08,4.0715347946630336e-08,4.642491350310758e-08,5.1819254018987134e-08,5.690812951542441e-08,6.169551588062089e-08,6.618040458656986e-08,7.035736353389231e-08,7.421691070451087e-08,7.774574455932891e-08,8.092687101253833e-08,8.373966649545596e-08,8.61599205633616e-08,8.815991068060392e-08,8.970857794539691e-08,9.077189820455069e-08,9.131358178921127e-08,9.129629059756174e-08,9.068363387887629e-08,8.94432812226121e-08,8.75515636365202e-08,8.499978773529902e-08,8.18019084470135e-08,7.800164739777937e-08,7.36722990377782e-08,6.888760446881349e-08,6.218330250561378e-08,5.61262238462222e-08,5.0621566221307483e-08,4.5559486443100544e-08,4.0846419973426104e-08,3.6409772715715974e-08,3.2195204947804236e-08,2.8162826928768867e-08,2.428393102698921e-08,2.0538324402641068e-08,1.6912140481945496e-08,1.3396046674572987e-08,9.98378163614301e-09,6.670954191960719e-09,3.454032816343091e-09,3.2945342696227765e-10,-2.7072268378945445e-09,-5.66220308791834e-09,-8.544399362547927e-09,-1.1366628995087769e-08,-1.4147024053667253e-08,-1.6910822181719065e-08,-1.9692597862959926e-08,-2.253902174087802e-08,-2.5512235264241976e-08,-2.8693928616589785e-08,-3.218984995841106e-08,-3.613253373687419e-08,-4.067404893581617e-08,-4.594409061562417e-08,1.975688357561598e-07,1.6807681895237233e-07,1.427189281533975e-07,1.2084954340890538e-07,1.0173859002663957e-07,8.477931374133483e-08,6.950311097495984e-08,5.555203338631075e-08,4.2654920802803787e-08,3.060885987729931e-08,1.9264014287398088e-08,8.511229537056126e-09,-1.7278625913008383e-09,-1.1508579857497406e-08,-2.0869182238876878e-08,-2.983555256893494e-08,-3.8424971950783157e-08,-4.664936466651428e-08,-5.451836820045722e-08,-6.204258985978204e-08,-6.923744944723391e-08,-7.612808179271584e-08,-8.275588383718864e-08,-8.918742853532193e-08,-9.552660086632763e-08,-1.0193086695487926e-07,-1.0863245300420558e-07,-1.159643451407108e-07,-1.2438739757381387e-07,-1.3447769368819526e-07,-1.4675192831099293e-07,-1.222387757264252e-07,-1.0131462150704319e-07,-8.346750365713982e-08,-6.811327365605228e-08,-5.475803655782012e-08,-4.300643059226525e-08,-3.2542403746931984e-08,-2.311365293370741e-08,-1.4521364648822589e-08,-6.611201157707765e-09,7.350567707512648e-10,7.606923824961026e-09,1.4071440805097655e-08,2.0178198037650264e-08,2.5963269997315503e-08,3.1452236190074007e-08,3.6662467141522716e-08,4.160483340508115e-08,4.628496725339435e-08,5.070417919093544e-08,5.48601081044891e-08,5.874716556397816e-08,6.235682123851477e-08,6.567776715625525e-08,6.869599310233116e-08,7.139480365434349e-08,7.375480944663643e-08,7.575393210566245e-08,7.736747568546407e-08,7.856834044483167e-08,7.932749232944436e-08,7.961486037851615e-08,7.940092148218915e-08,7.865934605339623e-08,7.737117939875654e-08,7.553096306561696e-08,7.315449963370181e-08,7.02860161952006e-08,6.699837148785621e-08,6.336461204807494e-08,5.708212918464762e-08,5.1447603982121475e-08,4.635272940699517e-08,4.167734506678726e-08,3.732495905851329e-08,3.3224090293673446e-08,2.9322593340792642e-08,2.5582938002123464e-08,2.1978685705482624e-08,1.8491692420300103e-08,1.5109860791815868e-08,1.1825354114022773e-08,8.6331912061276e-09,5.5301358895135725e-09,2.513795204194765e-09,-4.181549924177181e-10,-3.2686940513889838e-09,-6.042205877352131e-09,-8.74533231926098e-09,-1.1388016724033616e-08,-1.3984834111947169e-08,-1.6556714370375296e-08,-1.9133169000905297e-08,-2.1755126436035395e-08,-2.4478480899348842e-08,-2.7378525322964932e-08,-3.0555661031879204e-08,-3.414135641905318e-08,-3.82947057298719e-08,-4.3156635668975074e-08,1.779777538468027e-07,1.5232661866471668e-07,1.3031809731661234e-07,1.1130601309854605e-07,9.4602559149696e-08,7.968402627146395e-08,6.615249391616686e-08,5.3705322711690615e-08,4.211662092715971e-08,3.122111058739672e-08,2.0899919146951732e-08,1.1068861548491955e-08,1.6692831111242276e-09,-7.338870824498747e-09,-1.5982235369076193e-08,-2.4277929216204165e-08,-3.2236597332166855e-08,-3.986495388136936e-08,-4.71681520143036e-08,-5.415230553304454e-08,-6.082752467009252e-08,-6.721191022712946e-08,-7.333708149455858e-08,-7.92559881386858e-08,-8.505393585995898e-08,-9.086381842460054e-08,-9.688620981520562e-08,-1.0341393002873154e-07,-1.108584904035389e-07,-1.1977400386615388e-07,-1.3067737062303296e-07,-1.1008913950684856e-07,-9.26037644874589e-08,-7.769878798857976e-08,-6.482827169984125e-08,-5.3571089649568215e-08,-4.360059994746333e-08,-3.465269083760082e-08,-2.6517571460716803e-08,-1.903296037905382e-08,-1.2076084257768885e-08,-5.555597001837437e-09,5.955666762004647e-10,6.426026226874158e-09,1.1970499592522338e-08,1.7253243388882164e-08,2.2290612406357035e-08,2.709294160183927e-08,3.166591727349506e-08,3.6011565783134544e-08,4.0128956115270484e-08,4.401468746614782e-08,4.766321405337985e-08,5.106704598113784e-08,5.421685581430991e-08,5.710151489087895e-08,5.970808089166713e-08,6.202175884502897e-08,6.402586223792912e-08,6.570181081467303e-08,6.702921999038839e-08,6.798616890772499e-08,6.854978880627587e-08,6.869740353269467e-08,6.840859341904636e-08,6.766873486987332e-08,6.64746695209817e-08,6.484264792335032e-08,6.281574912714727e-08,6.046200232922077e-08,5.7848523458524234e-08,5.214146557951803e-08,4.701956257985544e-08,4.2372760609673935e-08,3.808639684801862e-08,3.4076253951701475e-08,3.028092053209328e-08,2.6655501620990367e-08,2.316797303177442e-08,1.979619618896593e-08,1.6525370230066536e-08,1.3345956802224984e-08,1.0252061640162472e-08,7.240200380427957e-09,4.30835654890259e-09,1.4552419081392006e-09,-1.3203216182078593e-09,-4.019971374216583e-09,-6.64639459562191e-09,-9.204013031474098e-09,-1.16998434847517e-08,-1.4144630306915342e-08,-1.6554361133407216e-08,-1.8952284331648644e-08,-2.137152838585676e-08,-2.3858361189102283e-08,-2.6476067993563046e-08,-2.930968017057913e-08,-3.247364140991556e-08,-3.611749190949534e-08,-4.0381690267052876e-08,1.5845161460273917e-07,1.3775732044918128e-07,1.196594945520104e-07,1.0362827557891314e-07,8.925811661465368e-08,7.621844596620788e-08,6.422723595766395e-08,5.306199184228119e-08,4.255695552261814e-08,3.2592990434830143e-08,2.308648875826485e-08,1.3979893782940549e-08,5.234376106951358e-09,-3.175574466224779e-09,-1.1266077919600896e-08,-1.9046738266587944e-08,-2.6522820772594813e-08,-3.3697027782257286e-08,-4.0571131359637085e-08,-4.714771531417085e-08,-5.343231005590874e-08,-5.943627724494548e-08,-6.518092410697294e-08,-7.070349803827866e-08,-7.60658889199821e-08,-8.136687548902034e-08,-8.67580162113944e-08,-9.246034492186803e-08,-9.877108664759516e-08,-1.0604269108672758e-07,-1.1468676959315239e-07,-9.892191203815234e-08,-8.537577405419976e-08,-7.356356430856316e-08,-6.312547156751559e-08,-5.383273815103956e-08,-4.5469698172958714e-08,-3.784687824422928e-08,-3.081143896241304e-08,-2.4246710484053854e-08,-1.8066625106875932e-08,-1.220912009126413e-08,-6.630244939010344e-09,-1.2994488745885084e-09,3.803990604655777e-09,8.693598636186377e-09,1.3377610625266213e-08,1.7860342399409074e-08,2.2143167071921417e-08,2.6225205625358616e-08,3.0103808565186375e-08,3.377488392004341e-08,3.7233110958357345e-08,4.047206785774024e-08,4.3484294043361346e-08,4.6261303175122706e-08,4.879356035071569e-08,5.107043693413187e-08,5.3080158952878654e-08,5.480977142091292e-08,5.6245153686249945e-08,5.737114463944515e-08,5.817187995919885e-08,5.8631521822985644e-08,5.873569968762151e-08,5.8474210123299064e-08,5.7845836677857824e-08,5.686625414870099e-08,5.557819226866387e-08,5.405073457529173e-08,5.2340453343983904e-08,4.7407570309037905e-08,4.290016415820477e-08,3.8726030167545475e-08,3.481671229863128e-08,3.111992431516698e-08,2.7592318273600872e-08,2.420067828646601e-08,2.0921223904960102e-08,1.773778736973585e-08,1.463986728958277e-08,1.1620976698836226e-08,8.67736579677618e-09,5.80707094649448e-09,3.0092092155923843e-09,2.8343992667504475e-10,-2.370474619290563e-09,-4.953068451968728e-09,-7.465586712021548e-09,-9.910473781501531e-09,-1.229200147039508e-08,-1.4617118149910918e-08,-1.6896616022984963e-08,-1.9146720910030304e-08,-2.139117746566522e-08,-2.3663764490472493e-08,-2.601081473415995e-08,-2.849273285369635e-08,-3.118409155453929e-08,-3.4185493319129794e-08,-3.7617659562516506e-08,1.3897748417666672e-07,1.2441114287613695e-07,1.1046619025481863e-07,9.740116667480968e-08,8.527848278686884e-08,7.398021608498682e-08,6.335996036103232e-08,5.3293703756250406e-08,4.368860516274228e-08,3.4479005281348954e-08,2.562000396788119e-08,1.708172211985873e-08,8.844884316172647e-09,8.976069460458645e-10,-6.7668919661577985e-09,-1.4151935396292187e-08,-2.125860741598714e-08,-2.808673148574422e-08,-3.4635761160911656e-08,-4.0905732343292365e-08,-4.689844521264342e-08,-5.261909140454518e-08,-5.8078623648304674e-08,-6.329728200529796e-08,-6.830981586495596e-08,-7.317292513343658e-08,-7.797474941883521e-08,-8.284267653208695e-08,-8.79333340161976e-08,-9.333716695210457e-08,-9.876066042600941e-08,-8.870372781037753e-08,-7.946286433722177e-08,-7.072547378895987e-08,-6.264614870675117e-08,-5.520448682932366e-08,-4.830578103109176e-08,-4.184982634619753e-08,-3.5753336747401534e-08,-2.995360461730146e-08,-2.4405835124003986e-08,-1.9079180544754754e-08,-1.3953127230531551e-08,-9.014637997046329e-09,-4.256023625776194e-09,3.2659691497937254e-10,4.734393717580045e-09,8.966601361857807e-09,1.3021063505810836e-08,1.6894612603879443e-08,2.0583331470419844e-08,2.4082729242499906e-08,2.7387854594411548e-08,3.049336215168648e-08,3.339354347973649e-08,3.608233109046106e-08,3.8553282311567105e-08,4.079954951452421e-08,4.2813844320614867e-08,4.458840668107589e-08,4.611499663436949e-08,4.738494005456282e-08,4.8389285716130595e-08,4.911918120253024e-08,4.9566672722220906e-08,4.972632294403514e-08,4.9598399740637976e-08,4.919499306422182e-08,4.8551075679677656e-08,4.7739503899374905e-08,4.6840608204443885e-08,4.288568107610279e-08,3.904077480094001e-08,3.5338716552124734e-08,3.179244594152377e-08,2.8385035337680352e-08,2.5094488118189713e-08,2.1902438660767144e-08,1.879565954330991e-08,1.576537352983919e-08,1.2806144187112624e-08,9.914884231153244e-09,7.090089737160606e-09,4.3312782457537645e-09,1.6385795759991728e-09,-9.875705614448185e-10,-3.5466763700015826e-09,-6.038403098678128e-09,-8.462806729273375e-09,-1.0820606949445949e-08,-1.3113543981975648e-08,-1.5344869628421086e-08,-1.7520034306297816e-08,-1.964763632962445e-08,-2.1740669957891067e-08,-2.381796719641286e-08,-2.5905253303753973e-08,-2.8033931190064508e-08,-3.0232354903655183e-08,-3.250315479941738e-08,-3.486225016559001e-08,1.1953943095875145e-07,1.0954617151529582e-07,9.972210843736782e-08,9.007422159495771e-08,8.061085678670884e-08,7.134039792269e-08,6.227078406456877e-08,5.340935326201988e-08,4.476282146459873e-08,3.633731445061527e-08,2.813841712857675e-08,2.017122463603427e-08,1.244038882826256e-08,4.950158029815397e-09,-2.2955900627573695e-09,-9.293321491620671e-09,-1.6039823875170376e-08,-2.253218744627258e-08,-2.876778759233173e-08,-3.474426701596028e-08,-4.045951540377739e-08,-4.5911644195712806e-08,-5.109895369969208e-08,-5.601988945512774e-08,-6.067298457205344e-08,-6.50567851576206e-08,-6.91697578352173e-08,-7.301018437026942e-08,-7.657606445232973e-08,-7.986510062972168e-08,-8.287494075951929e-08,-7.751254213517065e-08,-7.215761699392305e-08,-6.681925640169165e-08,-6.15091982638344e-08,-5.623982897098168e-08,-5.1023392871932876e-08,-4.587165155602029e-08,-4.079575579768237e-08,-3.580621440389698e-08,-3.091290697132132e-08,-2.61251148084224e-08,-2.145155748185372e-08,-1.6900428930962828e-08,-1.2479430364397674e-08,-8.195798809587825e-09,-4.056331016516425e-09,-6.740282069434592e-11,3.765015749183613e-09,7.4353492653654785e-09,1.0938409230300496e-08,1.4269389584376185e-08,1.742386505109573e-08,2.0397791989807724e-08,2.3187511426254093e-08,2.578975391534512e-08,2.820164585386032e-08,3.042071679749371e-08,3.244490723932542e-08,3.427257616502246e-08,3.5902507498878926e-08,3.733391427203526e-08,3.8566438946185813e-08,3.960014776015947e-08,4.0435516146818335e-08,4.107340104861561e-08,4.1514994080284036e-08,4.176174646497455e-08,4.181525147185918e-08,4.167706122854776e-08,4.134839351214873e-08,3.809839385470258e-08,3.489061490908753e-08,3.172626443072026e-08,2.8606847446030173e-08,2.5533939874568452e-08,2.2509107215954618e-08,1.9533877029955534e-08,1.6609733007427555e-08,1.3738117052522776e-08,1.0920433746377767e-08,8.158054916133397e-09,5.452323527992025e-09,2.804556793308944e-09,2.160486734422809e-10,-2.3119279063583583e-09,-4.778118776069717e-09,-7.181285798602271e-09,-9.520203325658064e-09,-1.1793653446880628e-08,-1.400041964550412e-08,-1.6139278484597382e-08,-1.8208988997582622e-08,-2.02082795990474e-08,-2.213583268179163e-08,-2.3990267865645743e-08,-2.577012665536991e-08,-2.7473865259382054e-08,-2.909987188114166e-08,-3.0646545989766595e-08,-3.211255407207411e-08
ry,6.218754559220141e-07,6.277582445623394e-07,6.337056381720661e-07,6.39813320471426e-07,6.46159023082134e-07,6.528005999716207e-07,6.597802106689332e-07,6.671283040368246e-07,6.748666961047112e-07,6.830108029999655e-07,6.915712248894125e-07,7.005548580731183e-07,7.099656712098761e-07,7.198052443261278e-07,7.300731403511486e-07,7.40767157358525e-07,7.518834934938681e-07,7.634168439230399e-07,7.753604385842401e-07,7.877060198369876e-07,8.004437491635248e-07,8.135620206819481e-07,8.270471449392523e-07,8.40882847365699e-07,8.550494995501789e-07,8.695229657985859e-07,8.842729027619222e-07,8.992603105102947e-07,9.144341834522737e-07,9.29727599938821e-07,9.450574677651392e-07,9.31765592334603e-07,9.183888416261032e-07,9.048280791860858e-07,8.909982531311771e-07,8.768345970346968e-07,8.622892597703915e-07,8.473275398386968e-07,8.319248346138156e-07,8.160643808257796e-07,7.997356245397003e-07,7.829330522983557e-07,7.656553487126684e-07,7.479047814620617e-07,7.296867431738769e-07,7.110094006333928e-07,6.918834166863276e-07,6.723217206161259e-07,6.523393099899761e-07,6.319530719185287e-07,6.111816150399746e-07,5.90045105792587e-07,5.685651040107857e-07,5.467643937989352e-07,5.246668061682823e-07,5.022970301859324e-07,4.796804094749485e-07,4.568427209042502e-07,4.338099323008415e-07,4.106079361070384e-07,3.8726225623129714e-07,3.637977261099316e-07,3.4023813753034633e-07,3.1660586258092304e-07,2.929214560357758e-07,2.6920325397742313e-07,2.454669989112952e-07,2.2172554625195602e-07,1.9798874742443193e-07,1.7426367164176502e-07,1.5055530289115036e-07,1.4531466628715048e-07,1.401012839838314e-07,1.349310783253854e-07,1.298174012587704e-07,1.2477045704051437e-07,1.1979783421802565e-07,1.1490505522948665e-07,1.1009601081571337e-07,1.0537328050148722e-07,1.0073836599148575e-07,9.619186282001477e-08,9.173358973352946e-08,8.736268974953143e-08,8.307771254588869e-08,7.887668469444514e-08,7.47571719777247e-08,7.071633634043438e-08,6.675098869691565e-08,6.28576376456736e-08,5.9032532948200345e-08,5.5271701226232264e-08,5.157096948827831e-08,4.792596953136775e-08,4.433211262617757e-08,4.0784518829705806e-08,3.727787885050515e-08,3.380622045417904e-08,3.036255895254833e-08,2.6938474061133847e-08,2.3524273977240192e-08,6.167544747990922e-07,5.915658730528448e-07,5.62348305808182e-07,5.403653797593596e-07,5.253169931863677e-07,5.159108028416129e-07,5.10939651735681e-07,5.094607144324191e-07,5.107713704557656e-07,5.143581608435647e-07,5.198494709509099e-07,5.269779796856732e-07,5.355523343342608e-07,5.45436380196984e-07,5.565343456274461e-07,5.687807602935533e-07,5.821342541321525e-07,5.965747241748324e-07,6.121036542447318e-07,6.287476425337862e-07,6.465654995276248e-07,6.656596130129949e-07,6.861927085051117e-07,7.084116259138952e-07,7.326801904565741e-07,7.595231621553464e-07,7.896801459529001e-07,8.241536576324845e-07,8.641445687188971e-07,9.103875444202211e-07,9.560135853815973e-07,9.670986149222762e-07,9.904278781868504e-07,1.0074538627103928e-06,1.0174376465883704e-06,1.0213495695125428e-06,1.0203061626008133e-06,1.015222153948806e-06,1.0067968127750675e-06,9.955527860928285e-07,9.818797895916734e-07,9.660708427638849e-07,9.483500000013957e-07,9.288928481417353e-07,9.078414133169027e-07,8.853149139529161e-07,8.614174920342658e-07,8.362437753804665e-07,8.098828998496698e-07,7.824214505147064e-07,7.539456552208695e-07,7.245430719824377e-07,6.94303944282573e-07,6.633223482137994e-07,6.316972167716085e-07,5.995332948426069e-07,5.669420494611822e-07,5.340425297842558e-07,5.009621354843899e-07,4.678372051310125e-07,4.348132694372768e-07,4.0204471548514757e-07,3.6969345692200115e-07,3.3792596616546036e-07,3.069076322592199e-07,2.767927176427631e-07,2.477069441810474e-07,2.197169962169182e-07,1.9277849044135386e-07,1.666394239797987e-07,1.4093940033307878e-07,1.308561564577632e-07,1.1983772244184758e-07,1.099181226182943e-07,1.011254759138314e-07,9.329811379214513e-08,8.627319145596011e-08,7.992066680769714e-08,7.414149631029853e-08,6.886069235261289e-08,6.402065493273315e-08,5.957591380237053e-08,5.548924495358617e-08,5.172890618706813e-08,4.82667333416755e-08,4.5076891654487326e-08,4.213513613845625e-08,3.9418490710763954e-08,3.690530261823845e-08,3.457568267621652e-08,3.241238465566971e-08,3.0402240760165967e-08,2.853833543666405e-08,2.6823179755991076e-08,2.5273217975371138e-08,2.392498759751589e-08,2.2842705202277e-08,2.2125005651766713e-08,2.1891838711149255e-08,2.2188927744315814e-08,2.1753091168674835e-08,6.075141222393174e-07,5.575184430008122e-07,5.034812615476549e-07,4.5947376897406754e-07,4.262237878817167e-07,4.020713851160273e-07,3.852975425611299e-07,3.744779207329558e-07,3.6850283677710277e-07,3.665285550970543e-07,3.6792259219126947e-07,3.722158124435007e-07,3.790636574103546e-07,3.8821606356189374e-07,3.994950310720376e-07,4.1277882802243717e-07,4.279920349517351e-07,4.451009106758422e-07,4.6411384458192753e-07,4.850869506379087e-07,5.081351611954982e-07,5.334494943560914e-07,5.613215018488682e-07,5.921761742422004e-07,6.266146104388843e-07,6.654667314745602e-07,7.098491668778871e-07,7.611955884434454e-07,8.210978551826604e-07,8.899037173826656e-07,9.592179315497538e-07,9.927409095815039e-07,1.040761601664515e-06,1.0811833734089158e-06,1.1108903619297515e-06,1.1309230393330452e-06,1.1427860120406514e-06,1.1478253086136122e-06,1.1471264735030971e-06,1.1415397609630784e-06,1.131726057300894e-06,1.118200789573889e-06,1.1013703981316513e-06,1.0815610961929516e-06,1.0590409533812959e-06,1.0340366016157943e-06,1.006745769495762e-06,9.773466594474664e-07,9.460049800285298e-07,9.128792664225599e-07,8.78124973852406e-07,8.418977102143715e-07,8.043558808566836e-07,7.656629442974335e-07,7.259894170515134e-07,6.855147131806837e-07,6.444288544199035e-07,6.029340342952036e-07,5.612459583169276e-07,5.195948044184259e-07,4.782255430419051e-07,4.373972098497866e-07,3.973805123580633e-07,3.58452831599269e-07,3.208891540142516e-07,2.8494650178415455e-07,2.5083729520176793e-07,2.1868237533174112e-07,1.884204427593831e-07,1.5964449785360455e-07,1.3123420609137876e-07,1.1721794704214284e-07,1.0213830615011118e-07,8.856164883740294e-08,7.673508852229197e-08,6.646679697005073e-08,5.7532308482409345e-08,4.9738939866403145e-08,4.293198505610064e-08,3.698864916468913e-08,3.181067899006787e-08,2.7317926349804126e-08,2.3443255116025923e-08,2.0128711172598218e-08,1.732276693133129e-08,1.497845315702998e-08,1.3052228871091972e-08,1.1503489856182828e-08,1.029467010547105e-08,9.391946801393283e-09,8.766617667237286e-09,8.397282490194877e-09,8.27302507232274e-09,8.397848480795695e-09,8.796632507426665e-09,9.522701188760263e-09,1.066624327175443e-08,1.2357655107730507e-08,1.474126903049504e-08,1.77357783885662e-08,1.9981576101876293e-08,5.941998207813692e-07,5.244980047984015e-07,4.5344411299798836e-07,3.929811802403629e-07,3.4473745478495033e-07,3.074596340129991e-07,2.7946615975281466e-07,2.592390504633869e-07,2.4552625179730233e-07,2.3733202226227165e-07,2.3388106182793147e-07,2.345793979731066e-07,2.3897868923389554e-07,2.4674615179563406e-07,2.576407484934795e-07,2.714956808184771e-07,2.882070205452306e-07,3.077283015182361e-07,3.300709658381103e-07,3.553106680133296e-07,3.835995434869329e-07,4.1518460693256106e-07,4.504323928229506e-07,4.8985966891586e-07,5.341692539103542e-07,5.842876830085321e-07,6.413929090983049e-07,7.068845460779888e-07,7.820753550666122e-07,8.667269955177818e-07,9.546689427682042e-07,1.0072938661841548e-06,1.07237744013326e-06,1.129881282292727e-06,1.1754805185022205e-06,1.2095181653084796e-06,1.233349873971357e-06,1.2483580661446475e-06,1.255744133568732e-06,1.2565033834348068e-06,1.251447599676961e-06,1.241237165213908e-06,1.2264122946492585e-06,1.207420232046314e-06,1.1846377666444367e-06,1.1583893358236357e-06,1.1289613226863739e-06,1.0966132364287968e-06,1.0615864284691335e-06,1.0241109144526062e-06,9.844107761619605e-07,9.42708524149715e-07,8.992287177700044e-07,8.542010651131316e-07,8.078631592622542e-07,7.604629460004813e-07,7.122609574472424e-07,6.635322813090067e-07,6.145681610091847e-07,5.656770315761898e-07,5.171846822207956e-07,4.6943308901120685e-07,4.227772632707745e-07,3.7757917388308663e-07,3.341973102110025e-07,2.929693775475638e-07,2.5418284561874085e-07,2.1801967907163253e-07,1.844393522415743e-07,1.528838705798689e-07,1.2144251454468334e-07,1.0427133072600854e-07,8.6441353433879e-08,7.019817173171117e-08,5.5960210755502805e-08,4.361966171125867e-08,3.2970787205286335e-08,2.38149965883048e-08,1.5980583920828382e-08,9.323056536833635e-09,3.720957184091079e-09,-9.288993010555429e-10,-4.71571074662724e-09,-7.7181891284658e-09,-1.0007229599265227e-08,-1.1647787451237656e-08,-1.2700025895655662e-08,-1.321978698905478e-08,-1.3258410397339101e-08,-1.2861889238957357e-08,-1.2069314290982869e-08,-1.0910524612401695e-08,-9.402862825588664e-09,-7.546946465030797e-09,-5.321466672828295e-09,-2.6773750545256865e-09,4.666799524772688e-10,4.22031448335578e-09,8.672059800101471e-09,1.3676658090148637e-08,1.821430676589475e-08,5.768656309885511e-07,4.924510573524765e-07,4.0913444114850746e-07,3.3641467432426395e-07,2.761122268162638e-07,2.2751917066086754e-07,1.892809876709393e-07,1.6003019707267758e-07,1.3856330754110754e-07,1.2387630290104448e-07,1.1515679907648485e-07,1.1176215655096694e-07,1.1319404753134506e-07,1.1907408681954957e-07,1.291228848432225e-07,1.4314377288613172e-07,1.6101184022570912e-07,1.8266857495496167e-07,2.0812219269277178e-07,2.3745358284822517e-07,2.7082762756863955e-07,3.085093767962077e-07,3.5088409925061775e-07,3.984794293914235e-07,4.5198637529959036e-07,5.12272661503571e-07,5.803720039794426e-07,6.573969980557188e-07,7.442066011980659e-07,8.404676588018038e-07,9.423615820323732e-07,1.0098249952604683e-06,1.0874387828998448e-06,1.1576483405826229e-06,1.215865447632301e-06,1.2617889885149965e-06,1.2963689861636761e-06,1.3207973513146244e-06,1.3362086043187532e-06,1.3436048689972873e-06,1.343847260070929e-06,1.3376684820693652e-06,1.325691750248819e-06,1.3084505516211823e-06,1.2864069669791116e-06,1.2599676702574438e-06,1.2294974105559915e-06,1.1953301297493177e-06,1.1577780255495615e-06,1.1171389188328388e-06,1.0737022743324513e-06,1.0277541848089833e-06,9.795815770250405e-07,9.294758416097034e-07,8.777360314767546e-07,8.246717150904664e-07,7.706055099979259e-07,7.158752560964715e-07,6.60835714106737e-07,6.058595897929306e-07,5.513375862377403e-07,4.976770723906426e-07,4.4529881785837455e-07,3.9463104388097356e-07,3.4609962394002035e-07,3.001120897198558e-07,2.5702926216803894e-07,2.1710612592984462e-07,1.8034264200423825e-07,1.4605519048972207e-07,1.1156724199101674e-07,9.205378774034911e-08,7.22798212158235e-08,5.411295397443267e-08,3.801586301123436e-08,2.3978497617997403e-08,1.1854495284702294e-08,1.473739785038848e-09,-7.3255690304076975e-09,-1.4689334920468e-08,-2.0747194950399434e-08,-2.5614371685834047e-08,-2.9394085294354652e-08,-3.21798737428483e-08,-3.4057530616350276e-08,-3.510653306276762e-08,-3.540091118205179e-08,-3.500954427311337e-08,-3.399587823234456e-08,-3.2417055325842126e-08,-3.0322443635124723e-08,-2.7751560237948877e-08,-2.473141387505492e-08,-2.1273373468268534e-08,-1.736985182621176e-08,-1.2991589732332816e-08,-8.087815064937117e-09,-2.5973062872071593e-09,3.5060558686484222e-09,1.0078587238647431e-08,1.6456750732938747e-08,5.555652658777753e-07,4.605412126697832e-07,3.6827350508131295e-07,2.8626543017976064e-07,2.1632070990711482e-07,1.5816017933721392e-07,1.1082404188633642e-07,7.321211442712165e-08,4.428488275368483e-08,2.3131516938513203e-08,8.98663665074057e-09,1.2258838966347564e-09,-6.475696565106433e-10,2.9804495732055113e-09,1.1819062498632235e-08,2.565892399343351e-08,4.436276428295498e-08,6.78606030392922e-08,9.614990017174681e-08,1.2930050541529134e-07,1.674638365507749e-07,2.1088516940832221e-07,2.599171687127077e-07,3.150316992300546e-07,3.7682523768684007e-07,4.4600989040178963e-07,5.233738559222114e-07,6.096742300475247e-07,7.053925732036616e-07,8.102405436145444e-07,9.22289161621897e-07,1.0007875822298967e-06,1.0877453683870828e-06,1.167656947307407e-06,1.2359374992251918e-06,1.2918256087742142e-06,1.3358481329247786e-06,1.3689131408170706e-06,1.3919892710591654e-06,1.405995943791236e-06,1.4117687092597849e-06,1.4100527278986615e-06,1.4015079521049934e-06,1.3867192372459813e-06,1.3662081214854408e-06,1.3404445658389083e-06,1.3098577928609395e-06,1.2748458639716248e-06,1.2357839295093994e-06,1.1930312454706951e-06,1.1469371249373535e-06,1.0978460132898145e-06,1.0461018659941525e-06,9.92051979290313e-07,9.360503849894838e-07,8.784608745074126e-07,8.196596656366904e-07,7.60037668695445e-07,7.000022468379168e-07,6.399782996787784e-07,5.804084328708861e-07,5.217519123594181e-07,4.6448203604963403e-07,4.0908143864496216e-07,3.560344613188889e-07,3.0581427135218496e-07,2.588572985965989e-07,2.1550013544223043e-07,1.757976629483859e-07,1.3896261448703627e-07,1.0161083989381572e-07,8.044745692986818e-08,5.9301875943667264e-08,3.9741284690632095e-08,2.2236097780521064e-08,6.85072046176986e-09,-6.495164705064861e-09,-1.7928220086455664e-08,-2.758515002993318e-08,-3.5599766246907887e-08,-4.209858006180864e-08,-4.719970581397479e-08,-5.1013143747689394e-08,-5.364158601588451e-08,-5.518130053782891e-08,-5.5722843453665673e-08,-5.535146172474568e-08,-5.4147113316947825e-08,-5.2184072391587596e-08,-4.953011471531091e-08,-4.6245306574424565e-08,-4.238046153417003e-08,-3.797539802761557e-08,-3.305724762937901e-08,-2.7639278216500575e-08,-2.1721145875109535e-08,-1.5292685507269535e-08,-8.346138603905777e-09,-9.06722058728051e-10,6.900141818605063e-09,1.4714331911647858e-08,5.30349109622646e-07,4.2778824668525933e-07,3.2896109999919333e-07,2.3984786438774596e-07,1.6217500036670701e-07,9.599009134003187e-08,4.06983951735971e-08,-4.501073322433696e-09,-4.042689161724465e-08,-6.783364348468485e-08,-8.737935581726356e-08,-9.961675384992898e-08,-1.0499665400813048e-07,-1.0387715009503462e-07,-9.653460891252437e-08,-8.31738239580948e-08,-6.393559927666117e-08,-3.890075554284245e-08,-8.090162509536586e-09,2.8539020797329105e-08,7.110010491008496e-08,1.197851195879031e-07,1.7487215955818796e-07,2.3672828793353138e-07,3.0580288461218796e-07,3.826038895811058e-07,4.676454006308038e-07,5.613516670079056e-07,6.639088733341024e-07,7.751090642299922e-07,8.944442728362978e-07,9.810125054754211e-07,1.0749736411960033e-06,1.1623903452352252e-06,1.2387499882012075e-06,1.302954436297822e-06,1.3551616374785275e-06,1.3959859269813453e-06,1.426190462024546e-06,1.4465635175870855e-06,1.4578667745404301e-06,1.4608140852492289e-06,1.456064698559793e-06,1.4442240181308702e-06,1.4258483124155784e-06,1.4014512885001843e-06,1.371511274186555e-06,1.336478285258822e-06,1.2967806050199435e-06,1.2528307260856244e-06,1.2050306369976126e-06,1.1537765064005013e-06,1.0994628460000795e-06,1.0424862347750237e-06,9.832486705371617e-07,9.221605870108826e-07,8.596435390105029e-07,7.961325179924984e-07,7.320778184386328e-07,6.679463367750746e-07,6.042221552710069e-07,5.414062493448898e-07,4.800151495377006e-07,4.205783172151613e-07,3.6363355593706515e-07,3.097179385520629e-07,2.5934507671025167e-07,2.1293744249973764e-07,1.706118748622859e-07,1.3149622439316728e-07,9.157555302605903e-08,6.929648795705007e-08,4.72034269663125e-08,2.6646469485696183e-08,8.094473311222164e-09,-8.3319323198952e-09,-2.265440071689003e-08,-3.495385915491038e-08,-4.533559726873529e-08,-5.391383840659597e-08,-6.080456508825995e-08,-6.61220702761837e-08,-6.9977346884039e-08,-7.247741780689433e-08,-7.372510628310891e-08,-7.381894210315449e-08,-7.285301688060289e-08,-7.091668137917116e-08,-6.809403640104747e-08,-6.446321760964984e-08,-6.009552460395862e-08,-5.505450635207451e-08,-4.9395199848957354e-08,-4.316384061058308e-08,-3.639854572726518e-08,-2.9131769882323372e-08,-2.139578372920021e-08,-1.323272419757585e-08,-4.709545016752904e-09,4.0696305808683e-09,1.2992040525058812e-08,5.012634032957874e-07,3.9335375576150425e-07,2.896820231528109e-07,1.9508101173195374e-07,1.1117681046015805e-07,3.825800695414482e-08,-2.3957731198254324e-08,-7.598217653742676e-08,-1.1839354842618133e-07,-1.5175588001768736e-07,-1.7658004845316964e-07,-1.9330759685104602e-07,-2.023075017336352e-07,-2.0388002463597383e-07,-1.9826372432861232e-07,-1.8564287202750764e-07,-1.6615338122655132e-07,-1.398861011892063e-07,-1.068869998700698e-07,-6.715442775656511e-08,-2.063435542646878e-08,3.278474319953473e-08,9.327479785761121e-08,1.6106524541857674e-07,2.3642956942904662e-07,3.196553948502501e-07,4.109925196982187e-07,5.10579974566354e-07,6.183838380390457e-07,7.342862499383524e-07,8.588191865830047e-07,9.51284941650234e-07,1.0505348154349081e-06,1.1438082149109648e-06,1.2266840627253432e-06,1.2978183764908143e-06,1.357064556355159e-06,1.4047680615445852e-06,1.4414827520883083e-06,1.4678462440092803e-06,1.484519840959622e-06,1.4921577081530275e-06,1.4913911359537173e-06,1.4828215011732457e-06,1.4670185098910245e-06,1.444521612207025e-06,1.4158432029363785e-06,1.3814727010247586e-06,1.3418809389626217e-06,1.2975245306274508e-06,1.2488500452171197e-06,1.1962979152955118e-06,1.1403060643840616e-06,1.0813132666246194e-06,1.0197622573115984e-06,9.561026055201806e-07,8.907933439985626e-07,8.243053316869212e-07,7.571233058545915e-07,6.897475703544888e-07,6.226952713371783e-07,5.56501235885052e-07,4.917183744592173e-07,4.289175724714396e-07,3.686864364322081e-07,3.11623940694933e-07,2.583199219646165e-07,2.0928206077617545e-07,1.646904102423179e-07,1.2360436427654305e-07,8.146386960088837e-08,5.846297728202684e-08,3.573770552561583e-08,1.4488773430423988e-08,-4.8188152295555684e-09,-2.202269018233485e-08,-3.709596215889912e-08,-5.007761290296084e-08,-6.104083988450543e-08,-7.007725205249278e-08,-7.728825339388857e-08,-8.278001603847857e-08,-8.666042139157698e-08,-8.903715047566973e-08,-9.001644820162938e-08,-8.97022590358297e-08,-8.819553916638431e-08,-8.55936290134225e-08,-8.19896340276252e-08,-7.747181981723547e-08,-7.212308733933954e-08,-6.602066235504218e-08,-5.9236216812647186e-08,-5.1836741830173256e-08,-4.388660764191761e-08,-3.545132256726066e-08,-2.6603288747643953e-08,-1.742842962551848e-08,-8.026890241187048e-09,1.5184293516046999e-09,1.1294266689718627e-08,4.6835036125617015e-07,3.565931469125349e-07,2.492775342126026e-07,1.5036477260072024e-07,6.136723658272613e-08,-1.7256964210598125e-08,-8.55337564766118e-08,-1.4371179962826246e-07,-1.921299725872062e-07,-2.3114626217356035e-07,-2.610999188330678e-07,-2.8229333565846197e-07,-2.9498603126011617e-07,-2.9939578711260505e-07,-2.9570340204347824e-07,-2.840584510655188e-07,-2.645841820168857e-07,-2.3738036716155209e-07,-2.0252359471110425e-07,-1.6006516559364046e-07,-1.1002747684316204e-07,-5.240054115950423e-08,1.2858887273258179e-08,8.582227727955811e-08,1.6657439278507208e-07,2.551846055480559e-07,3.5166365988267456e-07,4.5591812310857707e-07,5.677590629957296e-07,6.871617316534324e-07,8.154060454154089e-07,9.122319745641664e-07,1.0155319797324488e-06,1.1134240428316345e-06,1.2015849125080196e-06,1.2784971173133985e-06,1.343772275745812e-06,1.3975241725069973e-06,1.4401119885155484e-06,1.4720216213068593e-06,1.4938034307490966e-06,1.5060362812968402e-06,1.5093058525039295e-06,1.5041917363803087e-06,1.491260339116003e-06,1.4710616828759935e-06,1.444128781182824e-06,1.4109786465416195e-06,1.372114275067904e-06,1.3280271687720402e-06,1.2792001146531939e-06,1.2261100511591125e-06,1.1692309267546654e-06,1.1090365014041667e-06,1.0460030675242268e-06,9.806120789610452e-07,9.133526804823445e-07,8.447241316025781e-07,7.752381231793708e-07,7.054209997791905e-07,6.358159314638249e-07,5.669851245730307e-07,4.99512191662682e-07,4.3400468315722836e-07,3.7109605925261734e-07,3.1144358946897836e-07,2.5570928795445786e-07,2.044811918328834e-07,1.5799986533727735e-07,1.1527124676944448e-07,7.12789835990191e-08,4.7840307589736656e-08,2.471607344237016e-08,3.009158418098283e-09,-1.681963312932568e-08,-3.457795062159979e-08,-5.0200635132015154e-08,-6.369080602527275e-08,-7.509201041864278e-08,-8.447321631503211e-08,-9.191977114160019e-08,-9.752750568629734e-08,-1.013986979237385e-07,-1.0363922670886618e-07,-1.0435651549773337e-07,-1.0365800436171652e-07,-1.0164997658421695e-07,-9.84366343018838e-08,-9.411937746027339e-08,-8.879629767653222e-08,-8.256195778355143e-08,-7.550759221490726e-08,-6.772193378873427e-08,-5.9292941847522113e-08,-5.0310740884970676e-08,-4.087195001748133e-08,-3.108486291373516e-08,-2.107225809953818e-08,-1.0959766842767109e-08,-8.098490624641066e-10,9.624739419516418e-09,4.3164865607373075e-07,3.170317790754926e-07,2.0688052461363406e-07,1.0447654614503556e-07,1.1209222192056807e-08,-7.235085085621584e-08,-1.4602386030655343e-07,-2.0982549247940892e-07,-2.63865510100958e-07,-3.082911046430867e-07,-3.432555043072784e-07,-3.6890244899917236e-07,-3.8536094124848493e-07,-3.927463471114026e-07,-3.911648411354183e-07,-3.8071885633240777e-07,-3.615117949854545e-07,-3.336508466401637e-07,-2.9724737113734024e-07,-2.524149484205475e-07,-1.9926587843561394e-07,-1.379076288252102e-07,-6.844144599531558e-08,9.034027086718959e-09,9.441103069416632e-08,1.8755075633256107e-07,2.882539276360419e-07,3.9624308450188187e-07,5.11227090016742e-07,6.332745151162737e-07,7.641969831845324e-07,8.643205568924667e-07,9.70790015831856e-07,1.0723796663957372e-06,1.1648644653288275e-06,1.246610898229646e-06,1.3170455709814823e-06,1.3760910364841074e-06,1.4239352190894098e-06,1.4609222249097729e-06,1.4874918591623563e-06,1.504141862935624e-06,1.5114028040846405e-06,1.5098211408402257e-06,1.4999480322490385e-06,1.4823323131848895e-06,1.4575164798076575e-06,1.4260348120858058e-06,1.3884129766630495e-06,1.3451686284253174e-06,1.2968126686374459e-06,1.2438509250813586e-06,1.1867860996399932e-06,1.1261198864034024e-06,1.062355204007116e-06,9.959985147728072e-07,9.275622254021537e-07,8.575671846350672e-07,7.865453178813814e-07,7.150424728344287e-07,6.436215967407218e-07,5.728664182748617e-07,5.033858214505751e-07,4.3581891618823447e-07,3.708399132369111e-07,3.0915869637448807e-07,2.515025487142933e-07,1.985318985402894e-07,1.5054272462598075e-07,1.0650178079008211e-07,6.102520394404695e-08,3.73515507722472e-08,1.4000275551821753e-08,-7.985237741647965e-09,-2.8147767752011134e-08,-4.627424811187539e-08,-6.227059292321225e-08,-7.611079063850178e-08,-8.781272871916978e-08,-9.742458186077681e-08,-1.0501600759707876e-07,-1.106719261858281e-07,-1.1448791346136732e-07,-1.1656670916441574e-07,-1.1701554181336636e-07,-1.1594407058920595e-07,-1.1346280885792698e-07,-1.0968194643525103e-07,-1.0471053713944868e-07,-9.865606801453963e-08,-9.162447835865506e-08,-8.372075031176627e-08,-7.505024404956793e-08,-6.572098297112e-08,-5.584705173056037e-08,-4.555297461587219e-08,-3.497784276859027e-08,-2.4274379560900947e-08,-1.3586999236452595e-08,-2.958820744646216e-09,7.98651544236581e-09,3.9119402747744134e-07,2.743250036299312e-07,1.6184542931821506e-07,5.6480983285808497e-08,-4.050907548564513e-08,-1.284842724012155e-07,-2.0710010904690172e-07,-2.761668035704061e-07,-3.355775419651549e-07,-3.852688185832692e-07,-4.251990632306288e-07,-4.553391816270201e-07,-4.756710760468619e-07,-4.861911606751637e-07,-4.869164118713273e-07,-4.778909250802023e-07,-4.5919139020169224e-07,-4.3093037743583953e-07,-3.932568544902807e-07,-3.4635393399630906e-07,-2.904344708257802e-07,-2.2573577376214643e-07,-1.5251531438831086e-07,-7.104977852039992e-08,1.836023500320377e-08,1.1537907302198636e-07,2.1962338884596083e-07,3.306709700237654e-07,4.481682012853865e-07,5.722758750653056e-07,7.051842389263591e-07,8.078863812577692e-07,9.169094341831457e-07,1.0215201460672632e-06,1.1175878440939208e-06,1.2034066139969008e-06,1.2782664286604831e-06,1.3419376108281035e-06,1.394463740735465e-06,1.436063239717652e-06,1.4670729549030253e-06,1.487910846621364e-06,1.499049376558553e-06,1.5009960641651033e-06,1.4942793637482092e-06,1.4794386454866137e-06,1.4570173518236014e-06,1.4275585812743293e-06,1.3916024967409307e-06,1.3496850827282178e-06,1.3023378871882847e-06,1.2500884782260983e-06,1.1934614237587065e-06,1.1329796651324345e-06,1.0691662065243116e-06,1.002546084138208e-06,9.336486166694108e-07,8.630099753591578e-07,7.91176152411663e-07,7.187064539759e-07,6.461776979400648e-07,5.741893440291381e-07,5.033697695211883e-07,4.3438364811130754e-07,3.679393323054983e-07,3.047915741068999e-07,2.457236584243968e-07,1.9145830547662932e-07,1.423405421767535e-07,9.73119377261809e-08,5.070829520920366e-08,2.6943975959858052e-08,3.4923113942709193e-09,-1.8634651178145067e-08,-3.8981947120106186e-08,-5.732266552859138e-08,-7.354169492664867e-08,-8.75904068206706e-08,-9.946566160367849e-08,-1.0919778544803504e-07,-1.1684237428122471e-07,-1.224741139521632e-07,-1.2618190800813043e-07,-1.2806498160802978e-07,-1.282297696950082e-07,-1.2678745996906417e-07,-1.2385210060483498e-07,-1.195392174793172e-07,-1.1396492182569369e-07,-1.0724552804787328e-07,-9.949774219671901e-08,-9.083952141300864e-08,-8.139173519975958e-08,-7.128075673582148e-08,-6.06420057350437e-08,-4.9624042146657874e-08,-3.839143981527405e-08,-2.7120453089162433e-08,-1.5968698626676418e-08,-4.961300284683669e-09,6.3819910918567255e-09,3.4701990536803763e-07,2.282219704347564e-07,1.1368803469650672e-07,5.655363622779515e-09,-9.475344626753258e-08,-1.868574682189126e-07,-2.7017725190594963e-07,-3.443387097633877e-07,-4.0902891596133643e-07,-4.639744363358248e-07,-5.089321999264514e-07,-5.436886248253105e-07,-5.68064307321918e-07,-5.81922059618094e-07,-5.85176317936876e-07,-5.778021802908912e-07,-5.598426294420732e-07,-5.314128620558262e-07,-4.927010787642633e-07,-4.439655871150806e-07,-3.855286194988176e-07,-3.177678455888558e-07,-2.4110710281848994e-07,-1.5600823218739394e-07,-6.296571878714285e-08,3.749589475719968e-08,1.4482790316410993e-07,2.5849114060446313e-07,3.7809673673616687e-07,5.038967103429629e-07,6.383602965832096e-07,7.431656451593538e-07,8.543194141580816e-07,9.6146087559017e-07,1.0605467160539294e-06,1.1498300041033028e-06,1.228503261376274e-06,1.2962196520159127e-06,1.3529056704230278e-06,1.3986732392906372e-06,1.4337683673234235e-06,1.458535627535927e-06,1.473391357920681e-06,1.4788028740551005e-06,1.4752723840024383e-06,1.4633247482501591e-06,1.4434983935293831e-06,1.4163387807970298e-06,1.3823939069116967e-06,1.3422114001497458e-06,1.296336850616196e-06,1.2453130939857953e-06,1.1896802380932235e-06,1.1299762856522885e-06,1.0667382634347001e-06,1.000503820257046e-06,9.318133055594901e-07,8.612123899263998e-07,7.892553411342945e-07,7.165091251776162e-07,6.435585571953008e-07,5.71012763209348e-07,4.995131666444753e-07,4.2974288867885834e-07,3.624362597412867e-07,2.983833035624965e-07,2.3841219277976933e-07,1.832964361071686e-07,1.3342317422267288e-07,8.77227880475973e-08,4.033575234007417e-08,1.658358763972744e-08,-6.874828034415568e-09,-2.903833287418012e-08,-4.9452361753004334e-08,-6.788090117694323e-08,-8.419412477473493e-08,-9.832664539584428e-08,-1.1025903211318204e-07,-1.2000728901195054e-07,-1.2761540304939078e-07,-1.3314940328706283e-07,-1.366924222860204e-07,-1.3834057162927289e-07,-1.381995393103908e-07,-1.3638184734474713e-07,-1.3300472417671675e-07,-1.281885638051756e-07,-1.220559658388123e-07,-1.1473137753517e-07,-1.0634138776377748e-07,-9.70157486810653e-08,-8.688921234988522e-08,-7.610423759267719e-08,-6.481446649613545e-08,-5.3188357151919056e-08,-4.14108005632504e-08,-2.9675881358712394e-08,-1.814992182382567e-08,-6.841580740154854e-09,4.812923656488737e-09,2.9915799896330286e-07,1.785376180998947e-07,6.203883855850188e-08,-4.856877421141401e-08,-1.5230676661691e-07,-2.4847197839101696e-07,-3.364683515052177e-07,-4.1575048298857263e-07,-4.858050091043745e-07,-5.461470955191811e-07,-5.963248377438179e-07,-6.359287198421448e-07,-6.646043133084425e-07,-6.820665775892379e-07,-6.881141655339959e-07,-6.82642224748392e-07,-6.656523548685654e-07,-6.372586326142241e-07,-5.976889486133055e-07,-5.472813090803718e-07,-4.864752329852481e-07,-4.157988971973387e-07,-3.358531869361938e-07,-2.472941476637822e-07,-1.5081513495142446e-07,-4.7128238121077894e-08,6.306142880124908e-08,1.791131867182724e-07,3.006188268237506e-07,4.2792205934652376e-07,5.637180656907904e-07,6.703215699702506e-07,7.833215618912948e-07,8.926425167429493e-07,9.94319310302103e-07,1.0865852476748035e-06,1.1685658790671643e-06,1.2398273587879595e-06,1.3002049331884552e-06,1.3497243042531528e-06,1.3885553939595278e-06,1.416979196879007e-06,1.4353615725996974e-06,1.4441319227209811e-06,1.4437659001464825e-06,1.4347716130409725e-06,1.4176788523911477e-06,1.3930308892286904e-06,1.3613784109458548e-06,1.323275205881984e-06,1.279275258198861e-06,1.2299309751970276e-06,1.1757923318397265e-06,1.1174067793765013e-06,1.0553198254004762e-06,9.900762515891646e-07,9.222219937664064e-07,8.523067680996465e-07,7.808875880176565e-07,7.085333774814731e-07,6.358309403441674e-07,5.633925690561532e-07,4.918654990241048e-07,4.2194303269113586e-07,3.543758630439814e-07,2.899781000588171e-07,2.2961024320748237e-07,1.740841340618479e-07,1.2382187958586275e-07,7.775680181648602e-08,2.9917017867758266e-08,6.250755532224133e-09,-1.714452143809616e-08,-3.9263797683139713e-08,-5.965068952510113e-08,-7.806307813950525e-08,-9.436125057608957e-08,-1.0846811226365155e-07,-1.2035249193022103e-07,-1.3001985210140254e-07,-1.375055348735413e-07,-1.4286911754133021e-07,-1.461895068594328e-07,-1.4756069656419072e-07,-1.4708817922632153e-07,-1.448860089163483e-07,-1.4107450743601317e-07,-1.3577860854238547e-07,-1.2912684416237056e-07,-1.2125099237135627e-07,-1.1228642504155876e-07,-1.0237320689476617e-07,-9.165799381286921e-08,-8.029672451387617e-08,-6.845790961513631e-08,-5.632574842079674e-08,-4.4100616396778286e-08,-3.1989471764207654e-08,-2.0163777048544358e-08,-8.617366925026073e-09,3.2804550532550994e-09,2.476388327323738e-07,1.2513238521758728e-07,6.608755496445678e-09,-1.0664955021355849e-07,-2.1381794085859776e-07,-3.1418015138521374e-07,-4.070312620421705e-07,-4.916587413971828e-07,-5.673481307812987e-07,-6.333975544687425e-07,-6.891363432093925e-07,-7.339459908240362e-07,-7.672822268469361e-07,-7.886969714087914e-07,-7.978588550080505e-07,-7.94570961422012e-07,-7.787845081417074e-07,-7.506073171024e-07,-7.103061521555521e-07,-6.583023133906283e-07,-5.951602823994969e-07,-5.21569691537892e-07,-4.383213913767284e-07,-3.4627877324694075e-07,-2.463454057297529e-07,-1.39428497421917e-07,-2.6391987850575648e-08,9.202472263818557e-08,2.153998645990543e-07,3.4417189958986755e-07,4.812511103842638e-07,5.894644027600546e-07,7.041231225865e-07,8.153732606705561e-07,9.193174223157346e-07,1.014182601397817e-06,1.099050463613269e-06,1.1734254424483109e-06,1.2370751838210318e-06,1.2899593658311962e-06,1.3321879214433398e-06,1.3639902599288406e-06,1.3856899839474797e-06,1.3976835254450244e-06,1.4004222011371024e-06,1.3943974062740315e-06,1.3801286576229402e-06,1.3581541566950794e-06,1.3290235241570601e-06,1.293292363818525e-06,1.2515183446262357e-06,1.2042585345508854e-06,1.1520677749464316e-06,1.095497943614771e-06,1.0350980169602133e-06,9.71414905231487e-07,9.049950997907146e-07,8.363872377237233e-07,7.66145756288461e-07,6.948358745668169e-07,6.230401925735765e-07,5.513672121232159e-07,4.804619848076109e-07,4.110186698909271e-07,3.4379342292408257e-07,2.796118959233558e-07,2.1935315870060997e-07,1.6385417869464546e-07,1.1356475646446898e-07,6.743547177212482e-08,1.9463651163668556e-08,-4.0629667909800015e-09,-2.7341930063463667e-08,-4.9353731511932264e-08,-6.963772802576599e-08,-8.794737129914374e-08,-1.0413666974723333e-07,-1.1812111265108544e-07,-1.2986205101737701e-07,-1.393582584792672e-07,-1.4663969776393357e-07,-1.5176211789946477e-07,-1.5480219682719446e-07,-1.5585323359169607e-07,-1.5502144277425168e-07,-1.5242289077810364e-07,-1.4818109412225797e-07,-1.4242528889537957e-07,-1.3528937978777075e-07,-1.269115840771573e-07,-1.1743479582113788e-07,-1.0700770065897226e-07,-9.578665743364099e-08,-8.393829536580815e-08,-7.16425646028819e-08,-5.909536629934014e-08,-4.650811389315548e-08,-3.40963431802307e-08,-2.2033819653981386e-08,-1.0301242209768439e-08,1.7851340358189379e-09,1.9249222286089677e-07,6.789796470906915e-08,-5.2835420617849977e-08,-1.689670063074157e-07,-2.798390232412085e-07,-3.8472403478481365e-07,-4.828065142176306e-07,-5.732022462823996e-07,-6.549879657134655e-07,-7.272337868390584e-07,-7.890364277913223e-07,-8.39552413434481e-07,-8.780304898500599e-07,-9.038423056516595e-07,-9.165102464491677e-07,-9.157311953453788e-07,-9.013949411241824e-07,-8.735959738256802e-07,-8.326375094946224e-07,-7.790267909276533e-07,-7.134610347011878e-07,-6.368038370657264e-07,-5.500523758113035e-07,-4.5429622710207415e-07,-3.506687063879306e-07,-2.402903770907394e-07,-1.241990145077954e-07,-3.2428805629825435e-09,1.221390654202041e-07,2.5248651287912444e-07,3.909539307921551e-07,5.006657001423098e-07,6.168608974114265e-07,7.298597942653256e-07,8.358216161009669e-07,9.329749193874574e-07,1.0203748771774445e-06,1.0974853694583751e-06,1.1640278438965775e-06,1.2199155139412489e-06,1.2652149555909947e-06,1.300117271664271e-06,1.3249137258555466e-06,1.3399745810280604e-06,1.345730880861372e-06,1.342659071616511e-06,1.3312683043677297e-06,1.3120901799199053e-06,1.285670649155376e-06,1.2525637669978833e-06,1.2133270124724121e-06,1.1685179223894608e-06,1.1186918350138627e-06,1.0644005976456742e-06,1.0061921551230265e-06,9.446110030929025e-07,8.801995596145926e-07,8.135005805544082e-07,7.450608167606913e-07,6.754361799200725e-07,6.051987381706948e-07,5.349458733025569e-07,4.653118222919618e-07,3.96981383916568e-07,3.307041787727255e-07,2.673036716607102e-07,2.0766265924540737e-07,1.5262926955738758e-07,1.0267348395296514e-07,5.677764561304025e-08,8.989458442470638e-09,-1.4357009477407638e-08,-3.74777351735198e-08,-5.933084337795078e-08,-7.944886166362352e-08,-9.758157834201521e-08,-1.1357945062232055e-07,-1.273542584868669e-07,-1.388638791731109e-07,-1.4810425234165913e-07,-1.551034010986094e-07,-1.5991613469720756e-07,-1.6261919206252428e-07,-1.633068773516983e-07,-1.6208727700279808e-07,-1.5907912227043018e-07,-1.5440933084793596e-07,-1.4821124135853838e-07,-1.4062354679805718e-07,-1.317899342992019e-07,-1.2185944356462538e-07,-1.1098755688392257e-07,-9.933801467449097e-08,-8.708527714545194e-08,-7.441733241546264e-08,-6.153791912564148e-08,-4.866539966804053e-08,-3.602011021736931e-08,-2.3775797421933507e-08,-1.1901716763115658e-08,3.2693495423280314e-10,1.3374769371824877e-07,6.747399811462984e-09,-1.1648841754674632e-07,-2.3584659411736953e-07,-3.5085307851338645e-07,-4.6076550459391135e-07,-5.64647593035941e-07,-6.61430550195272e-07,-7.499673626306605e-07,-8.290832946347227e-07,-8.976239545068991e-07,-9.545011892960436e-07,-9.98736466987538e-07,-1.0295010532796688e-06,-1.0461520461892769e-06,-1.0482631329601464e-06,-1.0356487659614816e-06,-1.0083803325437235e-06,-9.667928496857723e-07,-9.114807862290097e-07,-8.432818397585181e-07,-7.632478939847148e-07,-6.726029417488612e-07,-5.726883750045576e-07,-4.6489637985246887e-07,-3.5059125293908977e-07,-2.3101345061717295e-07,-1.0714384152143379e-07,2.0548446875936365e-08,1.527147122114004e-07,2.9282230005218875e-07,4.0396806294562054e-07,5.216176188831571e-07,6.362288276811229e-07,7.440061891232325e-07,8.43184118871642e-07,9.328048147705463e-07,1.0123097702271612e-06,1.0813938102218537e-06,1.1399424922815921e-06,1.187995748079561e-06,1.2257203005782248e-06,1.2533859802701534e-06,1.2713448351335285e-06,1.2800128950491187e-06,1.2798545791236275e-06,1.2713696540317064e-06,1.2550825546871543e-06,1.231533814827996e-06,1.2012733298891622e-06,1.1648551811384253e-06,1.1228337799359785e-06,1.0757611368556204e-06,1.0241851169794112e-06,9.686486065026588e-07,9.096895848482844e-07,8.478421696577823e-07,7.836387782967007e-07,7.176136270322686e-07,6.503078632270841e-07,5.822766853298815e-07,5.140988211501714e-07,4.4638863030409374e-07,3.798106595219694e-07,3.150950972815867e-07,2.5304843194946076e-07,1.9454125115653302e-07,1.4041795000521683e-07,9.116066467199547e-08,4.579815854047974e-08,-1.4894093217665894e-09,-2.4623141681755458e-08,-4.755050528928359e-08,-6.920097901539243e-08,-8.909761678172831e-08,-1.0698678556866997e-07,-1.2271761374769065e-07,-1.3620154830363007e-07,-1.4739685769265994e-07,-1.563005150375064e-07,-1.6294215191494733e-07,-1.6737867942009066e-07,-1.696893462270157e-07,-1.699713001885904e-07,-1.6833575288338194e-07,-1.6490481417060887e-07,-1.5980902760473183e-07,-1.5318561347115816e-07,-1.4517741551656423e-07,-1.359325467265708e-07,-1.2560473331306616e-07,-1.1435435634444105e-07,-1.0235017216697763e-07,-8.977162088291659e-08,-7.681141247940429e-08,-6.367744145038443e-08,-5.05912151812008e-08,-3.777444861553179e-08,-2.5398861823003387e-08,-1.3423940482678144e-08,-1.0947278896484692e-09,7.143483611401236e-08,-5.839192878377844e-08,-1.8451903948765526e-07,-3.075765214258487e-07,-4.27295285488091e-07,-5.429096398150796e-07,-6.533449010900318e-07,-7.573269941057544e-07,-8.53463187039704e-07,-9.403111538503056e-07,-1.016442070379165e-06,-1.0804993835750255e-06,-1.1312534479378682e-06,-1.167651646796595e-06,-1.188863279514356e-06,-1.1943181920327078e-06,-1.1837378149664643e-06,-1.157156974921925e-06,-1.1149346137388266e-06,-1.057751449210906e-06,-9.865927010374989e-07,-9.027143357010497e-07,-8.075918672508013e-07,-7.028515099706916e-07,-5.901840890650496e-07,-4.712415603016007e-07,-3.4751126615550006e-07,-2.2014536136128894e-07,-8.966624986501497e-08,4.470339269904459e-08,1.8685366080215505e-07,2.993913159600146e-07,4.1843230166830884e-07,5.345408340897544e-07,6.439553539323825e-07,7.449186438137699e-07,8.364713883708604e-07,9.180491699602515e-07,9.893386372674376e-07,1.0502159208123366e-06,1.1007108881341762e-06,1.140980000185634e-06,1.1712829625712061e-06,1.191962087182298e-06,1.20342423094062e-06,1.2061253021254766e-06,1.2005572442892125e-06,1.1872373121443946e-06,1.1666993915394924e-06,1.1394870916418646e-06,1.10614834482322e-06,1.0672312800076422e-06,1.0232811813283951e-06,9.748384008244444e-07,9.224371584495975e-07,8.666052331209693e-07,8.078646239820158e-07,7.467333407445373e-07,6.837285643381244e-07,6.193715000740117e-07,5.54194314606701e-07,4.887495776528386e-07,4.236225455764459e-07,3.594462190149662e-07,2.9691778098748994e-07,2.3681100164133636e-07,1.7996715453521684e-07,1.2721079065892103e-07,7.902725910217218e-08,3.450647246875911e-08,-1.1954385144045638e-08,-3.4846166134567006e-08,-5.754792473248634e-08,-7.895474076420527e-08,-9.857750561454893e-08,-1.161592523025064e-07,-1.315498928606712e-07,-1.4466388706713167e-07,-1.5546379468647546e-07,-1.6395156121294316e-07,-1.701620538428687e-07,-1.7415739222836562e-07,-1.7602182191338244e-07,-1.7585717945327536e-07,-1.7377902974299457e-07,-1.699135224798902e-07,-1.6439497837618037e-07,-1.573641924763639e-07,-1.4896743264110795e-07,-1.3935611235682714e-07,-1.2868712330283052e-07,-1.1712381702591591e-07,-1.0483761241006793e-07,-9.201014182205598e-08,-7.883563893788445e-08,-6.55226394732041e-08,-5.229218999805845e-08,-3.9364156896945546e-08,-2.6906357896931302e-08,-1.487015653373362e-08,-2.48099061726303e-09,5.58361004901763e-09,-1.2758366339779818e-07,-2.5707988580271404e-07,-3.844213760244945e-07,-5.095697282708238e-07,-6.31723461392416e-07,-7.496449385841123e-07,-8.618268453817594e-07,-9.66602238509379e-07,-1.0622330275340151e-06,-1.1469882150319436e-06,-1.2192154096374522e-06,-1.2774065963031536e-06,-1.3202582639577113e-06,-1.346725514337654e-06,-1.356069320421138e-06,-1.3478955904079405e-06,-1.3221841590240096e-06,-1.2793053494912156e-06,-1.2200214168737976e-06,-1.1454700857649422e-06,-1.0571276091825124e-06,-9.56749344655363e-07,-8.462867191087449e-07,-7.277803231415792e-07,-6.032286610534171e-07,-4.74427499091252e-07,-3.4275607975756017e-07,-2.0882510770317878e-07,-7.171304499819277e-08,7.304758654911736e-08,1.8693581316814836e-07,3.0730562172803447e-07,4.2479718211491366e-07,5.356717182629076e-07,6.38182754507457e-07,7.31380653204551e-07,8.147112456718745e-07,8.878711430627014e-07,9.507450057104487e-07,1.0033689935003306e-06,1.0459032527790642e-06,1.0786085564631551e-06,1.1018258965729199e-06,1.115958786826404e-06,1.121458178310115e-06,1.1188098344884349e-06,1.1085239374924012e-06,1.0911266526813223e-06,1.0671533675032353e-06,1.037143337075205e-06,1.0016355047835992e-06,9.611653153215607e-07,9.162623957759326e-07,8.674490453549898e-07,8.152395451412969e-07,7.601403756471205e-07,7.026515118904876e-07,6.43269052482767e-07,5.824895280094938e-07,5.208163163349125e-07,4.587686443496373e-07,3.9689360879910366e-07,3.357813060843831e-07,2.76081945624468e-07,2.1852002417363247e-07,1.638891360138781e-07,1.1297629805211998e-07,6.625970265407183e-08,2.2905082977749122e-08,-2.2384437802173385e-08,-4.5004034773376916e-08,-6.744700830057642e-08,-8.856774397188089e-08,-1.0786226158858268e-07,-1.2507056878077071e-07,-1.4004577891049107e-07,-1.5270900566947667e-07,-1.6303123326370936e-07,-1.710234661005401e-07,-1.7672949326687804e-07,-1.8021972950240815e-07,-1.8158582037387685e-07,-1.8093600608190657e-07,-1.7839127417850165e-07,-1.7408230358582397e-07,-1.6814717253903773e-07,-1.6072978632175627e-07,-1.5197897733143095e-07,-1.4204823656941563e-07,-1.3109604744679231e-07,-1.1928680343150172e-07,-1.067922878566127e-07,-9.379364418059888e-08,-8.048357392172846e-08,-6.706788956740266e-08,-5.376369061851215e-08,-4.07858183945927e-08,-2.829628438777913e-08,-1.6239953906154854e-08,-3.833534768550628e-09,-6.377540472119719e-08,-2.008873531160611e-07,-3.3431618360438423e-07,-4.666344498228268e-07,-5.980644285693306e-07,-7.277523608650263e-07,-8.542664900988575e-07,-9.758316186303212e-07,-1.0904724204392506e-06,-1.1961224698079012e-06,-1.290717529667973e-06,-1.372279205213832e-06,-1.4389911650460487e-06,-1.4892688190681522e-06,-1.521822643114708e-06,-1.5357146534042188e-06,-1.5304067386598714e-06,-1.505798702569232e-06,-1.4622530600073202e-06,-1.400602987867219e-06,-1.3221394727927784e-06,-1.2285737269243084e-06,-1.1219714295373554e-06,-1.0046562752929592e-06,-8.79081363725038e-07,-7.476669888673576e-07,-6.125986925017245e-07,-4.755589355030838e-07,-3.3729666016278564e-07,-1.9672494767408282e-07,-4.859368443745566e-08,6.658322184048206e-08,1.8820087397406488e-07,3.0694128925034555e-07,4.1907765745016073e-07,5.22878117556426e-07,6.174153906240032e-07,7.021627629332568e-07,7.768454551665683e-07,8.413746498417215e-07,8.95808843313225e-07,9.403252863706456e-07,9.75196381193171e-07,1.0007695716156624e-06,1.0174502598307221e-06,1.0256874789652964e-06,1.025962043284487e-06,1.0187768651910685e-06,1.0046491161222988e-06,9.84103921608089e-07,9.576693134625445e-07,9.25872207812614e-07,8.892352316894246e-07,8.482742805960697e-07,8.034967539264629e-07,7.554004846290883e-07,7.044734550050028e-07,6.511944730257214e-07,5.96035073572257e-07,5.394630054640382e-07,4.819477625600334e-07,4.2396869695928195e-07,3.6602625604802796e-07,3.086566344067975e-07,2.524490882598955e-07,1.9806171041108436e-07,1.4622076254878146e-07,9.765608962734954e-08,5.2826334320670024e-08,1.0987468924044681e-08,-3.2756044822946506e-08,-5.506739291206668e-08,-7.721330971842784e-08,-9.799950731704336e-08,-1.1690444518436088e-07,-1.336660464607226e-07,-1.4814378969198612e-07,-1.6026971371214068e-07,-1.7002778499475012e-07,-1.7744236096288386e-07,-1.8256985739677933e-07,-1.8549194439320745e-07,-1.863098461621347e-07,-1.8513964044511607e-07,-1.8210850350386684e-07,-1.7735183393324998e-07,-1.7101117330741736e-07,-1.6323283762581945e-07,-1.5416718069168988e-07,-1.4396842566826902e-07,-1.327950204281078e-07,-1.2081049126300727e-07,-1.0818477783753973e-07,-9.50960001680314e-08,-8.173244492845991e-08,-6.829398812705777e-08,-5.4990364938522685e-08,-4.202815458815906e-08,-2.9561495434444487e-08,-1.7530361352901747e-08,-5.154586443443783e-09,-1.36610806046006e-07,-2.783641802023499e-07,-4.163759348398042e-07,-5.544715305274508e-07,-6.931675760842064e-07,-8.315369557980859e-07,-9.67915967960497e-07,-1.1002208765999284e-06,-1.2261294654144279e-06,-1.3432118048293735e-06,-1.4490380004345343e-06,-1.5412726212540835e-06,-1.6177598684818841e-06,-1.6766016261917466e-06,-1.716229484082878e-06,-1.7354707845785458e-06,-1.7336075503762295e-06,-1.7104258561479817e-06,-1.6662519582738841e-06,-1.6019704446299308e-06,-1.5190189582427248e-06,-1.4193538073646493e-06,-1.3053810851487088e-06,-1.179848774570515e-06,-1.0456963953918202e-06,-9.058587816069516e-07,-7.630153272041665e-07,-6.192524968279777e-07,-4.7552678173004657e-07,-3.3056323120017123e-07,-1.7806463229635448e-07,-6.170517716545348e-08,6.104056031555395e-08,1.8085385779339045e-07,2.9400964404396276e-07,3.987977585853967e-07,4.943292027792188e-07,5.801242387460487e-07,6.559565345902084e-07,7.217819938962109e-07,7.776969754506894e-07,8.239082792551538e-07,8.607092966663944e-07,8.884604379318708e-07,9.075730312528619e-07,9.184961710995968e-07,9.217060626500145e-07,9.176974389674816e-07,9.069766628486629e-07,8.900561720110916e-07,8.674499807458957e-07,8.396700091691516e-07,8.072230704367141e-07,7.706084063482294e-07,7.303157237125227e-07,6.868237496310412e-07,6.405993958477943e-07,5.920977028818095e-07,5.417628257491182e-07,4.900304255382668e-07,4.3733194273262507e-07,3.841013370853487e-07,3.307849407913172e-07,2.778549375124132e-07,2.2582617279396958e-07,1.7527304945163924e-07,1.2683369630799986e-07,8.115892079269138e-08,3.8672768705560456e-08,-1.264651241136444e-09,-4.3043186845525086e-08,-6.499848044883845e-08,-8.679900544247903e-08,-1.0719082874117726e-07,-1.2563226087580707e-07,-1.418611886184727e-07,-1.557478349153031e-07,-1.6724038586051192e-07,-1.7634092177012334e-07,-1.8309166013414733e-07,-1.8756527237005735e-07,-1.8985736613250645e-07,-1.9008052307977032e-07,-1.8835963666023055e-07,-1.8482837573592393e-07,-1.7962661523683793e-07,-1.7289868375651766e-07,-1.6479229322273275e-07,-1.55458037602768e-07,-1.4504937347481337e-07,-1.3372302287869516e-07,-1.2163976569818572e-07,-1.0896560815013232e-07,-9.587330118381926e-08,-8.254405406028283e-08,-6.916877853187977e-08,-5.594649385987265e-08,-4.3072157789662285e-08,-3.068970447913476e-08,-1.8735815443561257e-08,-6.4469187429472376e-09,-2.1289020867816103e-07,-3.600852523671038e-07,-5.034242363337373e-07,-6.482097192782355e-07,-7.95288716672539e-07,-9.436338090449224e-07,-1.0913045758147394e-06,-1.2358630908685368e-06,-1.3745995605471308e-06,-1.5046856807600898e-06,-1.6232952924078875e-06,-1.7277070116284168e-06,-1.8153956534167968e-06,-1.8841164788584187e-06,-1.9319847050212294e-06,-1.9575511649223494e-06,-1.9598732524886457e-06,-1.9385784057168155e-06,-1.8939155478949443e-06,-1.826788321431829e-06,-1.7387627907067275e-06,-1.6320416930565248e-06,-1.509397352338117e-06,-1.3740559952519474e-06,-1.2295270572960025e-06,-1.0793706665032956e-06,-9.26889902527375e-07,-7.74706077674143e-07,-6.24078105123919e-07,-4.735213416613645e-07,-3.1535574234983864e-07,-1.9799295140530505e-07,-7.430183536745551e-08,4.634168862719101e-08,1.6020506868644369e-07,2.656120223576491e-07,3.6173270838529896e-07,4.4815726443749033e-07,5.247292344938357e-07,5.914675361109427e-07,6.485209531559705e-07,6.961366820159672e-07,7.346365749342147e-07,7.643985942815814e-07,7.858422255064403e-07,7.994170122968095e-07,8.055935534563091e-07,8.048564127913802e-07,7.976984880382678e-07,7.846164715292682e-07,7.661071138413621e-07,7.426640716627942e-07,7.147751836644123e-07,6.829200758025491e-07,6.475680536425877e-07,6.091762978573673e-07,5.681884440168185e-07,5.250337029853848e-07,4.80126767101253e-07,4.3386885243568614e-07,3.8665034958975175e-07,3.3885568949138465e-07,2.908711490734907e-07,2.430963155231471e-07,1.9595941248933025e-07,1.4993440487448137e-07,1.0554979216777989e-07,6.335321309789786e-08,2.3715849605709793e-08,-1.388500639960618e-08,-5.321736586101356e-08,-7.47492297801506e-08,-9.613959472178001e-08,-1.1605933830167867e-07,-1.3394427614447838e-07,-1.4953597320658658e-07,-1.6272147515348782e-07,-1.7347155526671753e-07,-1.8181216997232915e-07,-1.8780802134211548e-07,-1.9155140474482154e-07,-1.931540469871032e-07,-1.927410418549722e-07,-1.9044641680074727e-07,-1.86410002016428e-07,-1.8077533304043885e-07,-1.736883612307335e-07,-1.652967872690014e-07,-1.5574987262086661e-07,-1.451986213923839e-07,-1.3379625976842895e-07,-1.2169897216210182e-07,-1.0906687968178975e-07,-9.606525008225491e-08,-8.286583804529146e-08,-6.964782621743376e-08,-5.659629499912008e-08,-4.3891110561518014e-08,-3.166335886285122e-08,-1.9848037111134497e-08,-7.713856206595395e-09,-2.925801167684927e-07,-4.4614493207222416e-07,-5.956658083536436e-07,-7.481761853229326e-07,-9.048899470163371e-07,-1.0646444863734233e-06,-1.2251706344685785e-06,-1.3836274329199635e-06,-1.5368781487811092e-06,-1.681666030093512e-06,-1.8147446291640709e-06,-1.9329842414786578e-06,-2.0334652269773955e-06,-2.1135649385096627e-06,-2.17104259569455e-06,-2.204124179799329e-06,-2.2115869305488498e-06,-2.1928403623242426e-06,-2.147998106912066e-06,-2.0779326041604227e-06,-1.9843029397293923e-06,-1.8695451158254746e-06,-1.7368137459383145e-06,-1.589864422383119e-06,-1.4328662523955632e-06,-1.2701325024120822e-06,-1.105747983266983e-06,-9.430358718965688e-07,-7.83685987576343e-07,-6.25987078033158e-07,-4.604526790944769e-07,-3.423763393231617e-07,-2.1801582649021544e-07,-9.688098288629742e-08,1.7280587426330494e-08,1.228458112672021e-07,2.1907141051914474e-07,3.056443567690047e-07,3.825010143738185e-07,4.4974113842333855e-07,5.07578725112157e-07,5.563097316448993e-07,5.962892092891238e-07,6.279145850364162e-07,6.51613306939437e-07,6.678336684351988e-07,6.77037939945437e-07,6.796971458686744e-07,6.762869861594843e-07,6.672845293611345e-07,6.531654042861848e-07,6.344012955743469e-07,6.114576096987141e-07,5.847912286029474e-07,5.548483140011379e-07,5.220621722504749e-07,4.868512431761217e-07,4.4961734157077375e-07,4.1074436215922904e-07,3.7059776172816074e-07,3.295252587045303e-07,2.8785934054677504e-07,2.459223311841722e-07,2.0403488347736203e-07,1.6252856487603728e-07,1.217617416687637e-07,8.213201925722986e-08,4.405790044919647e-08,7.835905287457132e-09,-2.6927624475965108e-08,-6.324765286257094e-08,-8.425829712089381e-08,-1.0514879761716406e-07,-1.2449274497119032e-07,-1.4170158063251422e-07,-1.565265721123348e-07,-1.6887981889120046e-07,-1.787624835154377e-07,-1.8623068676575174e-07,-1.913761038984325e-07,-1.9431344693675883e-07,-1.9517192644981885e-07,-1.9408939630418834e-07,-1.9120844351030182e-07,-1.8667391297016644e-07,-1.8063148036562317e-07,-1.7322697441415073e-07,-1.6460622106919051e-07,-1.5491524142256288e-07,-1.4430068328908907e-07,-1.3291040551944783e-07,-1.2089416618499733e-07,-1.0840439202010105e-07,-9.559701761056681e-08,-8.263232564405166e-08,-6.967538769455214e-08,-5.689439537968097e-08,-4.445065860209123e-08,-3.245949525644701e-08,-2.085587385003526e-08,-8.959279314168438e-09,-3.756458169637272e-07,-5.366828612957383e-07,-6.933815808786728e-07,-8.54793779206626e-07,-1.022533988026089e-06,-1.1952587960599577e-06,-1.3703112052534627e-06,-1.544398586905789e-06,-1.7139249197053907e-06,-1.8751865455231598e-06,-2.024506209402013e-06,-2.1583363150258915e-06,-2.273347587120551e-06,-2.3665134621590106e-06,-2.4351970478446667e-06,-2.477244327006952e-06,-2.4910838672117085e-06,-2.4758296172325227e-06,-2.4313796991496532e-06,-2.358500848712685e-06,-2.258885706559577e-06,-2.1351687260885634e-06,-1.9908859435654544e-06,-1.8303637558423518e-06,-1.658521150172174e-06,-1.4805659796605699e-06,-1.3015515922626024e-06,-1.1257120119795012e-06,-9.553396903838804e-07,-7.884898132745863e-07,-6.133353292941168e-07,-4.949963268445655e-07,-3.703750377050142e-07,-2.492201523447334e-07,-1.352993671895292e-07,-3.015389718785162e-08,6.559468765384862e-08,1.517612357323934e-07,2.283985898772464e-07,2.9570347919959855e-07,3.539648042271951e-07,4.035319415263409e-07,4.447941185316315e-07,4.781666636046326e-07,5.040817747569141e-07,5.229822908560017e-07,5.353174215853051e-07,5.415397069824613e-07,5.42102702116693e-07,5.374590439631436e-07,5.280586710605998e-07,5.143470443791048e-07,4.967632707632474e-07,4.7573806777443066e-07,4.5169153891086345e-07,4.2503075829773275e-07,3.961472007377048e-07,3.654141029589101e-07,3.331839111806708e-07,2.9978606423427484e-07,2.655254845193566e-07,2.3068230299151203e-07,1.9551352779726716e-07,1.602575617825726e-07,1.2514257731942994e-07,9.039921538847096e-08,5.627471994245226e-08,2.30318372614151e-08,-9.132658423460966e-09,-4.0472887483138456e-08,-7.310077476000574e-08,-9.344665309423083e-08,-1.1371106630261085e-07,-1.3233912243829436e-07,-1.4871678641589282e-07,-1.62614051129472e-07,-1.7397878422331204e-07,-1.8285161419336143e-07,-1.8932527750508268e-07,-1.9352229327970903e-07,-1.9558151935701148e-07,-1.9564976953981809e-07,-1.938766584098385e-07,-1.9041161531731096e-07,-1.8540236744748006e-07,-1.789943975076945e-07,-1.7133102139089306e-07,-1.6255383445441427e-07,-1.5280335186327978e-07,-1.4221972405089415e-07,-1.3094344715746524e-07,-1.1911601435871123e-07,-1.0688047040174814e-07,-9.438183509915815e-08,-8.17673209929329e-08,-6.918603224064785e-08,-5.678682113155993e-08,-4.470923291899028e-08,-3.304979280162004e-08,-2.1745231105572626e-08,-1.0187626186239463e-08,-4.620512750212048e-07,-6.319199881529403e-07,-7.969876396837192e-07,-9.68653056630202e-07,-1.1489583033911869e-06,-1.3363196630755182e-06,-1.5276279161187318e-06,-1.7190966613270975e-06,-1.9066543933421098e-06,-2.086153818639498e-06,-2.2534995264708803e-06,-2.40473763577808e-06,-2.536130580931095e-06,-2.644231756727996e-06,-2.7259698719162765e-06,-2.7787487731248975e-06,-2.800564092673532e-06,-2.7901331179212546e-06,-2.74702908067198e-06,-2.6718063056392484e-06,-2.5660991193686217e-06,-2.4326755906579407e-06,-2.2754268647957352e-06,-2.0992729960781674e-06,-1.909964453066383e-06,-1.713751005657311e-06,-1.516866397513226e-06,-1.3247097209939014e-06,-1.14040100885972e-06,-9.617712744899125e-07,-7.739766977300584e-07,-6.560559822737781e-07,-5.317669980721099e-07,-4.112404207717102e-07,-2.982654428217112e-07,-1.9426135974495155e-07,-9.96846243511179e-08,-1.4558396068301644e-08,6.130912656500853e-08,1.2822393739181603e-07,1.8655444414493174e-07,2.3670277709890672e-07,2.7908836849649223e-07,3.1413861036395075e-07,3.422837308113488e-07,3.6395413781894544e-07,3.7957911416957444e-07,3.8958615341438165e-07,3.944004969267907e-07,3.944446089625249e-07,3.901374375433481e-07,3.81893374314204e-07,3.701208619571409e-07,3.552206153464332e-07,3.375834317961785e-07,3.1758757423212775e-07,2.955957259738326e-07,2.7195154405943883e-07,2.4697588692110996e-07,2.2096286867170307e-07,1.9417600155244871e-07,1.668448322897396e-07,1.3916265724482763e-07,1.1128612583537219e-07,8.333784409177068e-08,5.541348353560797e-08,2.7594550431681926e-08,-3.704451048456728e-11,-2.7411500121290963e-08,-5.463421391858562e-08,-8.274125704905903e-08,-1.0221128151626112e-07,-1.216710097731717e-07,-1.3939346411902922e-07,-1.5473918933554847e-07,-1.6750956963936902e-07,-1.7770149258203183e-07,-1.8540492082722742e-07,-1.9075506288013865e-07,-1.9390773083786913e-07,-1.9502588886557662e-07,-1.9427228262710584e-07,-1.9180566048829893e-07,-1.8777919590289998e-07,-1.8234025036214892e-07,-1.756309125343636e-07,-1.677889400117606e-07,-1.5894885981491861e-07,-1.4924307151366638e-07,-1.3880285328684164e-07,-1.2775920398670155e-07,-1.1624346833291377e-07,-1.0438768986104102e-07,-9.232461519811782e-08,-8.01872150348052e-08,-6.81074171970148e-08,-5.6213058631752695e-08,-4.461936015714307e-08,-3.340127319132968e-08,-2.249937644754659e-08,-1.1403887159899437e-08,-5.517590153444871e-07,-7.322156298595083e-07,-9.071273206852578e-07,-1.0906230236613298e-06,-1.2851869111203747e-06,-1.488918715960302e-06,-1.6981923759861014e-06,-1.9087036746410663e-06,-2.115920287802096e-06,-2.3152909297390952e-06,-2.5023507520308206e-06,-2.6727829095717813e-06,-2.8224676293458693e-06,-2.9475378770783618e-06,-3.044454716889582e-06,-3.110110830252002e-06,-3.141965521866714e-06,-3.1382081150133655e-06,-3.0979391289677475e-06,-3.021351198963599e-06,-2.909886077993335e-06,-2.7663416691190924e-06,-2.594903967903011e-06,-2.4010810296413533e-06,-2.1915151967740295e-06,-1.97363682421202e-06,-1.7550851828545971e-06,-1.542720478757365e-06,-1.3407761899213422e-06,-1.1468911420311037e-06,-9.42341649127361e-07,-8.258434440306715e-07,-7.02732377261739e-07,-5.837152271595721e-07,-4.7259890153472297e-07,-3.706272479711824e-07,-2.780404259881449e-07,-1.9466505810909006e-07,-1.2015274325515435e-07,-5.408333299310347e-08,3.987737681008018e-09,5.450736866660304e-08,9.791504152191247e-08,1.346394467843939e-07,1.6509836122659987e-07,1.8970000276945182e-07,2.088448430678737e-07,2.2292731171527447e-07,2.323371023766568e-07,2.3745995271381737e-07,2.386778561428012e-07,2.3636870181635457e-07,2.309053479386912e-07,2.2265412568865682e-07,2.1197275550376993e-07,1.9920764094042273e-07,1.8469049411300856e-07,1.687342470727607e-07,1.5162822311737847e-07,1.3363258899545036e-07,1.1497219045941828e-07,9.582999197770922e-08,7.634049332082963e-08,5.658368904460673e-08,3.6580496293771275e-08,1.6291568060542215e-08,-4.375481358306763e-09,-2.5539887811036475e-08,-4.7286156085421136e-08,-6.956305781824089e-08,-9.213164960747598e-08,-1.1041664322388192e-07,-1.288191520017889e-07,-1.4537980993395946e-07,-1.5943544380175392e-07,-1.7083564916686378e-07,-1.7964168808415507e-07,-1.8600237897002506e-07,-1.9009928188015877e-07,-1.92121274206549e-07,-1.922526599210065e-07,-1.9066801770181905e-07,-1.8753060620642536e-07,-1.8299269265015856e-07,-1.771968691054276e-07,-1.7027779710160048e-07,-1.623640462873961e-07,-1.535798334868143e-07,-1.4404655391630342e-07,-1.3388404389326414e-07,-1.2321153462071666e-07,-1.1214825462585274e-07,-1.008136130002213e-07,-8.932683719928559e-08,-7.780583254191778e-08,-6.636482572274694e-08,-5.5109995925012425e-08,-4.413079488157088e-08,-3.347855671752088e-08,-2.3100264747406748e-08,-1.261358553353792e-08,-6.44729964943835e-07,-8.381521787612418e-07,-1.0248072063795027e-06,-1.2220141878480272e-06,-1.432693571212049e-06,-1.6545330250720559e-06,-1.8833359442825649e-06,-2.1142961187004365e-06,-2.342489591156603e-06,-2.5630577705572714e-06,-2.7712668623403814e-06,-2.962524080006551e-06,-3.132387605812315e-06,-3.2765925287901463e-06,-3.391108746243054e-06,-3.472242908755907e-06,-3.516791640355482e-06,-3.5222455865408423e-06,-3.487032847039338e-06,-3.4107777031019295e-06,-3.294540023240125e-06,-3.1409964930811567e-06,-2.9545286441335263e-06,-2.7411917096348635e-06,-2.508543691277811e-06,-2.2653008240568424e-06,-2.0207177961928183e-06,-1.7834377467735544e-06,-1.5591562138584513e-06,-1.3453790195067428e-06,-1.1183855191963944e-06,-1.0047579435308628e-06,-8.840109959627703e-07,-7.676879839853623e-07,-6.59600543561603e-07,-5.607467170114977e-07,-4.7109318046898633e-07,-3.9024100842228895e-07,-3.176792532177512e-07,-2.5288183890073946e-07,-1.953430932988773e-07,-1.4458881132618262e-07,-1.0017680034138782e-07,-6.169301425313073e-08,-2.8746193367007862e-08,-9.624726140540878e-10,2.2019343578443e-08,4.055155992544777e-08,5.49803661868223e-08,6.564766166262018e-08,7.289201766568499e-08,7.704886567045124e-08,7.844997481114657e-08,7.742224688441235e-08,7.428581632964727e-08,6.93514012259395e-08,6.291681251946555e-08,5.526249732652929e-08,4.664597422112454e-08,3.7295022284256645e-08,2.7399520349061298e-08,1.710190323595619e-08,6.486302359672947e-09,-4.433436086117825e-09,-1.5726416571887303e-08,-2.7556435128613607e-08,-4.0186179184790575e-08,-5.3947074228137244e-08,-6.910399639094276e-08,-8.544550712323421e-08,-1.0123288183776852e-07,-1.178843417656458e-07,-1.3487428087144124e-07,-1.4992873567227518e-07,-1.623652674752012e-07,-1.7210320125966372e-07,-1.7928438469005863e-07,-1.8412328285803104e-07,-1.8684727538623442e-07,-1.8767352725129514e-07,-1.8680101466169084e-07,-1.8440899022715357e-07,-1.8065835121587077e-07,-1.7569424232382505e-07,-1.6964904314571586e-07,-1.6264529543185085e-07,-1.5479834859198066e-07,-1.4621862596133833e-07,-1.3701347880048475e-07,-1.272886220222787e-07,-1.1714914752500127e-07,-1.0670009196281349e-07,-9.604649016227948e-08,-8.529275452062663e-08,-7.454104200467456e-08,-6.38879828689643e-08,-5.3418651604361854e-08,-4.319686912433564e-08,-3.324938620459475e-08,-2.3532309601024547e-08,-1.3822733719697103e-08,-7.409232624400278e-07,-9.506435335439564e-07,-1.1515763031643932e-06,-1.3648034816124242e-06,-1.5936316954767876e-06,-1.8352126670428797e-06,-2.0847645659746364e-06,-2.33707724834621e-06,-2.586998802566145e-06,-2.8295421631385987e-06,-3.0598731442373387e-06,-3.2732650426154437e-06,-3.4650576013855558e-06,-3.6306422195725896e-06,-3.7654912817192663e-06,-3.865248575128503e-06,-3.925895674346162e-06,-3.944001939365493e-06,-3.917050310782444e-06,-3.843808283796618e-06,-3.724690424175159e-06,-3.562047079813067e-06,-3.360322255017791e-06,-3.1260494758859793e-06,-2.8676816156391656e-06,-2.5952473254114905e-06,-2.319751062189922e-06,-2.0519164258495583e-06,-1.7993178316191818e-06,-1.5594292900249396e-06,-1.3020526908542727e-06,-1.1933260945723536e-06,-1.0765817778206935e-06,-9.6453889235706e-07,-8.609739256567648e-07,-7.665411981083078e-07,-6.808770648126027e-07,-6.033476326160905e-07,-5.332985808587888e-07,-4.701270714413869e-07,-4.1329727040558386e-07,-3.6233630377048873e-07,-3.168240184330834e-07,-2.763815993911377e-07,-2.4066110694513765e-07,-2.0933669511759414e-07,-1.8209767094730536e-07,-1.586432782690435e-07,-1.3867898244833209e-07,-1.21914013425907e-07,-1.0805995039690529e-07,-9.683017869002534e-08,-8.794010587800826e-08,-8.110808384025533e-08,-7.605704459022948e-08,-7.251691946657465e-08,-7.022797386438854e-08,-6.89452518751543e-08,-6.844438405156527e-08,-6.85290612847926e-08,-6.90405098904598e-08,-6.98693094270255e-08,-7.09698754024983e-08,-7.237789908641341e-08,-7.423093749604295e-08,-7.679161363171643e-08,-8.046734211050052e-08,-8.579552079853837e-08,-9.324780727334458e-08,-1.0247292188181293e-07,-1.1000482822612562e-07,-1.2438428675542148e-07,-1.3946531509588483e-07,-1.525510474902022e-07,-1.6295177189942414e-07,-1.7068436126818205e-07,-1.759849212086844e-07,-1.7913243074363192e-07,-1.803909027145779e-07,-1.799940725167009e-07,-1.7814382881577356e-07,-1.7501347505639493e-07,-1.7075247049862472e-07,-1.654913211565068e-07,-1.5934605971781387e-07,-1.5242210583327776e-07,-1.4481746468138314e-07,-1.3662529590852953e-07,-1.2793590947117643e-07,-1.1883824152045934e-07,-1.0942084381737203e-07,-9.977238616146215e-08,-8.998161530305642e-08,-8.013660826991469e-08,-7.032294933560154e-08,-6.062001321823029e-08,-5.1093990365717974e-08,-4.17852700658305e-08,-3.26960457108632e-08,-2.3791635675244728e-08,-1.5037746744407792e-08,-8.402961037938581e-07,-1.0710068929853702e-06,-1.2897014257685538e-06,-1.5219200766602583e-06,-1.771143901826195e-06,-2.0338201410373732e-06,-2.304678243780628e-06,-2.578390257005839e-06,-2.8498818039872954e-06,-3.1143225353747575e-06,-3.367025412202049e-06,-3.603333627276431e-06,-3.818523064678349e-06,-4.007737700095781e-06,-4.165975883749401e-06,-4.288150529269144e-06,-4.369251471386501e-06,-4.404636943502488e-06,-4.390463947101829e-06,-4.324227146261128e-06,-4.205321549558199e-06,-4.035504852726734e-06,-3.819144496659937e-06,-3.5632000169488638e-06,-3.276975805273029e-06,-2.9717209735648804e-06,-2.660063671917296e-06,-2.354967578326352e-06,-2.0663803538181356e-06,-1.792035339421503e-06,-1.4932754232091107e-06,-1.392162595027611e-06,-1.281660307695058e-06,-1.1760500164544508e-06,-1.0789261717916172e-06,-9.904508798281205e-07,-9.099005634636244e-07,-8.364563751394938e-07,-7.693825918360328e-07,-7.080585332854431e-07,-6.519680090880606e-07,-6.006793397945896e-07,-5.538252800482585e-07,-5.110857464069524e-07,-4.7217395521326254e-07,-4.3682577327168793e-07,-4.0479181031924467e-07,-3.7583173683285043e-07,-3.497103554055979e-07,-3.261950340068563e-07,-3.0505419702405195e-07,-2.860566553498492e-07,-2.689716349736551e-07,-2.5356943803801403e-07,-2.3962274029464905e-07,-2.2690860110482543e-07,-2.1521133847376976e-07,-2.0432650481092097e-07,-1.9406629195688257e-07,-1.842667953493984e-07,-1.7479767339963417e-07,-1.655748420054493e-07,-1.5657693876636285e-07,-1.4786637182788964e-07,-1.3961581415775482e-07,-1.3214052589882593e-07,-1.2593340782469795e-07,-1.2167396392302618e-07,-1.2006957758994327e-07,-1.2074840985291804e-07,-1.1840723123482345e-07,-1.2963993378104133e-07,-1.4212175642948376e-07,-1.5260905358784449e-07,-1.604458577461066e-07,-1.657833961204915e-07,-1.689514369085209e-07,-1.7027259048588756e-07,-1.700244031218442e-07,-1.68436113610055e-07,-1.656950121858547e-07,-1.6195456073338991e-07,-1.573420655713902e-07,-1.5196524347032537e-07,-1.4591758462734778e-07,-1.3928261348206155e-07,-1.3213720807681096e-07,-1.2455413858495822e-07,-1.1660396040949509e-07,-1.0835636165567172e-07,-9.988102577512831e-08,-9.124802668652011e-08,-8.252771835825884e-08,-7.378999093318629e-08,-6.510257560025446e-08,-5.652769746425596e-08,-4.811535287916288e-08,-3.989134215428915e-08,-3.18341131411568e-08,-2.390581159780716e-08,-1.6265281692687544e-08,-9.428038877429606e-07,-1.2007417891998632e-06,-1.4421606387605412e-06,-1.6975741236698386e-06,-1.9697605005343025e-06,-2.25422657799637e-06,-2.545822178863707e-06,-2.8396709208154014e-06,-3.131266619340151e-06,-3.416334645346689e-06,-3.690659161378106e-06,-3.9499164688284305e-06,-4.189527831198709e-06,-4.4045406732796915e-06,-4.589553620798875e-06,-4.7387141658461635e-06,-4.845835183548153e-06,-4.904694211049938e-06,-4.909576706739986e-06,-4.85606848216628e-06,-4.741975877712536e-06,-4.5681168860555975e-06,-4.338706678337501e-06,-4.061218640214378e-06,-3.74584805157368e-06,-3.4048462856034645e-06,-3.051922066532209e-06,-2.701468036904596e-06,-2.3665928983949674e-06,-2.0465911900859984e-06,-1.6919736495778616e-06,-1.6017389405342697e-06,-1.5005818580412953e-06,-1.4044783954358759e-06,-1.3162896038585237e-06,-1.2354897974500545e-06,-1.1611508653017972e-06,-1.0924166516101344e-06,-1.0285937829668725e-06,-9.691369391387038e-07,-9.136174025227372e-07,-8.616927712894379e-07,-8.130822928547845e-07,-7.675479657535126e-07,-7.248805477131086e-07,-6.848894432893349e-07,-6.473955492533965e-07,-6.12226307375551e-07,-5.792123870554723e-07,-5.481855631590338e-07,-5.18977474927773e-07,-4.914190547048796e-07,-4.653404875061722e-07,-4.4057164463309457e-07,-4.169429878190307e-07,-3.9428701519532446e-07,-3.7244038957443816e-07,-3.512469755633229e-07,-3.305621161830572e-07,-3.1025860697417937e-07,-2.9023498102266977e-07,-2.70426900149666e-07,-2.508226476681713e-07,-2.3148391071891564e-07,-2.1257312411029016e-07,-1.9438829949542283e-07,-1.774029770480898e-07,-1.6229411561599728e-07,-1.4983367914751824e-07,-1.4005616425445135e-07,-1.264012763345121e-07,-1.3338627858490934e-07,-1.4228958947618176e-07,-1.4928169603110383e-07,-1.538891164960115e-07,-1.5642221371735678e-07,-1.5724681762047623e-07,-1.5667741084708496e-07,-1.549631458027118e-07,-1.5229748473454068e-07,-1.4883049982463756e-07,-1.4467984035156756e-07,-1.3993954157005976e-07,-1.346868270468336e-07,-1.2898725751901178e-07,-1.2289858441406152e-07,-1.1647361017034295e-07,-1.0976228935029314e-07,-1.0281324153569419e-07,-9.567479156370454e-08,-8.839560377724574e-08,-8.102493370712603e-08,-7.361247648062716e-08,-6.620773280126946e-08,-5.885871688444376e-08,-5.1609577701546606e-08,-4.449634579850383e-08,-3.7537769382672814e-08,-3.072476547843321e-08,-2.3969246245967965e-08,-1.7511942723100833e-08,-1.0484016761521906e-06,-1.3398127426456588e-06,-1.6121199379045816e-06,-1.897816256333782e-06,-2.1953823243598023e-06,-2.5011412615927606e-06,-2.811270496316485e-06,-3.122278070652282e-06,-3.4308923352829165e-06,-3.73388676029286e-06,-4.027896627184305e-06,-4.309241533554569e-06,-4.57375162250227e-06,-4.816597758943902e-06,-5.032135327614382e-06,-5.213790011450274e-06,-5.354049100008248e-06,-5.4446683513206365e-06,-5.477270691015274e-06,-5.444494763079325e-06,-5.341595237437391e-06,-5.167954497574905e-06,-4.927758478331527e-06,-4.629489477460524e-06,-4.284597813626544e-06,-3.9061104070923155e-06,-3.507696094619969e-06,-3.103202343719005e-06,-2.7055279678461043e-06,-2.3233036168874977e-06,-1.8980581889418816e-06,-1.8215176954806596e-06,-1.7345846527129969e-06,-1.652734459895253e-06,-1.576450195584054e-06,-1.5050878955734657e-06,-1.4378876665049271e-06,-1.3742371823496451e-06,-1.3136722577338658e-06,-1.2558460199264618e-06,-1.200496444711279e-06,-1.1474206113213968e-06,-1.0964556864282234e-06,-1.0474653516037815e-06,-1.0003303123555165e-06,-9.549417502324737e-07,-9.111968791342754e-07,-8.689959829891877e-07,-8.282405032511648e-07,-7.888318407092399e-07,-7.506706993547001e-07,-7.136567836722575e-07,-6.776887944603474e-07,-6.42664674756697e-07,-6.084820988763199e-07,-5.750392561044979e-07,-5.422360162372597e-07,-5.09975627313599e-07,-4.781671713842505e-07,-4.467291046730403e-07,-4.1559434063933713e-07,-3.8471750333162104e-07,-3.5408518008644046e-07,-3.237302011185819e-07,-2.9375104601879685e-07,-2.643369078514398e-07,-2.3579631373740028e-07,-2.0857310686586303e-07,-1.8318582117550038e-07,-1.5965024124616602e-07,-1.3395233376790588e-07,-1.3558937059016102e-07,-1.3935112009449928e-07,-1.4152414119566903e-07,-1.4214489576493994e-07,-1.4149665043927726e-07,-1.3985668607785933e-07,-1.3744050405564368e-07,-1.344085727168113e-07,-1.3087904184414327e-07,-1.2693941873033076e-07,-1.226555768726992e-07,-1.1807839244928717e-07,-1.1324853542267166e-07,-1.0819990230961575e-07,-1.0296206877106525e-07,-9.756203836443202e-08,-9.202548418845099e-08,-8.637760984411975e-08,-8.064372333270254e-08,-7.484956100364102e-08,-6.902138340288427e-08,-6.318583119877959e-08,-5.736951026910088e-08,-5.1598254692696846e-08,-4.5896031491396995e-08,-4.028334665585273e-08,-3.4776092774825436e-08,-2.9380502760929345e-08,-2.4131719790190003e-08,-1.8783752387562554e-08,-1.157048803258334e-06,-1.4802852360781712e-06,-1.8040159803782453e-06,-2.128399016691183e-06,-2.4533787707767008e-06,-2.7786254817693625e-06,-3.1035255503341826e-06,-3.4271672556493197e-06,-3.7483089625343455e-06,-4.065323273073347e-06,-4.376111919587977e-06,-4.677985740505756e-06,-4.967503587151776e-06,-5.2402649494418465e-06,-5.490656128541125e-06,-5.711564999187605e-06,-5.894117641906262e-06,-6.02759164579106e-06,-6.099817003654308e-06,-6.098727274124479e-06,-6.015260927810344e-06,-5.846532785749784e-06,-5.597233869864277e-06,-5.278201223494412e-06,-4.903206299532816e-06,-4.485992957065047e-06,-4.038633595055613e-06,-3.5709929406100124e-06,-3.0906381848140174e-06,-2.602924034453096e-06,-2.1114405151112365e-06,-2.048111156977084e-06,-1.9854342245135943e-06,-1.9235075744102325e-06,-1.8624015575742807e-06,-1.8021602985877958e-06,-1.742808212588154e-06,-1.6843555910384378e-06,-1.6268027437495034e-06,-1.570142929269857e-06,-1.5143643940991298e-06,-1.459451784879942e-06,-1.405387128470765e-06,-1.3521505175758483e-06,-1.2997205974279207e-06,-1.2480749189177873e-06,-1.1971902026753554e-06,-1.147042544161024e-06,-1.0976075799019511e-06,-1.0488606282069087e-06,-1.0007768130250667e-06,-9.533311763749984e-07,-9.064987824933267e-07,-8.602548151601004e-07,-8.145746682807301e-07,-7.694340285258955e-07,-7.24808947422189e-07,-6.806758985128547e-07,-6.370118127785853e-07,-5.93794082029992e-07,-5.510005149113097e-07,-5.086092227209938e-07,-4.665984013891253e-07,-4.2494596023053914e-07,-3.836289258638797e-07,-3.4262251982085064e-07,-3.018987737813014e-07,-2.614245250413825e-07,-2.2115872467798498e-07,-1.8104951610563328e-07,-1.410357866866448e-07,-1.3677977032911785e-07,-1.3256276215691566e-07,-1.2837672949652826e-07,-1.242150180726353e-07,-1.20072606670498e-07,-1.1594577830121366e-07,-1.1183180244941003e-07,-1.0772869209801092e-07,-1.0363503097640645e-07,-9.954985373121947e-08,-9.547256333254103e-08,-9.14028736507644e-08,-8.734076843298964e-08,-8.32864703720901e-08,-7.924041571567951e-08,-7.520323103462527e-08,-7.117570951836524e-08,-6.715878456336979e-08,-6.315349859224725e-08,-5.916096494534326e-08,-5.51823203860878e-08,-5.121866520999491e-08,-4.72709871236799e-08,-4.334006393630426e-08,-3.9426338759200243e-08,-3.552976031994656e-08,-3.164958193693389e-08,-2.7784123715525062e-08,-2.3930547925922693e-08,-2.0085021306680644e-08,-1.0985516711669628e-06,-1.4387785112674595e-06,-1.7638831522881266e-06,-2.1558671040146787e-06,-2.6305702312007646e-06,-3.194584552445276e-06,-3.855106957202334e-06,-4.623654709328418e-06,-5.5178721360353855e-06,-6.562903426587292e-06,-7.792688561900522e-06,-9.251168894062967e-06,-1.0993081810789852e-05,-1.3083608300816644e-05,-1.55954927475106e-05,-1.8600505615740402e-05,-2.2149674574365528e-05,-2.6198811870823888e-05,-3.04788746346569e-05,-3.393773667257282e-05,-3.50679554200738e-05,-3.308632611038886e-05,-2.878747066642456e-05,-2.369302304689021e-05,-1.887501781069342e-05,-1.4631241429937363e-05,-1.1046078916130133e-05,-8.119808385923042e-06,-5.82602439367446e-06,-4.069392550275197e-06,-2.0950736170578295e-06,-2.010321465474799e-06,-1.9377679843826973e-06,-1.8717674172620346e-06,-1.8105440458543033e-06,-1.7527378703989442e-06,-1.697403419964726e-06,-1.6438585481887037e-06,-1.5916133613542982e-06,-1.540316489732997e-06,-1.4897167169534658e-06,-1.43963498546048e-06,-1.3899441648139656e-06,-1.3405545275797295e-06,-1.2914034008564885e-06,-1.2424478429177548e-06,-1.1936594960208488e-06,-1.1450209971739548e-06,-1.0965235022759942e-06,-1.0481650076107e-06,-9.999492469423075e-07,-9.518850113785265e-07,-9.039857898985632e-07,-8.56269666581857e-07,-8.087594406680187e-07,-7.614829612320295e-07,-7.1447369295797e-07,-6.677715564566969e-07,-6.214241196696751e-07,-5.754882606293744e-07,-5.300324818449655e-07,-4.851401392119242e-07,-4.409139573118547e-07,-3.9748233299873456e-07,-3.5500799730496123e-07,-3.136994790473974e-07,-2.7382354636338666e-07,-2.3571348642230766e-07,-1.996995211528702e-07,-1.6591846760675365e-07,-1.2956393919685676e-07,-1.2186236589625677e-07,-1.126655938026983e-07,-1.0456100525146994e-07,-9.75105232062339e-08,-9.13252414810049e-08,-8.58193899653041e-08,-8.084816798948287e-08,-7.630282259004476e-08,-7.210233976478121e-08,-6.818591784366447e-08,-6.450725988240198e-08,-6.103044101580715e-08,-5.7726986571599995e-08,-5.4573840130401825e-08,-5.155198433897765e-08,-4.864554771139103e-08,-4.5841290767710284e-08,-4.3128412282530447e-08,-4.0498655125465826e-08,-3.794672235408451e-08,-3.5471052443038985e-08,-3.307501556146373e-08,-3.076862573518683e-08,-2.8570834680652093e-08,-2.6512332996734112e-08,-2.463836396043182e-08,-2.3008368078427043e-08,-2.1685056653488056e-08,-2.062770229554497e-08,-1.9364780940778035e-08,-1.0378535301190764e-06,-1.4152432812319452e-06,-1.7739244387950251e-06,-2.235787817738302e-06,-2.833610992082528e-06,-3.579484468752565e-06,-4.485132646079501e-06,-5.567784051779107e-06,-6.852591579733639e-06,-8.373941035344157e-06,-1.0176229778176755e-05,-1.231404348294166e-05,-1.4851370285133455e-05,-1.7859434329654815e-05,-2.1413120651025554e-05,-2.558766777447354e-05,-3.045564534586637e-05,-3.608868709703303e-05,-4.236969754554862e-05,-4.874063102820574e-05,-5.115319667006015e-05,-4.748603649311056e-05,-3.988068520471637e-05,-3.2409607179289764e-05,-2.566316510082343e-05,-1.980308770394928e-05,-1.481781879262406e-05,-1.0706893146933508e-05,-7.451442334497419e-06,-4.855356169669039e-06,-2.0558238986982727e-06,-1.9626253029062017e-06,-1.8843269081825368e-06,-1.8169854116104237e-06,-1.7569006921773111e-06,-1.7018679064355947e-06,-1.6503405353013623e-06,-1.6012104226952767e-06,-1.5536687527719598e-06,-1.507124730898559e-06,-1.4611486235692565e-06,-1.415430368064105e-06,-1.3697489121931809e-06,-1.3239495175167383e-06,-1.2779270432400852e-06,-1.2316137173150578e-06,-1.184970252344644e-06,-1.1379794400527603e-06,-1.0906415761806031e-06,-1.0429712380699559e-06,-9.949950685391535e-07,-9.467503199134543e-07,-8.982839889867219e-07,-8.496524331690041e-07,-8.009214060760728e-07,-7.52166491540917e-07,-7.034739530824809e-07,-6.549420546493675e-07,-6.066829515499447e-07,-5.588253006199894e-07,-5.115177961971907e-07,-4.6493389788440406e-07,-4.1927805479833916e-07,-3.747936714371208e-07,-3.317727067834723e-07,-2.905652500477094e-07,-2.515832620257609e-07,-2.152686828957134e-07,-1.8195746359739458e-07,-1.5094573207030576e-07,-1.185050595260701e-07,-1.0758014321179497e-07,-9.539367434281166e-08,-8.443071691556379e-08,-7.50477001855619e-08,-6.705247388796427e-08,-6.020865088402668e-08,-5.4308894167234856e-08,-4.9186603151911135e-08,-4.471064466969052e-08,-4.0777993376098084e-08,-3.7307086063173556e-08,-3.423252284188076e-08,-3.150104713609837e-08,-2.906859501740646e-08,-2.6898205195219845e-08,-2.495861814659604e-08,-2.3223446401919323e-08,-2.1670842046565982e-08,-2.0283631869023064e-08,-1.9049928464180817e-08,-1.796426032303929e-08,-1.7029292338564823e-08,-1.6258234519328957e-08,-1.5678044575585394e-08,-1.5333514652950194e-08,-1.52918601330936e-08,-1.5646058460280055e-08,-1.64961134858917e-08,-1.784395472146535e-08,-1.8559495887297992e-08,-9.749306041245213e-07,-1.3949045974528723e-06,-1.7952181205932344e-06,-2.317219196857172e-06,-3.0027400758435346e-06,-3.867047308388252e-06,-4.922396433486487e-06,-6.185186532698361e-06,-7.677959579617833e-06,-9.429579461011354e-06,-1.147422253912725e-05,-1.3849030610394667e-05,-1.659006749578629e-05,-1.9726511993126186e-05,-2.3274311765057836e-05,-2.72333498414184e-05,-3.15991923581908e-05,-3.639819471081028e-05,-4.183479542996035e-05,-4.802230993544238e-05,-5.544446953114333e-05,-4.654181512032296e-05,-3.890103518620246e-05,-3.206966001176047e-05,-2.597374833339229e-05,-2.046025526866905e-05,-1.5568488146836037e-05,-1.137766701431026e-05,-7.932720287248645e-06,-5.087025634362518e-06,-1.9931909557443287e-06,-1.8992119893928822e-06,-1.8219904800189507e-06,-1.7566127475959368e-06,-1.6994785657769152e-06,-1.6480488542641592e-06,-1.6005671708217974e-06,-1.555745959788099e-06,-1.5126234973110273e-06,-1.4704774335666313e-06,-1.4287677557597824e-06,-1.3870948474093273e-06,-1.3451675173449966e-06,-1.302778391392741e-06,-1.2597850471190016e-06,-1.216095665809145e-06,-1.1716582173383902e-06,-1.1264523837388174e-06,-1.0804835914341183e-06,-1.0337786630207281e-06,-9.863827174625836e-07,-9.383570442055456e-07,-8.897777549336577e-07,-8.407350800218838e-07,-7.913332287701237e-07,-7.416907766581475e-07,-6.919415818230937e-07,-6.42236268708603e-07,-5.927443495058686e-07,-5.436570807626936e-07,-4.951911636738362e-07,-4.4759336823867116e-07,-4.0114603538804494e-07,-3.561730522734121e-07,-3.130449069284649e-07,-2.7217893298520523e-07,-2.340224176835357e-07,-1.9898720030565172e-07,-1.6719665258523697e-07,-1.3786925197738344e-07,-1.0786131168014584e-07,-9.449540730312876e-08,-8.029500903115211e-08,-6.736469725009085e-08,-5.616992519194758e-08,-4.663779769617063e-08,-3.8561599216564354e-08,-3.1731218438221467e-08,-2.596191720584046e-08,-2.109870913644704e-08,-1.7013461797314452e-08,-1.3600442369639991e-08,-1.0771971081033115e-08,-8.454716680277772e-09,-6.586749959616563e-09,-5.115328108957834e-09,-3.99533991358238e-09,-3.1883426199410537e-09,-2.6621391037251986e-09,-2.390867966527546e-09,-2.355602649346679e-09,-2.5454778029824195e-09,-2.959381429642961e-09,-3.6082779231283095e-09,-4.518275949275466e-09,-5.734569070383909e-09,-7.326126662024598e-09,-9.386768765158364e-09,-1.2012713755514425e-08,-1.510743921636923e-08,-1.7675187299883112e-08,-9.097753730427344e-07,-1.362306331005234e-06,-1.7917036517759543e-06,-2.3490111359315297e-06,-3.077778881183114e-06,-3.992060405467538e-06,-5.100459498735714e-06,-6.412902193364611e-06,-7.941602506504846e-06,-9.699606301729293e-06,-1.1697582837933606e-05,-1.393864299246744e-05,-1.641078499925685e-05,-1.9076876381537617e-05,-2.1863043257676857e-05,-2.4648125459234657e-05,-2.725904743110981e-05,-2.9478288956554615e-05,-3.106810153968468e-05,-3.1810625818920776e-05,-3.155498152762482e-05,-3.0256168130368e-05,-2.7991180022352928e-05,-2.494625782546191e-05,-2.138133093611423e-05,-1.7585973962378455e-05,-1.3840733832544213e-05,-1.0386840069251306e-05,-7.3857189608469334e-06,-4.79390906977067e-06,-1.9074279520712388e-06,-1.8190238460190197e-06,-1.7479572447634752e-06,-1.6881529143011766e-06,-1.6361394020859047e-06,-1.589596849861378e-06,-1.5468522247749973e-06,-1.5066500546042693e-06,-1.4680218094276445e-06,-1.4302161906866887e-06,-1.3926536018169696e-06,-1.3548925456698592e-06,-1.316602932622305e-06,-1.2775444723985572e-06,-1.2375492367404066e-06,-1.196507746127182e-06,-1.1543580115238197e-06,-1.111077015184288e-06,-1.066674176418944e-06,-1.0211864186272966e-06,-9.746745256159865e-07,-9.27220542574222e-07,-8.789260371279444e-07,-8.299110877563783e-07,-7.80313910842233e-07,-7.302910743843613e-07,-6.800182761335568e-07,-6.296916855601257e-07,-5.795298588510145e-07,-5.297762253606024e-07,-4.807020944053623e-07,-4.326100060801835e-07,-3.858369739104684e-07,-3.4075657008732416e-07,-2.977775143797206e-07,-2.57333242576233e-07,-2.1984977399298694e-07,-1.8565554992887582e-07,-1.5476661046210313e-07,-1.2638068723224566e-07,-9.763141597088735e-08,-8.257589586930806e-08,-6.699665809750058e-08,-5.2685525942723375e-08,-4.013319929432274e-08,-2.935551559066227e-08,-2.0210331118500938e-08,-1.2517484407833595e-08,-6.10140989735273e-09,-8.039264242385515e-10,3.5130452639676293e-09,6.968508370664254e-09,9.66466248727783e-09,1.1689404591977898e-08,1.3118611153127316e-08,1.4018014283518259e-08,1.4444606029699809e-08,1.4447559512554046e-08,1.4068676388314963e-08,1.3342374885092018e-08,1.229523077015675e-08,1.0945079302267148e-08,9.299677076754688e-09,7.35489813289728e-09,5.092396679314163e-09,2.4766759734345385e-09,-5.476192025126366e-10,-4.053258169346864e-09,-8.094261992037222e-09,-1.2559848731764908e-08,-1.6719981773302598e-08,-8.424201917486043e-07,-1.3053743155465725e-06,-1.7406045676523497e-06,-2.299583366633593e-06,-3.0227395144530435e-06,-3.9192901373547925e-06,-4.9908365032775995e-06,-6.237098397094266e-06,-7.655617513909402e-06,-9.238791505063528e-06,-1.0968896734439853e-05,-1.2810913430113568e-05,-1.4702806674687296e-05,-1.6543126304501824e-05,-1.8176194554330877e-05,-1.937563179727154e-05,-1.9824513629324926e-05,-1.9095199638802935e-05,-1.654825474216706e-05,-1.1675685602087758e-05,-3.723344278032906e-06,-1.0171927168081373e-05,-1.3575240623631027e-05,-1.4724348060148635e-05,-1.4168929527983068e-05,-1.25969630919219e-05,-1.0492214678180318e-05,-8.230527115762317e-06,-6.073996381841303e-06,-4.088720364104753e-06,-1.7998313880317189e-06,-1.7222244009244418e-06,-1.6613069610591562e-06,-1.6101271710964053e-06,-1.5654240497589006e-06,-1.5252461440414094e-06,-1.4882052313600492e-06,-1.4532252644638815e-06,-1.4194446155835818e-06,-1.3861687255620842e-06,-1.3528424134442042e-06,-1.3190291679470462e-06,-1.2843935907585085e-06,-1.2486859647834796e-06,-1.2117288047142144e-06,-1.173405377524059e-06,-1.1336501193792275e-06,-1.0924407982603012e-06,-1.0497922265352717e-06,-1.0057513161079888e-06,-9.603932804383793e-07,-9.138188122745909e-07,-8.661520956627778e-07,-8.175395407367356e-07,-7.681491567438696e-07,-7.1817050041823e-07,-6.678151506310744e-07,-6.173176623307587e-07,-5.669369363265907e-07,-5.169578943967525e-07,-4.6769325012489925e-07,-4.19484976779486e-07,-3.7270472271449783e-07,-3.277517722685622e-07,-2.850458522380048e-07,-2.450094570365882e-07,-2.0802790832592083e-07,-1.7436339010803058e-07,-1.4396575304355736e-07,-1.1602637457007655e-07,-8.781106002829851e-08,-7.164314490974659e-08,-5.5138547749607244e-08,-3.986409129407041e-08,-2.6313337401056257e-08,-1.4565392562440372e-08,-4.5391722858759825e-09,3.9033377588025025e-09,1.091395341807297e-08,1.664030611090687e-08,2.1218795981517666e-08,2.477235061715665e-08,2.7410407541746175e-08,2.9229867180877313e-08,3.031636762107205e-08,3.0745532817262286e-08,3.058401114376038e-08,2.989021446816041e-08,2.871472107333972e-08,2.7100336545813796e-08,2.5081825636387814e-08,2.268533961757774e-08,1.9927566219737025e-08,1.681461943008871e-08,1.3340679612547005e-08,9.486570683782168e-09,5.219429019119514e-09,4.992016421515502e-10,-4.691579318980438e-09,-1.0252257032180986e-08,-1.5702669923326444e-08,-7.729629259088818e-07,-1.218314195125805e-06,-1.6321893008161043e-06,-2.157395654063929e-06,-2.8279527002672095e-06,-3.6462872495865986e-06,-4.605392423170402e-06,-5.693464507046083e-06,-6.892617917473161e-06,-8.175010355854943e-06,-9.49711865986465e-06,-1.0792181666721896e-05,-1.1960801316183637e-05,-1.2860047045966155e-05,-1.3292202713266257e-05,-1.29953512984226e-05,-1.1644136039591983e-05,-8.868854135950941e-06,-4.490199724846506e-06,1.1716380010142018e-06,4.208224964799015e-06,2.527164857435538e-06,-1.8142407562154648e-06,-4.944066031832711e-06,-6.581389153182044e-06,-6.948639084480665e-06,-6.462634293432763e-06,-5.496140019125274e-06,-4.340830319362366e-06,-3.13969636461291e-06,-1.6726928448440471e-06,-1.6099026707999697e-06,-1.5622226076033932e-06,-1.5221327383663292e-06,-1.4866646157937804e-06,-1.4543006846990916e-06,-1.424020416423324e-06,-1.3950154194433098e-06,-1.3666063643925769e-06,-1.338218380406252e-06,-1.3093716934647941e-06,-1.2796751329330987e-06,-1.2488191620693227e-06,-1.2165681444213457e-06,-1.1827523296178344e-06,-1.1472600944447292e-06,-1.1100308189014999e-06,-1.0710486060410617e-06,-1.0303369237025072e-06,-9.87954162279741e-07,-9.439900562651248e-07,-8.98562896739569e-07,-8.518174571037478e-07,-8.039235574351241e-07,-7.550751980964822e-07,-7.054901958891816e-07,-6.554102514414211e-07,-6.051013589604101e-07,-5.548544308595006e-07,-5.04985937970525e-07,-4.558382423053058e-07,-4.077790937907354e-07,-3.6119942505646905e-07,-3.165080095234689e-07,-2.7412054512976247e-07,-2.3443868968589968e-07,-1.9781039356241603e-07,-1.6445171950618674e-07,-1.342774758062114e-07,-1.0648331266782331e-07,-7.839342460832164e-08,-6.152545416316047e-08,-4.442085318939886e-08,-2.8491391840754136e-08,-1.4226444768704641e-08,-1.749259617715403e-09,8.970852729371844e-09,1.803052746081825e-08,2.555253045901609e-08,3.166653472899618e-08,3.649958318195043e-08,4.017149480272418e-08,4.279291171071789e-08,4.4464776604646406e-08,4.5278538404688225e-08,4.5316663466232884e-08,4.465319858073316e-08,4.335424009425082e-08,4.147823452099579e-08,3.90760840753495e-08,3.619106442945428e-08,3.2858586090668104e-08,2.9105846707992615e-08,2.4951434727509748e-08,2.0404996811547146e-08,1.5467317926652778e-08,1.0132101259394569e-08,4.392989809689201e-09,-1.7357612429621106e-09,-8.167991484364334e-09,-1.4632098443223583e-08,-7.01583346084512e-07,-1.1011280538990206e-06,-1.4674933131200065e-06,-1.926858854603461e-06,-2.504865979502854e-06,-3.1967496573185202e-06,-3.987120647780629e-06,-4.853629942939221e-06,-5.765223211854728e-06,-6.6781842843662605e-06,-7.5308701306714126e-06,-8.237515410728766e-06,-8.68170124342198e-06,-8.710881459438587e-06,-8.134979266281018e-06,-6.736286176949419e-06,-4.3050666134429775e-06,-7.579562888408623e-07,3.65266116605015e-06,7.737529726032366e-06,9.777563396393303e-06,8.87337539920106e-06,5.8902416768127255e-06,2.5126715154983376e-06,-1.0548525530741614e-07,-1.7481796047127903e-06,-2.5354181096809775e-06,-2.7110530621706474e-06,-2.5147344707520646e-06,-2.1170829874517047e-06,-1.52905954548917e-06,-1.4839133211363463e-06,-1.4516890829476685e-06,-1.424553260553821e-06,-1.399880682403424e-06,-1.3766028444105459e-06,-1.3540920713968593e-06,-1.331844130234719e-06,-1.3094029293652476e-06,-1.2863526334778086e-06,-1.2623244388318066e-06,-1.23700323619329e-06,-1.2101309724503773e-06,-1.1815068175353976e-06,-1.1509850567479704e-06,-1.1184716410357189e-06,-1.0839201262869494e-06,-1.0473275085903955e-06,-1.008730276712709e-06,-9.682008667800761e-07,-9.258446113489705e-07,-8.817972151732663e-07,-8.362227526435379e-07,-7.893121583068154e-07,-7.412821649001808e-07,-6.9237462679053e-07,-6.428561448801102e-07,-5.930178755732813e-07,-5.431753538375716e-07,-4.936680790476937e-07,-4.448584895895266e-07,-3.971297709387227e-07,-3.508816748554738e-07,-3.0652312145545985e-07,-2.6445965934729035e-07,-2.2507246221685716e-07,-1.8868189417569883e-07,-1.5547770110678426e-07,-1.2536271941523476e-07,-9.754548596791609e-08,-6.936978941049155e-08,-5.20870549521398e-08,-3.461384772501281e-08,-1.8258511015136973e-08,-3.503203787211502e-09,9.499419959301648e-09,2.0741408088844112e-08,3.028353407752173e-08,3.8219905603126713e-08,4.465949141269597e-08,4.9715773736092433e-08,5.3500833129531706e-08,5.612205807692847e-08,5.76804535786821e-08,5.826990862337337e-08,5.7977003116471406e-08,5.688108019788114e-08,5.5054412224001374e-08,5.2562362964840434e-08,4.946350382304209e-08,4.5809683996670145e-08,4.1646087979066576e-08,3.7011342878825015e-08,3.1937775652978674e-08,2.645200258587725e-08,2.0576258079657223e-08,1.43313377987226e-08,7.742750041452659e-09,8.518829274661329e-10,-6.269204923686004e-09,-1.3516871820884486e-08,-6.285484417165558e-07,-9.58029117007209e-07,-1.255119395549878e-06,-1.6232881500713132e-06,-2.0790097668650256e-06,-2.611145583482419e-06,-3.1975717231771206e-06,-3.8080442205012048e-06,-4.402530973643689e-06,-4.927936293575874e-06,-5.314280491941089e-06,-5.471103607393428e-06,-5.2853110929555125e-06,-4.622783452552693e-06,-3.3383049765904837e-06,-1.302124512568679e-06,1.5391941701061585e-06,5.057374227930164e-06,8.76763816652245e-06,1.1803626512086155e-05,1.3243168559475499e-05,1.2672818274402358e-05,1.0474248628929488e-05,7.538267950512484e-06,4.700853069461653e-06,2.4182823624172967e-06,7.936614666829172e-07,-2.4620365827812756e-07,-8.437154930149113e-07,-1.1554648328170223e-06,-1.3724142047873883e-06,-1.3466300877972417e-06,-1.3312546664819623e-06,-1.3183397051617444e-06,-1.305616198217023e-06,-1.292443098597466e-06,-1.2785724814277643e-06,-1.263806084624155e-06,-1.2479236724298724e-06,-1.2306868575667184e-06,-1.2118582451673619e-06,-1.1912189833709905e-06,-1.1685811044507056e-06,-1.1437948904620788e-06,-1.116752404430598e-06,-1.0873883593214843e-06,-1.0556792879682682e-06,-1.0216417349941237e-06,-9.85329979979578e-07,-9.468336346391993e-07,-9.062753330499358e-07,-8.63808644928641e-07,-8.196162784865382e-07,-7.739085930799744e-07,-7.269224053944804e-07,-6.789200398276337e-07,-6.301885382090486e-07,-5.810389003001134e-07,-5.318051688442072e-07,-4.828430953765737e-07,-4.345280197601839e-07,-3.8725146154103783e-07,-3.4141574513756135e-07,-2.974257302793602e-07,-2.5567626964940564e-07,-2.1653287497989707e-07,-1.8029953000201065e-07,-1.4715596248337808e-07,-1.1700918320485533e-07,-8.908611014868248e-08,-6.073006036244684e-08,-4.322668644299543e-08,-2.554780381249792e-08,-8.935797493234966e-09,6.135697876752707e-09,1.9496012110982385e-08,3.110932457812755e-08,4.1007560824234795e-08,4.925932758447082e-08,5.595314142052798e-08,6.118734087712474e-08,6.506372134720143e-08,6.768351083139939e-08,6.914489710909194e-08,6.954158552642721e-08,6.896202298101193e-08,6.748903311030192e-08,6.519969195526169e-08,6.216534034593645e-08,5.845168329683509e-08,5.411897134047879e-08,4.922229772289491e-08,4.381208456642912e-08,3.7934881780454914e-08,3.163468463343585e-08,2.4955094002975866e-08,1.7942697974273608e-08,1.065150746939765e-08,3.1452490003520197e-09,-4.517123810783426e-09,-1.2365214685884508e-08,-5.542078747063651e-07,-7.957359209545679e-07,-1.0080431104783648e-06,-1.2680252791933042e-06,-1.5831721381764864e-06,-1.937582718855526e-06,-2.3048821124073323e-06,-2.6504302218398818e-06,-2.930127768786099e-06,-3.0883166637249612e-06,-3.0559082483481806e-06,-2.749769167422431e-06,-2.0749088411492095e-06,-9.320541807651334e-07,7.652588164304221e-07,3.0578154770119503e-06,5.887741529849092e-06,9.026762906283945e-06,1.203349181785458e-05,1.4317535434137874e-05,1.5346388266670254e-05,1.4895405137114007e-05,1.3161021800718782e-05,1.064874510349747e-05,7.924609787545425e-06,5.410117344755896e-06,3.320301261547957e-06,1.7077483934811379e-06,5.2892939665667e-07,-3.3784887592446395e-07,-1.206361768149493e-06,-1.2006909065944395e-06,-1.2028135057529317e-06,-1.204824266219225e-06,-1.2047926603164144e-06,-1.202456497684458e-06,-1.1979085519238146e-06,-1.1912341478889137e-06,-1.182440608131452e-06,-1.1714683604189153e-06,-1.1582186307094555e-06,-1.1425790692162738e-06,-1.1244431596207025e-06,-1.1037235362382767e-06,-1.080360394931487e-06,-1.054326267033358e-06,-1.0256282399463391e-06,-9.943084738676494e-07,-9.6044364939077e-07,-9.241438033369087e-07,-8.855508707043944e-07,-8.448371437285515e-07,-8.022037776303016e-07,-7.578794095646738e-07,-7.121189060008266e-07,-6.652022084337993e-07,-6.174332027751255e-07,-5.691384895505834e-07,-5.206658764365028e-07,-4.723823494632447e-07,-4.246712039019829e-07,-3.779279317708183e-07,-3.3255436768154045e-07,-2.889504586838125e-07,-2.475026985455273e-07,-2.0856719173082473e-07,-1.7244158564000574e-07,-1.393076992779658e-07,-1.0908699528392213e-07,-8.102759978162725e-08,-5.246320410149357e-08,-3.4869679969599985e-08,-1.709873878668528e-08,-3.5369334378900077e-10,1.4900560960432209e-08,2.848379413661311e-08,4.034139156109688e-08,5.048338991043054e-08,5.895717508572651e-08,6.583274044308639e-08,7.119346942628717e-08,7.512992845372154e-08,7.773560851400365e-08,7.910403943137879e-08,7.932689045878988e-08,7.849277193921897e-08,7.668652613644133e-08,7.398885704632233e-08,7.047620294082129e-08,6.622080284874445e-08,6.129095068551195e-08,5.575147104268481e-08,4.9664493200243554e-08,4.309064998860742e-08,3.609088077502173e-08,2.872901588793298e-08,2.1075012419512224e-08,1.3207245603334078e-08,5.206980359715859e-09,-2.878979018835584e-09,-1.1184914525410575e-08,-4.789819948326242e-07,-6.219937132825343e-07,-7.408817663828672e-07,-8.84317165078483e-07,-1.0516894329170366e-06,-1.2243077195356808e-06,-1.37428364186362e-06,-1.4661579185332884e-06,-1.4563693971309845e-06,-1.292487879518347e-06,-9.132722581906791e-07,-2.506175475160926e-07,7.651489612231849e-07,2.1945816498151366e-06,4.070513283272507e-06,6.369884961961165e-06,8.977962269729335e-06,1.1659035572692847e-05,1.406139753153739e-05,1.5783782735275664e-05,1.6496772805284903e-05,1.6065185317381377e-05,1.4600666398477425e-05,1.241101435846648e-05,9.87996592246176e-06,7.348383531707503e-06,5.050488523922681e-06,3.109312229612345e-06,1.5546908252342234e-06,3.0221976304853504e-07,-1.0343759118421781e-06,-1.048779190545853e-06,-1.068419439898579e-06,-1.0855632676214936e-06,-1.0985816084913136e-06,-1.1075257569438897e-06,-1.1127736936285551e-06,-1.1146559768097413e-06,-1.113384471117466e-06,-1.1090669698163507e-06,-1.1017398618478082e-06,-1.0913989894750522e-06,-1.078024011234728e-06,-1.0615961615176234e-06,-1.0421105006972681e-06,-1.0195839080512167e-06,-9.94059927391982e-07,-9.656113673761743e-07,-9.343413574444744e-07,-9.003833869357834e-07,-8.639007124335433e-07,-8.250854040738173e-07,-7.841572104783164e-07,-7.413623487508866e-07,-6.969722653407075e-07,-6.512823607933611e-07,-6.046106224718307e-07,-5.572960612172555e-07,-5.096967989684084e-07,-4.6218760491949246e-07,-4.151566305416762e-07,-3.6900105267135703e-07,-3.241212963183462e-07,-2.809134354774312e-07,-2.397590844184788e-07,-2.0101096553733642e-07,-1.649683435803547e-07,-1.3182335938298524e-07,-1.0151781798208217e-07,-7.332210626553416e-08,-4.4557596004835266e-08,-2.6960469209461615e-08,-9.175813158937036e-09,7.613129973104512e-09,2.294969602522582e-08,3.6650055170517005e-08,4.864797306314597e-08,5.893778085214572e-08,6.755010565094141e-08,7.453913736711946e-08,7.997456578539483e-08,8.39359074690755e-08,8.650837445301239e-08,8.777987748897683e-08,8.783890001774613e-08,8.677304101722801e-08,8.466806811159627e-08,8.160736237275192e-08,7.76716754344748e-08,7.293915757342835e-08,6.748565240670732e-08,6.138529102190304e-08,5.4711457207059027e-08,4.7538233041285415e-08,3.994244576792983e-08,3.200632099622554e-08,2.3820163495815632e-08,1.548238251937953e-08,7.087382300237148e-09,-1.3292331203094985e-09,-9.983306212172763e-09,-4.033451262964223e-07,-4.444401588567499e-07,-4.6781545432868175e-07,-4.942183352525202e-07,-5.16246079676868e-07,-5.143845070533133e-07,-4.617574582212516e-07,-3.251737709918256e-07,-6.524936721035385e-08,3.631615165876759e-07,1.009380252572353e-06,1.9232758497020783e-06,3.1485310032519736e-06,4.7116584141079385e-06,6.606096879322674e-06,8.772398187193572e-06,1.1079606583745459e-05,1.3318483344483376e-05,1.5220113812137405e-05,1.6506553753322826e-05,1.6962905808126647e-05,1.650254373257193e-05,1.5194166041003626e-05,1.3237237787800923e-05,1.0899524582678086e-05,8.448135405685074e-06,6.101751530751743e-06,4.011478675271983e-06,2.251806910977801e-06,7.680918284444862e-07,-8.596265122530623e-07,-8.934616710054016e-07,-9.301405262528586e-07,-9.6221040716548e-07,-9.882981315125663e-07,-1.0086958750172095e-06,-1.0240030614654408e-06,-1.0347479207961369e-06,-1.0413144449564836e-06,-1.0439574430854326e-06,-1.042837056427896e-06,-1.0380522125206482e-06,-1.0296678708522047e-06,-1.0177356542734984e-06,-1.0023087795212614e-06,-9.83452437748315e-07,-9.612506883765966e-07,-9.358107592026186e-07,-9.072654692800044e-07,-8.757743320517229e-07,-8.415237602758411e-07,-8.047266810054821e-07,-7.656217754482195e-07,-7.244724813076449e-07,-6.815658304625285e-07,-6.372111391184168e-07,-5.917385181387768e-07,-5.454971264412729e-07,-4.988530499591486e-07,-4.521866545063942e-07,-4.0588923662655654e-07,-3.6035878542340664e-07,-3.1599466323232095e-07,-2.7319096196257864e-07,-2.323279919740947e-07,-1.9376013508495777e-07,-1.5779402561543858e-07,-1.2463724637926369e-07,-9.425483396751727e-08,-6.59394846374975e-08,-3.7001295816686145e-08,-1.9456859473331452e-08,-1.7116750672778969e-09,1.5057973993144655e-08,3.0402726278130325e-08,4.4139107435389136e-08,5.619463732509587e-08,6.655305859304149e-08,7.52323712841533e-08,8.22739024455194e-08,8.773546731208136e-08,9.16864252347364e-08,9.42039074716015e-08,9.53699299878203e-08,9.526922703899619e-08,9.398767926671426e-08,9.161123131061958e-08,8.822521590274868e-08,8.39140266380471e-08,7.876110929002306e-08,7.28492708071441e-08,6.626133553103084e-08,5.908120787151509e-08,5.139541969138419e-08,4.3295210217669785e-08,3.487897842058227e-08,2.625416952753092e-08,1.753513079567512e-08,8.825660636879298e-09,1.51160525861829e-10,-8.767278154697458e-09,-3.278066547287476e-07,-2.6983466364311204e-07,-2.011943994646446e-07,-1.1656518591380055e-07,-3.2373694960226027e-09,1.5742662511260614e-07,3.8927579165771334e-07,7.209495664640378e-07,1.1852539650073106e-06,1.8178429735835006e-06,2.654672972627277e-06,3.7276397151517284e-06,5.05782108513705e-06,6.646011708940188e-06,8.461013792279162e-06,1.0427777368881918e-05,1.2419833485783456e-05,1.4262412340836355e-05,1.5751809445630744e-05,1.6691254165407653e-05,1.6934988580992096e-05,1.642541448712394e-05,1.5208488099453497e-05,1.3421241487564108e-05,1.1257780389919462e-05,8.928589230110428e-06,6.627448680897263e-06,4.510533045419408e-06,2.674365209455764e-06,1.0845746218751995e-06,-6.848858381643614e-07,-7.37084652006871e-07,-7.899558890115427e-07,-8.364206644173726e-07,-8.753157941548831e-07,-9.071023007740449e-07,-9.325356942148444e-07,-9.522906561023513e-07,-9.668859578089156e-07,-9.766976370313522e-07,-9.819927994062723e-07,-9.829633901364885e-07,-9.797544419802246e-07,-9.724860833147566e-07,-9.612699895187724e-07,-9.462212724299791e-07,-9.274667731093083e-07,-9.051505957610513e-07,-8.79437575065251e-07,-8.505152307997161e-07,-8.185946407793135e-07,-7.839105571582532e-07,-7.46721001000766e-07,-7.073064940191929e-07,-6.659690218984716e-07,-6.230307687580518e-07,-5.788326152658441e-07,-5.337323531161672e-07,-4.881025368077544e-07,-4.4232787197196313e-07,-3.968020312005257e-07,-3.5192379419006815e-07,-3.080924159468891e-07,-2.6570207149439397e-07,-2.2513488535303049e-07,-1.8675072049679615e-07,-1.5086740091695376e-07,-1.1771078242573496e-07,-8.72701138180617e-08,-5.885997645243178e-08,-2.9782265080643532e-08,-1.2325963926757371e-08,5.344503031013247e-09,2.205110654119155e-08,3.73506728574585e-08,5.1062509714394375e-08,6.311170993420252e-08,7.347543515817491e-08,8.216261288892832e-08,8.920452526963614e-08,9.464913346917571e-08,9.855692820514485e-08,1.009976424001009e-07,1.0204761667901971e-07,1.0178772765973361e-07,1.0030181500720667e-07,9.767555026430638e-08,9.399569878231401e-08,8.93497393671337e-08,8.382582385704254e-08,7.751307930952086e-08,7.050227690591819e-08,6.288690945551909e-08,5.476471856614184e-08,4.6239646040330497e-08,3.742390949735117e-08,2.8438996582877636e-08,1.9411574379795404e-08,1.045182295042888e-08,1.5759830900227351e-09,-7.543289234482488e-09,-2.5289201637646024e-07,-1.0362041879132338e-07,4.9227235379589365e-08,2.3407919781010714e-07,4.674782807928864e-07,7.658970637852008e-07,1.148785094115941e-06,1.6388347103723163e-06,2.2610735285765905e-06,3.0410242429715237e-06,4.001746295078227e-06,5.159481050942561e-06,6.5177363223362955e-06,8.060015059708984e-06,9.74211660730899e-06,1.1486003776845008e-05,1.317830550833498e-05,1.4676815178753645e-05,1.5826934408648595e-05,1.648663725524371e-05,1.655433714654943e-05,1.5991330261978237e-05,1.4831313885649901e-05,1.3174026082604004e-05,1.1166125211582779e-05,8.97672091639707e-06,6.774870327881644e-06,4.710659339843141e-06,2.887957699320554e-06,1.2847744955060216e-06,-5.124980130790126e-07,-5.81720314021318e-07,-6.496905308470726e-07,-7.097824987421798e-07,-7.610020306337358e-07,-8.039130381350431e-07,-8.393651628083964e-07,-8.681289676292239e-07,-8.90819323062889e-07,-9.079051880464173e-07,-9.197407584478157e-07,-9.265977087575203e-07,-9.286928385237336e-07,-9.26210122597382e-07,-9.193176029071611e-07,-9.081799318856065e-07,-8.929674030616047e-07,-8.738622205536524e-07,-8.510626463548211e-07,-8.247855499346323e-07,-7.952677785483985e-07,-7.627666719126388e-07,-7.275599624261564e-07,-6.899452308996718e-07,-6.502390272084244e-07,-6.087757138714209e-07,-5.659060479100694e-07,-5.219954822557313e-07,-4.774221436047846e-07,-4.3257443093278417e-07,-3.8784817962493713e-07,-3.4364334846211496e-07,-3.0036019181293376e-07,-2.5839480546964836e-07,-2.1813354594963794e-07,-1.7994439159536938e-07,-1.4415862960546168e-07,-1.1102163388848865e-07,-8.05467175703713e-08,-5.206977602743048e-08,-2.2888538893400996e-08,-5.541414781143684e-09,1.2031900341134108e-08,2.8646225687472596e-08,4.386343498523337e-08,5.75069251295149e-08,6.950191507837103e-08,7.98219712016994e-08,8.846984447674168e-08,9.546928197364746e-08,1.0086038340805299e-07,1.0469622603609423e-07,1.0704010771270027e-07,1.0796324262338845e-07,1.0754287057933563e-07,1.0586076338179884e-07,1.0300211085312352e-07,9.905476797573236e-08,9.410884836362896e-08,8.825665783250822e-08,8.159297343647559e-08,7.421568512268578e-08,6.622682265522905e-08,5.773397190220764e-08,4.8851990684904994e-08,3.9704615653439944e-08,3.04245671359905e-08,2.114779020921502e-08,1.1988531897851435e-08,2.9549215788148967e-09,-6.317390522084356e-09,-1.7912515737405655e-07,5.023956180271181e-08,2.765455665474362e-07,5.47698774005251e-07,8.827379185559121e-07,1.2951373094919028e-06,1.7992155297536384e-06,2.4111315742136912e-06,3.14791357337878e-06,4.025427098698751e-06,5.055421738517584e-06,6.241637249295942e-06,7.575072930196814e-06,9.028855175053883e-06,1.0553649149544764e-05,1.2075137642838129e-05,1.3495451019944579e-05,1.470017068561964e-05,1.5571335081161047e-05,1.6004877970797854e-05,1.5928849659381478e-05,1.5317694196992082e-05,1.4198589473892476e-05,1.264832640723927e-05,1.0782335999260637e-05,8.739670587506445e-06,6.6675432520006665e-06,4.70504040129146e-06,2.9546597978177362e-06,1.4013487695747646e-06,-3.443920271516107e-07,-4.2915054122607823e-07,-5.109807124386667e-07,-5.837740895299139e-07,-6.466718005280816e-07,-7.002839781747327e-07,-7.454991341360701e-07,-7.831368682291066e-07,-8.138708692849852e-07,-8.38234525931092e-07,-8.566480946697214e-07,-8.694480171102201e-07,-8.769126750894358e-07,-8.792833557351276e-07,-8.767806311779666e-07,-8.696167723512435e-07,-8.580048884714504e-07,-8.421654399681319e-07,-8.223306914858802e-07,-7.987475815996627e-07,-7.716793979431505e-07,-7.414065653111389e-07,-7.082267818091107e-07,-6.724546745924182e-07,-6.344210922637866e-07,-5.944721051053059e-07,-5.529677470614505e-07,-5.10280505050876e-07,-4.667935427500316e-07,-4.228986388177525e-07,-3.7899382398497595e-07,-3.3548071269641786e-07,-2.9276152041169554e-07,-2.512356594505155e-07,-2.1129537107790962e-07,-1.7331833986233725e-07,-1.3765041508329422e-07,-1.0455668436813868e-07,-7.407376888470501e-08,-4.555834579944878e-08,-1.6308362332703774e-08,9.185195467517092e-10,1.8381409947328258e-08,3.48850363601629e-08,4.999525259756827e-08,6.354005776238926e-08,7.544636212973351e-08,8.568624636995311e-08,9.425853844365918e-08,1.0118157334996672e-07,1.0648942108289181e-07,1.102292137032171e-07,1.1245890785249626e-07,1.1324533687392486e-07,1.1266254541260407e-07,1.1079042389937073e-07,1.0771365600287843e-07,1.0352098496117837e-07,9.830480132752877e-08,9.21610555513899e-08,8.518950229285355e-08,7.74942860646266e-08,6.918487231744765e-08,6.037729540884221e-08,5.119558209810069e-08,4.1772863400198496e-08,3.225065649009009e-08,2.277172287881336e-08,1.345267041817329e-08,4.294532578222394e-09,-5.095248369165337e-09,-1.0701348834713634e-07,1.8922333876858595e-07,4.765869178708976e-07,8.18540340913138e-07,1.2354846628341184e-06,1.7374874277367142e-06,2.3335567978429476e-06,3.0333737432588437e-06,3.846436601417248e-06,4.780086470996571e-06,5.836820312052418e-06,7.011055723284551e-06,8.28558701385055e-06,9.628206686064019e-06,1.0989273380423823e-05,1.2301267485428848e-05,1.3481411639148217e-05,1.443806088397446e-05,1.5080717173726508e-05,1.533236367223182e-05,1.5141768744392892e-05,1.449299413238421e-05,1.3409881700166482e-05,1.1954683401506764e-05,1.0221672721960558e-05,8.327694977949728e-06,6.4012528695723495e-06,4.568586573510874e-06,2.926001959550862e-06,1.4620044509670511e-06,-1.8212017318781236e-07,-2.808756976485369e-07,-3.752618002827555e-07,-4.597385977377726e-07,-5.335565846054079e-07,-5.97326014276014e-07,-6.519274731908709e-07,-6.981884267056092e-07,-7.368074158708519e-07,-7.683553445430483e-07,-7.932978901530301e-07,-8.120209301823659e-07,-8.248534311766362e-07,-8.320864243118164e-07,-8.339880730972016e-07,-8.308152738642685e-07,-8.228223365788083e-07,-8.102672830588079e-07,-7.934162465960965e-07,-7.725463895964213e-07,-7.479476859907224e-07,-7.199238483104058e-07,-6.887926181100497e-07,-6.54885584120529e-07,-6.185476456311649e-07,-5.801361993872771e-07,-5.400200969791314e-07,-4.985783967370733e-07,-4.5619892025139024e-07,-4.1327661934403204e-07,-3.702117636540923e-07,-3.274079649913932e-07,-2.852700367856734e-07,-2.4420156407232363e-07,-2.0460158413717542e-07,-1.6685820460509376e-07,-1.313320662400747e-07,-9.830749466681382e-08,-6.784338100248954e-08,-3.9316790968283014e-08,-1.0030299867738369e-08,7.0721933161554106e-09,2.4417936403171993e-08,4.0800459105473005e-08,5.578865029069977e-08,6.921507613485584e-08,8.100915599034347e-08,9.114287896346776e-08,9.961282872631796e-08,1.0643365424017922e-07,1.1163500315291793e-07,1.1525945098894731e-07,1.1736073509285136e-07,1.1800215152787638e-07,1.172551256743064e-07,1.1519799645666116e-07,1.1191504931407968e-07,1.0749582241056844e-07,1.0203470208952399e-07,9.563081834499085e-08,8.838824766481491e-08,8.041652553544739e-08,7.183145653579072e-08,6.27561669995362e-08,5.33222204129587e-08,4.367025449840146e-08,3.3948541194971795e-08,2.4304728265570112e-08,1.4856580650764794e-08,5.598986207355887e-09,-3.882166917684098e-09,-3.703587224560492e-08,3.120787918857958e-07,6.475496853595615e-07,1.0444879104003998e-06,1.5237489493845275e-06,2.091935884823295e-06,2.7529888088709025e-06,3.5106140826484405e-06,4.367666232330687e-06,5.32438894221322e-06,6.376122775117825e-06,7.5107552402516175e-06,8.7061982247057e-06,9.928314170937538e-06,1.1129870823418935e-05,1.2251190504970563e-05,1.3223073695928529e-05,1.3972245134412282e-05,1.4429003577011717e-05,1.453608711199304e-05,1.4257232925695632e-05,1.35837645684923e-05,1.2537912227054136e-05,1.1172373661889778e-05,9.566537802963988e-06,7.820338357384301e-06,6.046244988215387e-06,4.3572885203484825e-06,2.8411761335553374e-06,1.4880406224223507e-06,-2.690805126268123e-08,-1.3813787582993692e-07,-2.4377123353326536e-07,-3.388735293839944e-07,-4.2278558554329383e-07,-4.960821133241218e-07,-5.595980157054554e-07,-6.141341285435548e-07,-6.60384394330886e-07,-6.989331311339777e-07,-7.302723581059635e-07,-7.548227362360553e-07,-7.729529045397894e-07,-7.849957779645251e-07,-7.912616615691951e-07,-7.920484673372265e-07,-7.8764944761534e-07,-7.783588732510047e-07,-7.644760540606179e-07,-7.463080514216151e-07,-7.241713794561886e-07,-6.983929383093926e-07,-6.693103735136143e-07,-6.372720110306294e-07,-6.026364791519904e-07,-5.657720965004279e-07,-5.270560802563001e-07,-4.86873610787889e-07,-4.4561677839756984e-07,-4.0368343474504233e-07,-3.6147597352669306e-07,-3.1940006373982667e-07,-2.77863327129839e-07,-2.3727380623300875e-07,-1.9803756168742667e-07,-1.605531187005909e-07,-1.2519549506448922e-07,-9.226735498782429e-08,-6.184873050284733e-08,-3.3336874722701715e-08,-4.04332430192873e-09,1.2935418085365022e-08,3.016195452435999e-08,4.641886183050427e-08,6.127725664200348e-08,7.457386800680619e-08,8.624089191733401e-08,9.625105821353362e-08,1.0459990108102987e-07,1.1129974361438952e-07,1.163771785244704e-07,1.1987148733084463e-07,1.2183327517174773e-07,1.2232317470275896e-07,1.2141063806909826e-07,1.1917287066649923e-07,1.1569395668213164e-07,1.1106421409754487e-07,1.0537980487973325e-07,9.874261623079922e-08,9.126041989705455e-08,8.304730536081899e-08,7.422436174482454e-08,6.492053338512466e-08,5.527344215290166e-08,4.542960023062955e-08,3.554236425885383e-08,2.5762795746096158e-08,1.620901198700044e-08,6.87062254001638e-09,-2.6831088883575432e-09,3.0366212699953217e-08,4.1858246081496445e-07,7.8952604426735e-07,1.226278474201101e-06,1.7494591905297858e-06,2.3624084205273916e-06,3.06452519442131e-06,3.854314176065838e-06,4.729068584768554e-06,5.6834083130823575e-06,6.707417269454631e-06,7.784713822319793e-06,8.890734765725532e-06,9.991572031570232e-06,1.1043766338183902e-05,1.1995463412240772e-05,1.278922290411312e-05,1.336651403125366e-05,1.367356430637663e-05,1.366783966645334e-05,1.3324159168316368e-05,1.263940891338271e-05,1.1635068947730515e-05,1.035723750572731e-05,8.874340265947524e-06,7.272949480182629e-06,5.65164204823861e-06,4.110606771404141e-06,2.7280132597389125e-06,1.4946256037701629e-06,1.2029306680678036e-07,-1.950932401287219e-09,-1.1756068294002527e-07,-2.2222989062109384e-07,-3.153761502643294e-07,-3.975124054173014e-07,-4.6939887875475703e-07,-5.317822423493201e-07,-5.853275288501909e-07,-6.306119720610778e-07,-6.681372475203229e-07,-6.983456269584873e-07,-7.216353180438812e-07,-7.383735900502353e-07,-7.489074439193396e-07,-7.535719907915411e-07,-7.526968365802573e-07,-7.466107989703306e-07,-7.356452690429142e-07,-7.201364974730482e-07,-7.004270461980984e-07,-6.768666063368008e-07,-6.498123450654639e-07,-6.196289098640442e-07,-5.86688188977379e-07,-5.51368902601456e-07,-5.140560804745168e-07,-4.751404683573417e-07,-4.350178982254504e-07,-3.9408865404287976e-07,-3.5275686379260213e-07,-3.1142993954040577e-07,-2.7051804265470835e-07,-2.3043338722048282e-07,-1.9158866176019216e-07,-1.543921981573864e-07,-1.1923248406519996e-07,-8.642934646875678e-08,-5.608283725616734e-08,-2.7610418446882534e-08,1.663109643566295e-09,1.852200949235454e-08,3.5630557169271995e-08,5.176159685521146e-08,6.648779624116596e-08,7.964940134520501e-08,9.118125902666562e-08,1.0105724758023641e-07,1.0927266003881884e-07,1.1583854188115986e-07,1.2077957409019118e-07,1.2413286748174185e-07,1.259469154125245e-07,1.262805498472613e-07,1.252019220927693e-07,1.2278756943812983e-07,1.1912162692342495e-07,1.1429523053198428e-07,1.0840614394481913e-07,1.0155862785890814e-07,9.386355798986746e-08,8.543878224419225e-08,7.640968196192088e-08,6.690984791149836e-08,5.708164600291433e-08,4.7076074189816306e-08,3.7050230133503045e-08,2.715749227081325e-08,1.7515832118193468e-08,8.11036040688655e-09,-1.5027139866189454e-09,9.479448448189581e-08,5.09277257750612e-07,9.039943060492813e-07,1.36669590788955e-06,1.9172668955990337e-06,2.5561552828558666e-06,3.2789082110067067e-06,4.0797271942578075e-06,4.951468193028666e-06,5.884502251451185e-06,6.86526249259406e-06,7.874834221330418e-06,8.887841933315473e-06,9.871892110563845e-06,1.0787842131004874e-05,1.1591131565518182e-05,1.223430405723635e-05,1.2670662065643915e-05,1.2858760857217577e-05,1.2767221047554808e-05,1.2379195192783641e-05,1.1695825042371552e-05,1.0738189669066375e-05,9.547523278440713e-06,8.18375666307623e-06,6.722509402069397e-06,5.250173030385591e-06,3.854832575508846e-06,2.6050632211945484e-06,1.491833591966896e-06,2.5875686397779437e-07,1.2686776760228479e-07,2.4869771526245704e-09,-1.10717636688792e-07,-2.1223078763799274e-07,-3.024854265560958e-07,-3.821460736209085e-07,-4.5188445833185366e-07,-5.123177289221779e-07,-5.639995740356902e-07,-6.074275833928288e-07,-6.430545249262244e-07,-6.712994332942061e-07,-6.925572305675503e-07,-7.072065967181238e-07,-7.156161660664961e-07,-7.181492508101926e-07,-7.151673264247615e-07,-7.070325092339579e-07,-6.941092355540992e-07,-6.767653245235535e-07,-6.553725781121419e-07,-6.303070446134342e-07,-6.019490476507638e-07,-5.706830621477427e-07,-5.368975021673206e-07,-5.009844730782021e-07,-4.633395320091137e-07,-4.2436149548493705e-07,-3.8445233018876623e-07,-3.440171583334461e-07,-3.034643932332454e-07,-2.632059647701923e-07,-2.236574149730722e-07,-1.8523709184564118e-07,-1.4836199582412258e-07,-1.1343277267205499e-07,-8.078503269305994e-08,-5.0537772345018e-08,-2.212892958529781e-08,7.099003154182733e-09,2.384413745630628e-08,4.083814742930313e-08,5.684604161086887e-08,7.144147133890124e-08,8.446740137008136e-08,9.586093390349621e-08,1.0559719795121349e-07,1.136717629225239e-07,1.2009519823061006e-07,1.2489122738642332e-07,1.2809578453997934e-07,1.2975619622846086e-07,1.2993032447854014e-07,1.2868569175127702e-07,1.2609865227918818e-07,1.2225367399708553e-07,1.1724278229451677e-07,1.1116520138848272e-07,1.0412721384322184e-07,9.624224318515778e-08,8.763114595614005e-08,7.842267104517246e-08,6.875398740549697e-08,5.877104359108275e-08,4.86281468086651e-08,3.848506053659747e-08,2.8496677369378426e-08,1.878055211569118e-08,9.317993786641595e-09,-3.4531454526865834e-10,1.5589698331724687e-07,5.852229885331346e-07,9.933437342325617e-07,1.4698326861479532e-06,2.0335006531640455e-06,2.6823651310673723e-06,3.4088749828538373e-06,4.2038484171367315e-06,5.056772357738258e-06,5.954974934255338e-06,6.882535301564746e-06,7.819288796182782e-06,8.740148442527287e-06,9.61493498408539e-06,1.0408890981254947e-05,1.1084009561478041e-05,1.1601218995649236e-05,1.1923333144882443e-05,1.2018526529177933e-05,1.1863958144933902e-05,1.1449091914346997e-05,1.0778274600873049e-05,9.872238083394648e-06,8.768358223432344e-06,7.51964942862736e-06,6.192463021422557e-06,4.862406120220135e-06,3.606387649078559e-06,2.483847065145234e-06,1.4858575094325579e-06,3.879382068517757e-07,2.4766693495825943e-07,1.1563889899813151e-07,-5.114744173137369e-09,-1.1413858923670952e-07,-2.1177382171367104e-07,-2.9857518684363563e-07,-3.751249589694287e-07,-4.4197867837912174e-07,-4.996542420713662e-07,-5.486346797821728e-07,-5.893745892855806e-07,-6.223068517722491e-07,-6.478485416955152e-07,-6.664057577988878e-07,-6.783773956867051e-07,-6.84157985813182e-07,-6.84139750284676e-07,-6.787140309970333e-07,-6.68272228218095e-07,-6.532063708464211e-07,-6.33909421190059e-07,-6.107754002254459e-07,-5.841994049010395e-07,-5.545775775414849e-07,-5.223070788245454e-07,-4.87786109929986e-07,-4.5141402581918555e-07,-4.1359157934157625e-07,-3.7472133319820394e-07,-3.3520826972116254e-07,-2.9546060665662894e-07,-2.558907619954769e-07,-2.1691621913179834e-07,-1.7895947709197914e-07,-1.4244458159969752e-07,-1.0778265743077039e-07,-7.532353303234352e-08,-4.520411706501591e-08,-1.6883359218518925e-08,1.2273759522996636e-08,2.891253952889527e-08,4.579687906504734e-08,6.1686278868544e-08,7.615488640997068e-08,8.904749773984796e-08,1.0030290361845917e-07,1.0989738367392327e-07,1.1782710104080624e-07,1.2410277369678548e-07,1.2874797957051855e-07,1.3179836593559432e-07,1.3330096931330717e-07,1.3331347497287306e-07,1.3190343440830344e-07,1.29147505919884e-07,1.2513078432818484e-07,1.1994627307092627e-07,1.1369453590786575e-07,1.0648354901251737e-07,9.842875710109977e-08,8.965331693780903e-08,8.028848143834585e-08,7.047401956170813e-08,6.035842850218616e-08,5.0098317225035916e-08,3.985524516291947e-08,2.9785032824471102e-08,2.000470718566471e-08,1.0492403331482168e-08,7.850518084918851e-10,2.1336895553754419e-07,6.477799418109871e-07,1.06046752296026e-06,1.5404683028404175e-06,2.105305417339042e-06,2.7510576796589634e-06,3.467822838657139e-06,4.243908362463911e-06,5.066391135774439e-06,5.920570807284937e-06,6.789186417078693e-06,7.65174306884991e-06,8.484138218668174e-06,9.2587287767148e-06,9.944950465338709e-06,1.0510556175060406e-05,1.0923470052912152e-05,1.1154162628088527e-05,1.1178354629610297e-05,1.0979775993091949e-05,1.05526653438707e-05,9.903709302030412e-06,9.05318897790299e-06,8.035198921531203e-06,6.896878466922046e-06,5.696544830364073e-06,4.500214306937142e-06,3.3746351179611512e-06,2.370851653422133e-06,1.4801129908688929e-06,5.074358535804778e-07,3.5993386834934357e-07,2.2129364261352811e-07,9.392205305619952e-08,-2.1779287332771652e-08,-1.2605302684341433e-07,-2.1933595546487277e-07,-3.0211204102851196e-07,-3.7486650140045265e-07,-4.3807341752922186e-07,-4.92194212265195e-07,-5.37679331730793e-07,-5.749705471054957e-07,-6.045030415890162e-07,-6.267070583555248e-07,-6.420090999116193e-07,-6.508327407265926e-07,-6.535991329808577e-07,-6.507272831646683e-07,-6.42634168309364e-07,-6.297347504318265e-07,-6.12441938725676e-07,-5.911665421048369e-07,-5.663172501545175e-07,-5.383006782541656e-07,-5.075215122608552e-07,-4.743827891441459e-07,-4.3928635157354444e-07,-4.0263351548445413e-07,-3.6482598799628536e-07,-3.262670644035169e-07,-2.873631067487005e-07,-2.485252341065908e-07,-2.1017095327949464e-07,-1.727248811545167e-07,-1.366160112282764e-07,-1.0226389767941661e-07,-7.003081325980794e-08,-4.007055856232309e-08,-1.1863927149682116e-08,1.719613642969235e-08,3.373663545739474e-08,5.051691216825928e-08,6.629350623239472e-08,8.064061957975678e-08,9.340394958507601e-08,1.0452331901944492e-07,1.1397594676691893e-07,1.2175879220001398e-07,1.2788324041974236e-07,1.323734458358095e-07,1.3526558838364073e-07,1.3660724078864178e-07,1.3645667171682129e-07,1.3488210079122456e-07,1.3196096932808897e-07,1.277792922019781e-07,1.2243114374224286e-07,1.1601831447014581e-07,1.086501586900797e-07,1.0044363527180544e-07,9.152352301051366e-08,8.20227612270093e-08,7.208280772878682e-08,6.185376693260775e-08,5.149366147526577e-08,4.116511775005052e-08,3.102444207511352e-08,2.1188124631526068e-08,1.1631703277864866e-08,1.8846325711078397e-09,2.6695197384492897e-07,6.984347409613405e-07,1.1084389840008566e-06,1.5835821812375735e-06,2.1399816317279497e-06,2.7722560897595683e-06,3.468846344381733e-06,4.21633437093336e-06,5.0002136248869725e-06,5.8045828034457924e-06,6.611613780672346e-06,7.401122275895016e-06,8.15040345785767e-06,8.834436493609099e-06,9.42652749430522e-06,9.899420209230984e-06,1.0226850358090055e-05,1.0385455801961133e-05,1.0356891000060132e-05,1.0129944263591715e-05,9.702433428520708e-06,9.08266721967524e-06,8.290302838632081e-06,7.3564879382737355e-06,6.3232096991256925e-06,5.2417080853345455e-06,4.169459710476029e-06,3.1640912843890317e-06,2.269124119911898e-06,1.4761298560286738e-06,6.169615303170635e-07,4.632705750398187e-07,3.1896389506618317e-07,1.8584626204862732e-07,6.427144853708803e-08,-4.5901654347834535e-08,-1.4498864536408622e-07,-2.3337140400376688e-07,-3.114608251146927e-07,-3.796832856560142e-07,-4.384750272620238e-07,-4.882791635520472e-07,-5.29543567184578e-07,-5.627190887764267e-07,-5.882579588849996e-07,-6.066123496443339e-07,-6.182331044403784e-07,-6.235686453979448e-07,-6.230640620429546e-07,-6.171603783460715e-07,-6.062939920476493e-07,-5.908962802042155e-07,-5.713933679659911e-07,-5.482060630836109e-07,-5.217499658468411e-07,-4.924357723290358e-07,-4.606697971128789e-07,-4.2685474907906667e-07,-3.913907989008034e-07,-3.5467697725651513e-07,-3.1711293384914816e-07,-2.7910105835530155e-07,-2.4104888677661993e-07,-2.0337150785134994e-07,-1.6649309856996976e-07,-1.3084501367392567e-07,-9.685278121859152e-08,-6.488908093903003e-08,-3.5123545327064145e-08,-7.059973363611768e-09,2.1874202588005957e-08,3.832456550226405e-08,5.500652465005566e-08,7.067622992597482e-08,8.490750628301925e-08,9.754601781199473e-08,1.0853194516068934e-07,1.1784320772682966e-07,1.2547773024942688e-07,1.3144804781674534e-07,1.3577957847089306e-07,1.3850982243012963e-07,1.396876872078103e-07,1.3937276212395644e-07,1.3763455572748709e-07,1.3455175713218605e-07,1.3021158389923622e-07,1.2470926691603976e-07,1.181477070453406e-07,1.1063732193880717e-07,1.0229608409971249e-07,9.324973063096784e-08,8.363209459967401e-08,7.358544944036102e-08,6.32606179173734e-08,5.281621504112535e-08,4.2415282145735126e-08,3.221424567524693e-08,2.2329101712725736e-08,1.2733337978906563e-08,2.949953910824878e-09,3.1643175883267156e-07,7.386696992559201e-07,1.140271477486782e-06,1.6039978510331162e-06,2.1445120663980927e-06,2.7554105064601846e-06,3.4240913835183005e-06,4.136089973735564e-06,4.876006468368103e-06,5.627397122717141e-06,6.372443067945526e-06,7.091703390897915e-06,7.764091758299911e-06,8.367154129581007e-06,8.877690136830514e-06,9.272726360825676e-06,9.530809265002716e-06,9.633540911104631e-06,9.567238314881892e-06,9.324565837430527e-06,8.905976824785705e-06,8.320809353455927e-06,7.587908321017055e-06,6.735679820396074e-06,5.8014966054549445e-06,4.830305826206355e-06,3.871990630886865e-06,2.976075801428626e-06,2.1794662355654534e-06,1.4742209033322532e-06,7.163147739965375e-07,5.573736451884358e-07,4.082612138194161e-07,2.7021135641483373e-07,1.435365895000688e-07,2.819752088146441e-08,-7.60012214053395e-08,-1.693402309958243e-07,-2.5215652296649e-07,-3.24828898897649e-07,-3.877682893350242e-07,-4.4141011525148755e-07,-4.862077695328159e-07,-5.226269722625849e-07,-5.511409355690204e-07,-5.722263042796497e-07,-5.863598268874781e-07,-5.940156941211079e-07,-5.95663471021457e-07,-5.917665451445861e-07,-5.827810175421708e-07,-5.69154972849285e-07,-5.51328078403147e-07,-5.297314783050744e-07,-5.04787965446638e-07,-4.769124316491202e-07,-4.4651261215585453e-07,-4.1399015456738147e-07,-3.797420523229751e-07,-3.4416248644264147e-07,-3.076451116254778e-07,-2.705857929838794e-07,-2.3338571886310996e-07,-1.964546011974697e-07,-1.6021308352974387e-07,-1.250917712906783e-07,-9.15192432742961e-08,-5.987620377479851e-08,-3.034694710120002e-08,-2.459806288197644e-09,2.6315297535280598e-08,4.2683163376557663e-08,5.927209965899969e-08,7.484027122338308e-08,8.896066924656159e-08,1.0147802178765943e-07,1.1233224553945485e-07,1.2150177587544553e-07,1.2898571828716693e-07,1.3479827433824498e-07,1.3896683262775737e-07,1.4153100822845622e-07,1.4254183842715324e-07,1.4206095908870018e-07,1.401597721240511e-07,1.3691866034478476e-07,1.3242630728165142e-07,1.267791678513619e-07,1.2008112104626872e-07,1.1244332064478717e-07,1.0398424390282694e-07,9.482991874464772e-08,8.511428045381848e-08,7.497955086099265e-08,6.457639253308346e-08,5.4063205000359296e-08,4.3602806940627005e-08,3.335139144756358e-08,2.342450888149882e-08,1.3794137572505192e-08,3.9778173485558616e-09,3.6163512208239263e-07,7.698719023033685e-07,1.1587537261136988e-06,1.6061429157872164e-06,2.1252499223460647e-06,2.709030429416216e-06,3.3443628451006626e-06,4.016303247915362e-06,4.70911933017481e-06,5.4063373039668954e-06,6.090567835274659e-06,6.743393745539295e-06,7.345439682997665e-06,7.876682617226748e-06,8.317028827003386e-06,8.647154253197636e-06,8.849574443588613e-06,8.909878696894647e-06,8.818034490946172e-06,8.569647946099161e-06,8.167058161161825e-06,7.62014934656707e-06,6.946782048947078e-06,6.172764390604144e-06,5.331285992043332e-06,4.461674126167215e-06,3.607079064642325e-06,2.8098936638472925e-06,2.1012873083181035e-06,1.4739577184950102e-06,8.053627486490273e-07,6.42017752571216e-07,4.888831832946113e-07,3.466619607817493e-07,2.1563311740334352e-07,9.58569551730976e-08,-1.2746356688205068e-08,-1.1036119795423508e-07,-1.972554002940296e-07,-2.737642207278734e-07,-3.402765177646883e-07,-3.972224194743718e-07,-4.4506240619453486e-07,-4.842778513733672e-07,-5.1536302966703e-07,-5.388185365887264e-07,-5.551460094683418e-07,-5.648440054150332e-07,-5.684048777739906e-07,-5.663124942887032e-07,-5.590406533709281e-07,-5.470520756070859e-07,-5.307978727572616e-07,-5.107174236760526e-07,-4.87238614072258e-07,-4.6077842350976764e-07,-4.3174386739278106e-07,-4.0053332264799146e-07,-3.675382817518989e-07,-3.331455880080788e-07,-2.977402005015916e-07,-2.6170850868935244e-07,-2.2544213505671254e-07,-1.893419476250033e-07,-1.5382140986856663e-07,-1.193066934053032e-07,-8.622595332136574e-08,-5.49650845727721e-08,-2.572167367169718e-08,1.9494767236598425e-09,3.052599374645153e-08,4.681786520283701e-08,6.331799220588758e-08,7.87885905736649e-08,9.280130184515717e-08,1.0519908883776051e-07,1.1592110922208313e-07,1.2494626810755463e-07,1.3227519326906067e-07,1.379243706598225e-07,1.419239382473952e-07,1.4431646334821008e-07,1.4515592552109925e-07,1.4450673066883808e-07,1.4244276200087404e-07,1.390465167379773e-07,1.3440837832132596e-07,1.28626063090263e-07,1.2180426735442184e-07,1.1405452769529418e-07,1.0549529353485899e-07,9.625219372980433e-08,8.64584512521731e-08,7.625534308376595e-08,6.579246150743462e-08,5.5227143728519715e-08,4.472130160302987e-08,3.44304914673417e-08,2.4469828061214652e-08,1.4810338580338609e-08,4.965299543298074e-09,4.0242638991180827e-07,7.932756221010409e-07,1.166347718722154e-06,1.593903745023928e-06,2.087736275667033e-06,2.6404803757297896e-06,3.2389244947160873e-06,3.868106042931798e-06,4.512404407147234e-06,5.155705478121771e-06,5.781347746868971e-06,6.372108000406434e-06,6.910330748157659e-06,7.3782469130509805e-06,7.758496921410915e-06,8.034849414583678e-06,8.193083476283268e-06,8.221979584235186e-06,8.114344892484808e-06,7.867984988774144e-06,7.486529345867794e-06,6.980021919495931e-06,6.365199524550628e-06,5.6653921227459785e-06,4.909975731662893e-06,4.13325286590629e-06,3.3724245803585235e-06,2.6636522598456893e-06,2.033189111904448e-06,1.474494472023072e-06,8.840242202246796e-07,7.170425551154005e-07,5.606032323140565e-07,4.149270882202463e-07,2.802690002638782e-07,1.5678502719298468e-07,4.4502646587175274e-08,-5.667554516598458e-08,-1.4695706524974463e-07,-2.266414692633198e-07,-2.961020374105928e-07,-3.557686245887053e-07,-4.061123555643035e-07,-4.47632455448794e-07,-4.80845263052822e-07,-5.06275321008222e-07,-5.244483456982211e-07,-5.358858353093858e-07,-5.411010626934762e-07,-5.405962107602253e-07,-5.348604336667408e-07,-5.243686610340119e-07,-5.095810004541339e-07,-4.909426326829784e-07,-4.6888413218259066e-07,-4.438221817728243e-07,-4.161606830554064e-07,-3.862922929132943e-07,-3.546004392194146e-07,-3.214618832827605e-07,-2.872498973183793e-07,-2.523381007955248e-07,-2.1710492041610622e-07,-1.8193842264336286e-07,-1.472406745690437e-07,-1.134290965905445e-07,-8.092729211198737e-08,-5.012293017032736e-08,-2.1225208086393556e-08,6.182221396267899e-09,3.45120606132959e-08,5.073254672404019e-08,6.714626219989573e-08,8.252091292492933e-08,9.642618616721991e-08,1.0870257771329254e-07,1.1928820366456548e-07,1.2816262180540804e-07,1.3532853145324757e-07,1.4080548754892371e-07,1.4462727484145084e-07,1.4684032218898233e-07,1.4750239552415e-07,1.466813943691885e-07,1.444542490302583e-07,1.4090595602721676e-07,1.3612879019848395e-07,1.3022172276988633e-07,1.2329006423812662e-07,1.1544534094651952e-07,1.0680540375506029e-07,9.749475317273296e-08,8.764504044659297e-08,7.739564905877839e-08,6.68941201943385e-08,5.629579284482362e-08,4.5760881995177045e-08,3.544379240997586e-08,2.5459130747830836e-08,1.5777572155650884e-08,5.90975512775162e-09,4.387035996067803e-07,8.099307824593185e-07,1.1651351294830406e-06,1.5705527598461458e-06,2.036615103481006e-06,2.555896194461957e-06,3.1154370518666253e-06,3.70061970015487e-06,4.2962781097011255e-06,4.886946660346361e-06,5.456895718396931e-06,5.9901874449639815e-06,6.470842096454937e-06,6.88315060337403e-06,7.212141980530234e-06,7.444194364289702e-06,7.567760596784729e-06,7.574162799716196e-06,7.458396690825628e-06,7.219877317474466e-06,6.863054772385354e-06,6.397831491242924e-06,5.839720174869104e-06,5.209688310445778e-06,4.533629950722119e-06,3.841357743202121e-06,3.1648336457281092e-06,2.534806309459195e-06,1.973351345819899e-06,1.4747788143060352e-06,9.522569371459647e-07,7.823427821798353e-07,6.232633388577371e-07,4.7481599812070744e-07,3.3724257247604886e-07,2.1078894723422329e-07,9.55779674944965e-08,-8.414325093828089e-09,-1.0134821093568536e-07,-1.8349912945303836e-07,-2.552343666527501e-07,-3.1699091172904126e-07,-3.692558100121356e-07,-4.1254946871883123e-07,-4.474119399933879e-07,-4.743919787370793e-07,-4.940385590996374e-07,-5.068944893337301e-07,-5.134917643986352e-07,-5.143483224329332e-07,-5.099659134753223e-07,-5.00828838740752e-07,-4.874033711871021e-07,-4.7013771982961174e-07,-4.4946244943317873e-07,-4.25791312836306e-07,-3.995224946144769e-07,-3.710403013950743e-07,-3.4071736468849857e-07,-3.089174441286419e-07,-2.7599892738520513e-07,-2.423191058523159e-07,-2.0823923270700094e-07,-1.7413015993147163e-07,-1.4037776514283608e-07,-1.0738570665552298e-07,-7.556813784663606e-08,-4.53103452982256e-08,-1.6831003031632043e-08,1.0254530490303561e-08,3.8278430160718816e-08,5.442927100561155e-08,7.075624359854561e-08,8.603311445970401e-08,9.982690023657484e-08,1.1197512925381697e-07,1.2241490966760706e-07,1.3112696510279463e-07,1.3811690675829772e-07,1.434083701076159e-07,1.4703984013518913e-07,1.4906260625549816e-07,1.4953909909907674e-07,1.4854142747849364e-07,1.4615009798314974e-07,1.4245293797793693e-07,1.3754424474414398e-07,1.315241771683925e-07,1.244983997315873e-07,1.1657798288449164e-07,1.0787955795689752e-07,9.852571520348755e-08,8.864561280314718e-08,7.837571270348484e-08,6.7860419502726e-08,5.7252003123212794e-08,4.670802852070748e-08,3.6381060680789866e-08,2.6384996269866738e-08,1.669081989978296e-08,6.808822512692985e-09,4.7039469391367855e-07,8.206904258990502e-07,1.1567988768101875e-06,1.5387278310909623e-06,1.9756174666933878e-06,2.4601853316918464e-06,2.979989996549289e-06,3.5210366352152733e-06,4.068871079292393e-06,4.608883293370785e-06,5.126407339946902e-06,5.606826214299321e-06,6.0357594856034874e-06,6.399362074287691e-06,6.684738510775834e-06,6.880460767123979e-06,6.977163992380759e-06,6.968182405185403e-06,6.850177934092539e-06,6.62370802722986e-06,6.2936771514132e-06,5.8696188482187304e-06,5.365760475820238e-06,4.800827239392579e-06,4.197536643424495e-06,3.5816947730139235e-06,2.980662395581173e-06,2.4205062734934095e-06,1.91977397846536e-06,1.4736822159887057e-06,1.0100477608720438e-06,8.378613872758006e-07,6.767699279912702e-07,5.26217318907633e-07,3.8644519649862105e-07,2.5778087770051374e-07,1.4042640920136217e-07,3.4413096746385306e-08,-6.038952096872769e-08,-1.4424801131971655e-07,-2.175360919050389e-07,-2.8070732716637794e-07,-3.342712738775526e-07,-3.787735731953687e-07,-4.1477990082241824e-07,-4.428634141627809e-07,-4.635952206926701e-07,-4.775373645829443e-07,-4.852378514277274e-07,-4.872272814069075e-07,-4.840167252519012e-07,-4.7609654610398007e-07,-4.6393593840391787e-07,-4.4798301943327854e-07,-4.286653687734273e-07,-4.063909654550501e-07,-3.8154952203891003e-07,-3.545142593004111e-07,-3.2564420395500333e-07,-2.952871229509231e-07,-2.6378322632436126e-07,-2.3146976463351925e-07,-1.9868658650663652e-07,-1.6578252497211151e-07,-1.3312191280685332e-07,-1.0108889040367183e-07,-7.00823670493096e-08,-4.048016614411861e-08,-1.2507674236492934e-08,1.4184698911546517e-08,4.1829164693020834e-08,5.790791644457237e-08,7.414389829870612e-08,8.931630358383943e-08,1.029886382891532e-07,1.1499526708120978e-07,1.2527276761776692e-07,1.3380398555008927e-07,1.4059865819657483e-07,1.456857906640249e-07,1.4910980018755115e-07,1.5092792643638313e-07,1.512081634704925e-07,1.5002751456068455e-07,1.4747052864733547e-07,1.4362811541291074e-07,1.3859664083109274e-07,1.324773031457275e-07,1.2537578777280858e-07,1.1740219957228032e-07,1.0867127084274369e-07,9.930283973785459e-08,8.942257866591024e-08,7.91629052037914e-08,6.866387159714571e-08,5.807343355631953e-08,4.754533575971474e-08,3.7229378686203324e-08,2.7238366043693767e-08,1.7544334301057395e-08,7.660432545655029e-09,4.974538789656767e-07,8.262109806745499e-07,1.1426282070153686e-06,1.5004463343067763e-06,1.907591191259349e-06,2.3570813523804736e-06,2.8371922658196707e-06,3.33475951778905e-06,3.836227406051844e-06,4.3279832543228165e-06,4.796501615724121e-06,5.228482383297135e-06,5.611049465817055e-06,5.932032321560409e-06,6.180331854622112e-06,6.346358904291746e-06,6.4225229667242805e-06,6.4037399091020124e-06,6.287920602767299e-06,6.076398251253496e-06,5.774251168564473e-06,5.390479785879674e-06,4.938000715050796e-06,4.433423958444898e-06,3.896574615500798e-06,3.3496880357077445e-06,2.8160905406644355e-06,2.3178081915710525e-06,1.870419627783535e-06,1.4700745054105995e-06,1.0574049950218433e-06,8.835857998492628e-07,7.210934435874915e-07,5.691022615833613e-07,4.2786825408395923e-07,2.977883995715627e-07,1.7912267296007342e-07,7.193425855253817e-08,-2.389941062361265e-08,-1.0865477009300415e-07,-1.8272684342926751e-07,-2.46596722429563e-07,-3.0080381237908023e-07,-3.459232062075022e-07,-3.8254786959876224e-07,-4.1127504322029726e-07,-4.3269618295144265e-07,-4.4738976990599363e-07,-4.559163820761211e-07,-4.588155024920688e-07,-4.566036296431739e-07,-4.4977334571922906e-07,-4.3879308235536546e-07,-4.241074001082635e-07,-4.0613766671501197e-07,-3.852830811166131e-07,-3.619220464400884e-07,-3.3641394660932575e-07,-3.091014282377141e-07,-2.8031333067020826e-07,-2.5036843813461136e-07,-2.1958023752705323e-07,-1.8826282374866157e-07,-1.5673792093260404e-07,-1.2534245190293554e-07,-9.44345117781159e-08,-6.439095316363489e-08,-3.5575921925212e-08,-8.217900688507772e-09,1.799382479246459e-08,4.516742689202185e-08,6.116563841779368e-08,7.73008759136548e-08,9.235549488644955e-08,1.058885317203407e-07,1.1773143705948738e-07,1.278213356384588e-07,1.3614471712612248e-07,1.4271710930389167e-07,1.4757448664145054e-07,1.507686089638635e-07,1.523638238767631e-07,1.5243457232078693e-07,1.510633654154589e-07,1.4833915595953964e-07,1.443560695027068e-07,1.392124703411117e-07,1.3301034225913858e-07,1.2585496911366997e-07,1.1785490726275842e-07,1.0912224890255298e-07,9.977317908153583e-08,8.992882150273033e-08,7.971632850031243e-08,6.927004064398295e-08,5.8732150957682576e-08,4.825114822206246e-08,3.7972843255527736e-08,2.800832466668807e-08,1.833151758534881e-08,8.462819865046431e-09,5.198582576752462e-07,8.269602449434604e-07,1.1235378861393421e-06,1.4571399274002314e-06,1.8345575220338195e-06,2.2492299853043277e-06,2.690295843554083e-06,3.145570306225656e-06,3.602525575048411e-06,4.048636450260974e-06,4.471553052711778e-06,4.859260750425698e-06,5.200283353341062e-06,5.483946684073085e-06,5.700701945522902e-06,5.842497605775938e-06,5.903180430456298e-06,5.878899802438294e-06,5.768484686884053e-06,5.573759907950626e-06,5.299768072015922e-06,4.954865406961542e-06,4.550663223002744e-06,4.101789481401824e-06,3.6254413829594143e-06,3.140674106245072e-06,2.6672767637031127e-06,2.2237875766545265e-06,1.8232874732136765e-06,1.4628605156688837e-06,1.0943524590625168e-06,9.19547527409294e-07,7.562723511933474e-07,6.035330437733095e-07,4.616157827410672e-07,3.309706650768547e-07,2.1188798524299755e-07,1.0443354656989748e-07,8.466151511621793e-09,-7.632238983777158e-08,-1.503651056103028e-07,-2.1418232773580482e-07,-2.683506257627468e-07,-3.134782137615927e-07,-3.501861471050599e-07,-3.7909440533745515e-07,-4.0081193941983574e-07,-4.1592983481740683e-07,-4.2501685394526595e-07,-4.286167455145035e-07,-4.272468299099896e-07,-4.213974815850924e-07,-4.115322287175396e-07,-3.980882769708419e-07,-3.8147733973234117e-07,-3.620867240482899e-07,-3.402806822287465e-07,-3.164020960018755e-07,-2.907746145612926e-07,-2.6370541967659523e-07,-2.3548883692116864e-07,-2.0641104170365854e-07,-1.76756094021293e-07,-1.468133987582555e-07,-1.168862064512664e-07,-8.729929053815805e-08,-5.83995154710297e-08,-3.0529775403306294e-08,-3.9169064794537075e-09,2.170667437580851e-08,4.8295453244677086e-08,6.419609553934855e-08,8.021316423093431e-08,9.512773133765274e-08,1.0849331464373271e-07,1.2013933626664347e-07,1.3000533146314964e-07,1.3808364705935745e-07,1.44397773743431e-07,1.489925692048265e-07,1.5192869116800374e-07,1.5327876651156722e-07,1.531244880008964e-07,1.515543524984613e-07,1.4866191492234843e-07,1.445444820959323e-07,1.3930218984912558e-07,1.3303741970493016e-07,1.2585452500233994e-07,1.1785985135980612e-07,1.0916205173949094e-07,9.987270880194868e-08,9.010727901267067e-08,7.998634356247507e-08,6.963703254139618e-08,5.9194111099541664e-08,4.879907306121162e-08,3.8592151467828755e-08,2.8681792878272268e-08,1.9044748821063862e-08,9.214536727828155e-09,5.37604805281397e-07,8.232291866958254e-07,1.1000943578088195e-06,1.4096996485849224e-06,1.7577811698927648e-06,2.1382903575591955e-06,2.541333968178314e-06,2.955810103492327e-06,3.3703028230775437e-06,3.77342400496688e-06,4.154002923978264e-06,4.501260088125629e-06,4.805011244035491e-06,5.055913995864979e-06,5.245754795107139e-06,5.367765617126324e-06,5.4169535669327005e-06,5.39042199235612e-06,5.2876584266341185e-06,5.110763077021242e-06,4.864591801334799e-06,4.556789498580681e-06,4.197693019253238e-06,3.8000854325651894e-06,3.378781292848918e-06,2.95000276505364e-06,2.5304321378656007e-06,2.135587769529003e-06,1.7764408464113035e-06,1.4509913457711197e-06,1.1209249368560189e-06,9.458256490330495e-07,7.824227219203212e-07,6.296780577963982e-07,4.879244321616789e-07,3.5764182701881824e-07,2.391154203884135e-07,1.3237787605467187e-07,3.723840072048917e-08,-4.666729052071746e-08,-1.1982778573702885e-07,-1.828140834757719e-07,-2.36246212989951e-07,-2.807677504069956e-07,-3.170270435360314e-07,-3.4566386516351053e-07,-3.673003062707005e-07,-3.8253488029757717e-07,-3.9193898683224066e-07,-3.960550541610895e-07,-3.953958338962237e-07,-3.9044445338097626e-07,-3.816549429552881e-07,-3.694530480747398e-07,-3.542372146005635e-07,-3.3637970363587317e-07,-3.162278543052063e-07,-2.941055725933179e-07,-2.703151845915674e-07,-2.4513985449099576e-07,-2.1884682968206215e-07,-1.9169182907185474e-07,-1.6392491112971857e-07,-1.357980732096581e-07,-1.075744346287696e-07,-7.95375281545215e-08,-5.199513606903138e-08,-2.525974551658052e-08,4.4964812221819213e-10,2.535291045060145e-08,5.1214532080788244e-08,6.698834111113732e-08,8.285916755911029e-08,9.759945562032168e-08,1.1075612708046335e-07,1.2215834194246224e-07,1.3175090344096635e-07,1.3953503116052811e-07,1.4554487995579302e-07,1.498363758122757e-07,1.5248069545073043e-07,1.5355983539816818e-07,1.5316337052359458e-07,1.5138603670430686e-07,1.4832594878265958e-07,1.4408332932778593e-07,1.3875965511192916e-07,1.324571517306927e-07,1.2527858981610636e-07,1.1732736032807647e-07,1.0870783077351983e-07,9.95260063276883e-08,8.989053280738874e-08,7.9914062768523e-08,6.97149050422051e-08,5.941852482875309e-08,4.915735821033659e-08,3.906405340010286e-08,2.9243110794039523e-08,1.967514436079135e-08,9.91446899675943e-09,5.507077153200118e-07,8.151448237362673e-07,1.072543941028772e-06,1.3585243045674836e-06,1.6778447643705678e-06,2.0250408159612643e-06,2.3912623138831037e-06,2.7665579496118527e-06,3.1406717616389655e-06,3.5033706823325607e-06,3.844643097236701e-06,4.1548816815997135e-06,4.425086598482562e-06,4.647097220284467e-06,4.813848747251729e-06,4.919643653746919e-06,4.960423464942123e-06,4.934023113570445e-06,4.840388016198416e-06,4.681733217646738e-06,4.462624622259905e-06,4.189964426311678e-06,3.8728659899752085e-06,3.522406318115013e-06,3.151243614725242e-06,2.7730731391077602e-06,2.4018377616418097e-06,2.050424030439769e-06,1.7280036840075365e-06,1.4334586326326252e-06,1.1371646994754068e-06,9.625551138486383e-07,7.997550650659476e-07,6.478358451969221e-07,5.071928397155783e-07,3.7830358701702545e-07,2.6140332822848767e-07,1.5644902865128686e-07,6.316557206958063e-08,-1.8892981019939327e-08,-9.02877514854248e-08,-1.5165013474454031e-07,-2.0364764382817701e-07,-2.469589937756232e-07,-2.8225662097791966e-07,-3.101949446199628e-07,-3.314029186738011e-07,-3.464796890096073e-07,-3.559924210679843e-07,-3.6047558306196096e-07,-3.604311529498852e-07,-3.563293656647932e-07,-3.486097348686878e-07,-3.3768217694960006e-07,-3.2392814067407855e-07,-3.077017102587638e-07,-2.893307085667907e-07,-2.6911788594637633e-07,-2.4734234330364084e-07,-2.2426140835087432e-07,-2.0011326202893447e-07,-1.7512069260073524e-07,-1.4949641787061618e-07,-1.2345039959641456e-07,-9.719929255524366e-08,-7.097706601151289e-08,-4.50422316653807e-08,-1.9665961707833908e-08,4.9485970108631784e-09,2.8968835180099133e-08,5.392498798108836e-08,6.952524146608141e-08,8.520699058962783e-08,9.972286763268277e-08,1.1261219409888688e-07,1.2370681321918422e-07,1.3296085714983908e-07,1.4038830373237464e-07,1.4603715734673893e-07,1.499767577523886e-07,1.5229034809763867e-07,1.5307016035938793e-07,1.5241397358051844e-07,1.504226752372727e-07,1.4719856210288125e-07,1.4284420209529208e-07,1.374617253107797e-07,1.311524481352608e-07,1.240167675935679e-07,1.1615429629334905e-07,1.0766424163044855e-07,9.864606491707471e-08,8.920048139610773e-08,7.94308634227637e-08,6.944503339854352e-08,5.9357120498464826e-08,4.928812572667637e-08,3.9360647196296664e-08,2.967348324715906e-08,2.0212231468632387e-08,1.0561853835348e-08,5.59196110990246e-07,8.026826448863364e-07,1.04084037556804e-06,1.3035684275229825e-06,1.5947230748734909e-06,1.909483942250027e-06,2.240097256804767e-06,2.5778025799091915e-06,2.9135237757673573e-06,3.2381761764833184e-06,3.542869779440514e-06,3.819098665216536e-06,4.0589432543738674e-06,4.255289685273037e-06,4.402061583370271e-06,4.49445480480624e-06,4.529162640449272e-06,4.504576792561732e-06,4.420948172362577e-06,4.280491368594088e-06,4.087417639052527e-06,3.847883485866442e-06,3.569845036948591e-06,3.2628117119366966e-06,2.937493486487489e-06,2.6053270872228637e-06,2.2778256616732347e-06,1.9655583885563652e-06,1.676136250661022e-06,1.409277467719224e-06,1.143118855595155e-06,9.699412048378227e-07,8.086006956308116e-07,6.58470535043852e-07,5.200229421745531e-07,3.93688877366548e-07,2.795982142342757e-07,1.7758332541803e-07,8.724784291108863e-08,8.03941605862497e-09,-6.06899546088614e-08,-1.1963827156964136e-07,-1.6952078534259255e-07,-2.1104750866540525e-07,-2.4490852066216935e-07,-2.717649733657692e-07,-2.922441329594626e-07,-3.0693717046116383e-07,-3.163987406414746e-07,-3.2114764987156703e-07,-3.216681176341348e-07,-3.1841129108593036e-07,-3.117967874307985e-07,-3.0221412505253996e-07,-2.900239706883574e-07,-2.755591847091721e-07,-2.59125697205391e-07,-2.4100330070159274e-07,-2.214465069045298e-07,-2.006856899501393e-07,-1.78928830331144e-07,-1.5636428086685965e-07,-1.331650861140646e-07,-1.094954531948249e-07,-8.551984485066778e-08,-6.141437288371347e-08,-3.7377257526843935e-08,-1.362565463713941e-08,9.663310155179195e-09,3.259984341352203e-08,5.64261749129046e-08,7.178123861961587e-08,8.721064064860761e-08,1.0143094073004236e-07,1.1397307086493666e-07,1.246760127693294e-07,1.3350865980895507e-07,1.4050248051620926e-07,1.457228506395215e-07,1.4925482531196694e-07,1.5119497256993208e-07,1.5164620029095946e-07,1.5071433173720813e-07,1.4850583570887248e-07,1.451263666804915e-07,1.406798815136018e-07,1.3526816367804847e-07,1.289906346479713e-07,1.219443755264386e-07,1.142243234085785e-07,1.0592364796259726e-07,9.713435443604063e-08,8.794819677000112e-08,7.84580051552397e-08,6.875948988541584e-08,5.895333166966037e-08,4.9146459762066675e-08,3.9448493453479747e-08,2.995025555444638e-08,2.0643510947691833e-08,1.115629844699595e-08,5.631120860640895e-07,7.856784742231671e-07,1.0046715920692189e-06,1.2443896725990487e-06,1.5078567998200563e-06,1.790950341793058e-06,2.087050486352796e-06,2.3886061512525288e-06,2.6877181899854364e-06,2.976424618256388e-06,3.246907276799375e-06,3.4916873239235482e-06,3.703827284635386e-06,3.8771406228547595e-06,4.0064033872974e-06,4.0875592845583715e-06,4.117907472876786e-06,4.096260982827235e-06,4.023062992566937e-06,3.9004483769179475e-06,3.7322391563522198e-06,3.523864745293335e-06,3.282201107402713e-06,3.0153265346485516e-06,2.7321941285903567e-06,2.442217149782631e-06,2.1547378585805333e-06,1.8782567675553456e-06,1.618997947037318e-06,1.3774621006756243e-06,1.138837322206626e-06,9.682819630966022e-07,8.094505091753092e-07,6.622619095980534e-07,5.272760028256512e-07,4.048186614251952e-07,2.9484813719682525e-07,1.9701885489891332e-07,1.1077697046002632e-07,3.544285340355895e-08,-2.9727319958242975e-08,-8.54985931539048e-08,-1.3262873738967636e-07,-1.718504111058605e-07,-2.03860877582146e-07,-2.293168970652435e-07,-2.4883301496984856e-07,-2.6298195864660325e-07,-2.7229623808481996e-07,-2.7727033332416066e-07,-2.78363059719739e-07,-2.759998489235143e-07,-2.7057478467849574e-07,-2.624523021734293e-07,-2.519685092859826e-07,-2.394321270887048e-07,-2.2512508370381287e-07,-2.093028374669915e-07,-1.9219455964647518e-07,-1.74003380752811e-07,-1.5490700414273462e-07,-1.3505912008438892e-07,-1.1459220937883783e-07,-9.362248307882294e-08,-7.225776539243177e-08,-5.0608745428178975e-08,-2.8802065252309985e-08,-6.986587780944062e-09,1.469916553969258e-08,3.630381067026561e-08,5.8716481230583503e-08,7.371924190680723e-08,8.880481564250294e-08,1.0263072959740151e-07,1.1471912216224063e-07,1.2492239450879947e-07,1.3323106119557183e-07,1.3969948375684497e-07,1.4441397078806075e-07,1.4747722238508267e-07,1.4899979220387753e-07,1.4909501347705993e-07,1.4787589745291078e-07,1.45453277637648e-07,1.419347775513458e-07,1.3742432003470053e-07,1.3202197893111284e-07,1.2582403539006547e-07,1.1892315296222949e-07,1.1140863283774678e-07,1.0336675617656274e-07,9.488126695894084e-08,8.603409623071731e-08,7.690646887532707e-08,6.758053152613263e-08,5.8141472162877066e-08,4.8679374575584685e-08,3.928754222236817e-08,3.004599562999484e-08,2.0953886979581722e-08,1.169779886070321e-08,5.62509007396512e-07,7.638418631251772e-07,9.634891608023943e-07,1.180200019185856e-06,1.4162306723468185e-06,1.668205772478023e-06,1.930663925328525e-06,2.1972631399973376e-06,2.461259721982014e-06,2.71577436399897e-06,2.9540036722738676e-06,3.1694223809212106e-06,3.355986069499728e-06,3.508332885848733e-06,3.6219786543952943e-06,3.693497725314993e-06,3.720680597100825e-06,3.7026584672780012e-06,3.639984527500384e-06,3.534662199650856e-06,3.3901117726354148e-06,3.2110691400077465e-06,3.003413530089551e-06,2.773925005299673e-06,2.5299762791086353e-06,2.27916439618737e-06,2.0288772269502553e-06,1.7857393897959483e-06,1.5547050432195072e-06,1.3369987987397106e-06,1.12437123420782e-06,9.580004716372747e-07,8.030091753217398e-07,6.601733186702327e-07,5.301460032715925e-07,4.130734790723882e-07,3.086671151824773e-07,2.1634972547113646e-07,1.353793279964712e-07,6.493649845060074e-08,4.181647864160127e-09,-4.770932334511857e-08,-9.152423720471182e-08,-1.2800384866387114e-07,-1.5783756891826776e-07,-1.816632284536387e-07,-2.0006916639817847e-07,-2.1359749812083019e-07,-2.2274782063582588e-07,-2.2798089793068108e-07,-2.2972205637496133e-07,-2.283641404822202e-07,-2.2426995294634856e-07,-2.1777414650616868e-07,-2.09184561179576e-07,-1.987830182765707e-07,-1.8682560027475214e-07,-1.7354247056139792e-07,-1.5913732706222158e-07,-1.43786647686752e-07,-1.2763898304050441e-07,-1.1081469265986958e-07,-9.340671263613753e-08,-7.548318432686973e-08,-5.709303917077022e-08,-3.82757636384897e-08,-1.907587919446397e-08,4.41245601006185e-10,2.0190678296218038e-08,4.015558351663654e-08,6.079335075115728e-08,7.52864665455427e-08,8.989798804963934e-08,1.0319464436689548e-07,1.1468994050872057e-07,1.242580345750167e-07,1.3191920469098574e-07,1.3775636734044807e-07,1.4187985616710116e-07,1.444110788607015e-07,1.4547421181351534e-07,1.451917352120665e-07,1.4368204655588706e-07,1.4105830840299262e-07,1.3742804871118124e-07,1.3289320031051284e-07,1.2755036582571567e-07,1.214911658665693e-07,1.1480258487367682e-07,1.0756727714628565e-07,9.986384061993852e-08,9.176711292498825e-08,8.334859676793449e-08,7.467717793733187e-08,6.582033953651782e-08,5.684601396290129e-08,4.7824741749488706e-08,3.882991449506554e-08,2.992739670093138e-08,2.1124965759835082e-08,1.2186757220987096e-08,5.574499722347526e-07,7.367771282289101e-07,9.165496787339602e-07,1.1099312851961894e-06,1.3184662815928095e-06,1.5395710300947658e-06,1.7689530202300105e-06,2.001461026779661e-06,2.2314694559498725e-06,2.4531320739775e-06,2.6606014552019787e-06,2.8482386309917462e-06,3.0108165644083135e-06,3.143714723762276e-06,3.243099687729948e-06,3.3060854813816097e-06,3.3308664422335306e-06,3.3168147764802867e-06,3.2645347317011524e-06,3.1758656791660926e-06,3.053827546210626e-06,2.9025040993232543e-06,2.7268626101393553e-06,2.5325124150552906e-06,2.3254096857391685e-06,2.1115212845022805e-06,1.8964651289500007e-06,1.685138531773262e-06,1.481295202611068e-06,1.2868234808960242e-06,1.0997716240713236e-06,9.396876830673476e-07,7.902664014294408e-07,6.535396349856794e-07,5.302523349973088e-07,4.2028069974794576e-07,3.230101191763658e-07,2.375856233516015e-07,1.630597069535666e-07,9.847527394640259e-08,4.291047647117253e-08,-4.498583413955853e-09,-4.4548435073525927e-08,-7.796674641683111e-08,-1.0541530940873485e-07,-1.2749526971426356e-07,-1.4475319871381764e-07,-1.5768717567456608e-07,-1.6675242282354513e-07,-1.723662702432008e-07,-1.7491236456685702e-07,-1.7474410873532237e-07,-1.7218735351749456e-07,-1.6754237154401724e-07,-1.6108514239751153e-07,-1.530679706937498e-07,-1.4371945434255386e-07,-1.3324382343951853e-07,-1.2181968879213258e-07,-1.0959828239294122e-07,-9.670135253765282e-08,-8.321900907397371e-08,-6.920801765113035e-08,-5.4691341128599655e-08,-3.966016529449855e-08,-2.4080338971028307e-08,-7.906120290983159e-09,8.895469415948718e-09,2.631008975805884e-08,4.425240454634491e-08,6.265332568052424e-08,7.640929390838848e-08,9.036379706585432e-08,1.0294958553471576e-07,1.1367251398818671e-07,1.2243901915750947e-07,1.2930813878017648e-07,1.3439649540508965e-07,1.3784023319240715e-07,1.397789224650025e-07,1.4034840369832386e-07,1.3967759154338512e-07,1.3788725716769791e-07,1.3508988128350457e-07,1.313900762452049e-07,1.268852645818877e-07,1.2166641230086431e-07,1.1581869038237861e-07,1.0942199199893837e-07,1.025512748678634e-07,9.527673537354063e-08,8.766386104334798e-08,7.97734573978099e-08,7.1661808981075e-08,6.338120923575236e-08,5.498115202282165e-08,4.651034498763312e-08,3.8018689390066846e-08,2.9554128214956788e-08,2.1134307609010652e-08,1.2623995119160828e-08,5.480062590358509e-07,7.040264102558084e-07,8.629872614193121e-07,1.0323333639790516e-06,1.2129451481543704e-06,1.403067466767922e-06,1.5995692558290789e-06,1.7984518955114983e-06,1.9951566551690466e-06,2.1848166531804163e-06,2.362487170548223e-06,2.5233618185138814e-06,2.6629748653325e-06,2.777387286589184e-06,2.8633528673307102e-06,2.918459799032467e-06,2.9412424191184306e-06,2.9312570875412863e-06,2.8891158553526796e-06,2.8164717465542694e-06,2.715950325111373e-06,2.591023905374508e-06,2.4458274106906377e-06,2.284918619563126e-06,2.112990813903199e-06,1.9345543340791262e-06,1.753622953190434e-06,1.573484524104464e-06,1.396721501682583e-06,1.2258215745602275e-06,1.065088202296759e-06,9.141512797677112e-07,7.725817815720124e-07,6.441747520056053e-07,5.297529504795005e-07,4.28817715025485e-07,3.403567037492919e-07,2.632126433023202e-07,1.9624083017359811e-07,1.3837157731068958e-07,8.863274240768433e-08,4.615377372585156e-08,1.0160658431727117e-08,-2.0033352539609514e-08,-4.5038464249238795e-08,-6.539893794954954e-08,-8.160276785266559e-08,-9.409009605419197e-08,-1.0326029333877226e-07,-1.0947776969010627e-07,-1.1307663453113621e-07,-1.1436433677018623e-07,-1.1362440005759765e-07,-1.1111834215204057e-07,-1.0708683643838622e-07,-1.0175014289277637e-07,-9.530780841068452e-08,-8.793761593236557e-08,-7.979375340578452e-08,-7.100418558458162e-08,-6.166725676757733e-08,-5.1847649572290213e-08,-4.157200084701489e-08,-3.082477449631005e-08,-1.9545524538907778e-08,-7.629767424273433e-09,5.061468093109006e-09,1.8671810534647596e-08,3.327600532590478e-08,4.871896081251795e-08,6.429211960422243e-08,7.698812835765457e-08,9.003168189033575e-08,1.0166431582836678e-07,1.1138702199308534e-07,1.1915155452982386e-07,1.2506468502224431e-07,1.292799183119145e-07,1.3195822782686287e-07,1.332541031746348e-07,1.3331076433346754e-07,1.3225896936930675e-07,1.3021740628740217e-07,1.272937960744261e-07,1.2358625236079699e-07,1.1918463585587399e-07,1.1417175084295912e-07,1.0862429775625473e-07,1.0261353724692666e-07,9.620564797425327e-08,8.946178162973203e-08,8.243784287637901e-08,7.518405760812122e-08,6.774444935876985e-08,6.015643442817623e-08,5.245088998494091e-08,4.4653328655535555e-08,3.678704335135596e-08,2.8878040993880245e-08,2.095496105681528e-08,1.3010758883493263e-08,5.342555243268307e-07,6.651668207003587e-07,8.019513893451841e-07,9.461288574560649e-07,1.0979769112239944e-06,1.2565998155860028e-06,1.4199935196022909e-06,1.5852457262297362e-06,1.7488007103118546e-06,1.9067208662014153e-06,2.0549266956015175e-06,2.1894145740777994e-06,2.306452488608582e-06,2.402753197984961e-06,2.475623301788122e-06,2.5230857364753527e-06,2.5439722430578086e-06,2.5379814900894688e-06,2.5056979452854345e-06,2.4485664248315745e-06,2.3688176541714335e-06,2.2693412854703025e-06,2.1535047816579113e-06,2.024919632649847e-06,1.887161143130064e-06,1.7434577027139355e-06,1.596391057875026e-06,1.447746678793799e-06,1.2989197768658353e-06,1.1528926897681541e-06,1.0203680557278927e-06,8.824493929268383e-07,7.517677014853169e-07,6.344960189239298e-07,5.314802636495935e-07,4.417302582159779e-07,3.6379638769229245e-07,2.962457735676231e-07,2.3778839696201025e-07,1.872997965341765e-07,1.43812552532102e-07,1.0649793293864392e-07,7.464520782448457e-08,4.764182140082121e-08,2.4955812914061707e-08,6.120947878604874e-09,-9.275473489812812e-09,-2.1602400037712576e-08,-3.1192758367716195e-08,-3.834947820655326e-08,-4.335012413777451e-08,-4.645038508529805e-08,-4.7886611421963375e-08,-4.787753072979048e-08,-4.6625218939347315e-08,-4.431535379173457e-08,-4.111673173286503e-08,-3.717998746007178e-08,-3.263541906700425e-08,-2.7589795807233296e-08,-2.212201963617511e-08,-1.6277543234918617e-08,-1.0061545214959338e-08,-3.4310829159994595e-09,3.7130872260243006e-09,1.1533100405722059e-08,2.0253439732491607e-08,3.0133714944190874e-08,4.135794845056826e-08,5.370735596196677e-08,6.570473285033714e-08,7.689589831941004e-08,8.867976089519666e-08,9.903584927540273e-08,1.0746974565067829e-07,1.1399537509489639e-07,1.1877402313028156e-07,1.219938422169981e-07,1.238344659193603e-07,1.244578956094548e-07,1.2400730058422389e-07,1.2260843322409502e-07,1.203718928443262e-07,1.173955443420715e-07,1.1376677303251537e-07,1.0956442560761676e-07,1.0486037226894584e-07,9.972066736751952e-08,9.420630351978705e-08,8.837355836685856e-08,8.227393214776269e-08,7.595367533801263e-08,6.945291658690329e-08,6.280443296523501e-08,5.6032175546245156e-08,4.9149843315558405e-08,4.216027060712954e-08,3.505828891506638e-08,2.7843716369151606e-08,2.055627319527821e-08,1.3348709757940613e-08,5.16279349491771e-07,6.200289319654032e-07,7.328547014674266e-07,8.502299054150333e-07,9.72006423348233e-07,1.0981808621463863e-06,1.227770331532694e-06,1.3588368423424866e-06,1.4887556311553502e-06,1.6144842632603317e-06,1.7328016450007207e-06,1.84051527237125e-06,1.934639761327553e-06,2.012548934559339e-06,2.072102456942201e-06,2.1117466433547996e-06,2.1305877632426827e-06,2.1284350374383046e-06,2.105809662629793e-06,2.063915689229472e-06,2.0045684917451607e-06,1.930076985485076e-06,1.8430767781890006e-06,1.746313327823507e-06,1.6423776771708728e-06,1.5334050203455678e-06,1.4207735359594764e-06,1.3049358352901044e-06,1.1860173651304273e-06,1.0671816659557594e-06,9.656540531931953e-07,8.458462553096072e-07,7.301394895293367e-07,6.276731253472383e-07,5.391089004439475e-07,4.628502918053161e-07,3.97092447599866e-07,3.4024865623564244e-07,2.909997061374085e-07,2.482653937528634e-07,2.111631000154394e-07,1.7896846556949197e-07,1.510817493284162e-07,1.2700040570800458e-07,1.0629738521775002e-07,8.860430722937454e-08,7.359859127298115e-08,6.099370957735068e-08,5.0531854546105857e-08,4.19784566436585e-08,3.5118119528051747e-08,2.9751652544806273e-08,2.5693975184021677e-08,2.2772746538494784e-08,2.082763924421296e-08,1.9710236186351975e-08,1.9284583519044154e-08,1.9428488776889038e-08,2.003571045391768e-08,2.1019245787242566e-08,2.2315983622783632e-08,2.389303958030357e-08,2.575610969144831e-08,2.7960120025894524e-08,3.062217821614052e-08,3.3935945993620766e-08,3.818282151507759e-08,4.372190485028335e-08,5.0868730076750685e-08,5.9378314374877544e-08,6.688563013213786e-08,7.599059268163727e-08,8.603581447497222e-08,9.467402576826091e-08,1.0145093392230388e-07,1.0646529927412675e-07,1.0992745572438947e-07,1.1204617813244119e-07,1.130052106655375e-07,1.1296088474467262e-07,1.120451006539679e-07,1.1036939725922601e-07,1.0802890417904597e-07,1.051057946082495e-07,1.0167213968145288e-07,9.779217118768386e-08,9.352399659324718e-08,8.892081465698575e-08,8.403166774775773e-08,7.890174662544262e-08,7.35722396816622e-08,6.807969495551827e-08,6.245484389137316e-08,5.672082801689674e-08,5.089079397269763e-08,4.4964932573054037e-08,3.892759005874552e-08,3.27470127179776e-08,2.6392198641606893e-08,1.9908685659236103e-08,1.3639886083458969e-08,4.941594543037651e-07,5.69165149417031e-07,6.557077796325617e-07,7.439083941332593e-07,8.338216078875101e-07,9.261913314932115e-07,1.0207839420923328e-06,1.1164726337881976e-06,1.2114960938840018e-06,1.3037089324218098e-06,1.3907925582169226e-06,1.470429889212176e-06,1.5404497189278653e-06,1.5989454558096387e-06,1.6443711334117578e-06,1.6756158768946892e-06,1.6920565171203259e-06,1.6935868046378736e-06,1.6806207104648796e-06,1.654066595331499e-06,1.6152685874201109e-06,1.5659113146551727e-06,1.5078842374100502e-06,1.4431023832391376e-06,1.3732818348343726e-06,1.2996735509403067e-06,1.2227761038978867e-06,1.1421399709630277e-06,1.0566951427301847e-06,9.687019135372181e-07,9.009827226069985e-07,8.05524653731088e-07,7.105461318011301e-07,6.278816420153995e-07,5.573015431107119e-07,4.968380983379097e-07,4.44650988986564e-07,3.992582136134982e-07,3.595057856133371e-07,3.2449968364897096e-07,2.935434807541278e-07,2.660883250317925e-07,2.4169467861970346e-07,2.200037389699255e-07,2.0071640139678627e-07,1.8357791743482473e-07,1.6836677292482486e-07,1.5488665189139138e-07,1.4296064126582027e-07,1.3242705948985014e-07,1.2313646770470666e-07,1.1494955513615739e-07,1.0773569089179172e-07,1.0137201195769526e-07,9.574297961071857e-08,9.07403905387331e-08,8.62638806381665e-08,8.2222014241714e-08,7.85341148050172e-08,7.513306994843904e-08,7.19694377442703e-08,6.901729616531174e-08,6.628240435274571e-08,6.381335981238261e-08,6.171645313859964e-08,6.017444901838498e-08,5.9467411415471237e-08,5.998084714816585e-08,6.21412481221969e-08,6.582770811386092e-08,6.782901562031078e-08,7.416809138326746e-08,8.178730591933314e-08,8.807210186573568e-08,9.273104940626722e-08,9.594004997298987e-08,9.792108750553208e-08,9.887113637482096e-08,9.895210803181705e-08,9.829475188810469e-08,9.700471842863833e-08,9.516822941009805e-08,9.285677490140664e-08,9.01308201001616e-08,8.704264786439696e-08,8.363848563551436e-08,7.996004671403992e-08,7.604558376566753e-08,7.193051666346836e-08,6.764766014793491e-08,6.3227039176919e-08,5.869524005082323e-08,5.4074202483171293e-08,4.937931359216688e-08,4.4616628212275465e-08,3.977907088135198e-08,3.4841729974235946e-08,2.9758468227361706e-08,2.4469098134654532e-08,1.899929544775755e-08,1.388661237299829e-08,4.679713547265932e-07,5.145918783911866e-07,5.709400911569994e-07,6.267442248050357e-07,6.827221685753331e-07,7.396224640774671e-07,7.975380135595079e-07,8.559549463689232e-07,9.139393068518846e-07,9.703052439052994e-07,1.023752255220443e-06,1.0729745732814323e-06,1.1167484761308288e-06,1.1540020256922897e-06,1.1838701476585895e-06,1.2057365168016966e-06,1.2192625556155845e-06,1.224402926569474e-06,1.2214061752548042e-06,1.210798628079638e-06,1.19334917583528e-06,1.1700121840598087e-06,1.1418453823558941e-06,1.1098992892750365e-06,1.075074903598197e-06,1.037948354522537e-06,9.985730012525948e-07,9.563074688545407e-07,9.100053538277127e-07,8.596128298947023e-07,8.26381288775603e-07,7.620039343377867e-07,6.969624220943755e-07,6.403898271045466e-07,5.915278438250131e-07,5.488879157239382e-07,5.1118885235249e-07,4.774557354428556e-07,4.469667463539461e-07,4.1918837884997313e-07,3.9372224556980997e-07,3.702655130729991e-07,3.4858252779376963e-07,3.2848482718211656e-07,3.098171796447196e-07,2.9244789238198457e-07,2.7626209742572855e-07,2.6115710795235136e-07,2.470392087590075e-07,2.3382144161811938e-07,2.2142208526006037e-07,2.0976362830554106e-07,1.987721035935931e-07,1.8837670414098337e-07,1.7850964087843227e-07,1.6910623658087615e-07,1.6010528339556363e-07,1.5144972811389273e-07,1.4308779447062515e-07,1.3497471198884075e-07,1.2707530101164665e-07,1.1936777556001897e-07,1.1184927023509315e-07,1.0454377654769502e-07,9.751333221656362e-08,9.087327172609104e-08,8.481097725426905e-08,7.960259048017436e-08,7.558085266765461e-08,7.290405436674062e-08,6.852927933603377e-08,7.147781734133996e-08,7.552390618769473e-08,7.8581706456354e-08,8.05960909906874e-08,8.171476492439644e-08,8.20963101834417e-08,8.18715848501793e-08,8.11429607512629e-08,7.998966163082133e-08,7.847345846527171e-08,7.66433533581262e-08,7.453915836875693e-08,7.219414314281548e-08,6.963695907972078e-08,6.689301543406018e-08,6.398543889485193e-08,6.093570689977115e-08,5.776400872821011e-08,5.448935573759263e-08,5.112943003586353e-08,4.770012591721553e-08,4.4214696921322215e-08,4.068237050217353e-08,3.7106236149245376e-08,3.348017035924324e-08,2.9784727207549678e-08,2.5982587620094433e-08,2.2021696367204452e-08,1.786996014887762e-08,1.4091303270936e-08,4.377725388301059e-07,4.5810722422158367e-07,4.78396713859096e-07,4.985470427704189e-07,5.184645672957844e-07,5.38056563332966e-07,5.572281928679489e-07,5.758813290684956e-07,5.93915224920047e-07,6.112284957323212e-07,6.27721891076908e-07,6.43301439383494e-07,6.578816460561101e-07,6.713885013615665e-07,6.837621109736468e-07,6.94958806216916e-07,7.049526283204063e-07,7.137361156765071e-07,7.213203586798681e-07,7.277343258109796e-07,7.330235095694607e-07,7.372479938294895e-07,7.404801075468887e-07,7.428019063064957e-07,7.443028160575481e-07,7.450778843829957e-07,7.452272061936993e-07,7.448571806238523e-07,7.440840759282691e-07,7.430391785932219e-07,7.41864327160457e-07,7.178147508664474e-07,6.938410583518127e-07,6.700508288988882e-07,6.465314770663311e-07,6.233490309644218e-07,6.005525629637227e-07,5.781782360937372e-07,5.562523689752939e-07,5.34793645684059e-07,5.1381469657667e-07,4.933232390825172e-07,4.733229164785624e-07,4.538139306124699e-07,4.347935339636821e-07,4.162564252154002e-07,3.981950780612507e-07,3.8060002324238683e-07,3.634600972827091e-07,3.467626670142484e-07,3.3049383604310755e-07,3.146386373082943e-07,2.991812144966056e-07,2.841049940610712e-07,2.6939284877654976e-07,2.550272530156722e-07,2.4099042911570635e-07,2.2726448319761048e-07,2.138315274278606e-07,2.0067378375659126e-07,1.8777366132730953e-07,1.75113795555743e-07,1.6267703073249718e-07,1.5044631901990142e-07,1.3840449585240353e-07,1.2653387410971812e-07,1.1481557805679706e-07,1.0322852173125669e-07,9.17479759740255e-08,8.034393859443467e-08,6.898177115344159e-08,6.786195485155158e-08,6.67399606420544e-08,6.559713541732773e-08,6.441804739504639e-08,6.319124256271488e-08,6.190853041330899e-08,6.056425049739665e-08,5.915468816732154e-08,5.7677640381347765e-08,5.613209812473234e-08,5.451801340973349e-08,5.283612588800464e-08,5.108783090617863e-08,4.9275076106791843e-08,4.740027750959894e-08,4.546624873474118e-08,4.3476138972239024e-08,4.1433376721803624e-08,3.9341617425554266e-08,3.720469405865225e-08,3.5026570677797493e-08,3.28113000093622e-08,3.05629875688437e-08,2.8285766764647195e-08,2.5983792204331554e-08,2.3661262109740305e-08,2.1322484703051203e-08,1.8972002297966818e-08,1.661475915565521e-08,1.4256035012264916e-08,3.957066314993839e-07,4.175948688733782e-07,4.3859059285967813e-07,4.591348450251439e-07,4.79237283023384e-07,4.988453251292899e-07,5.178824931202335e-07,5.362640173468185e-07,5.539022169226158e-07,5.707099337164635e-07,5.866033565721357e-07,6.015046408903394e-07,6.153443333024083e-07,6.280635191551772e-07,6.396155856937912e-07,6.499674938195263e-07,6.59100457942053e-07,6.670099409640125e-07,6.737048769648598e-07,6.792060355522009e-07,6.835434367989672e-07,6.867527114991415e-07,6.888702753716139e-07,6.899271474449229e-07,6.89941195015934e-07,6.88907587340881e-07,6.867873148835666e-07,6.834954934748293e-07,6.788935283688779e-07,6.728651204133795e-07,6.65693293090491e-07,6.447999659068028e-07,6.222461976825042e-07,5.994167678071472e-07,5.766391786523948e-07,5.541079517900314e-07,5.319437079280924e-07,5.102289659494391e-07,4.890208225272686e-07,4.6835835184792164e-07,4.4826716889527145e-07,4.2876252910015603e-07,4.0985151585283287e-07,3.915346341387391e-07,3.738070033115665e-07,3.566592750365474e-07,3.4007836076082044e-07,3.2404802626115464e-07,3.0854939326746274e-07,2.935613768039854e-07,2.790610798444144e-07,2.6502416297731867e-07,2.5142520534021803e-07,2.3823807378308005e-07,2.2543632004554457e-07,2.1299363093963262e-07,2.0088436467454486e-07,1.890842184130734e-07,1.7757108911616985e-07,1.6632621320149821e-07,1.5533570223166474e-07,1.445926325044489e-07,1.3409989432372845e-07,1.2387405115599355e-07,1.1395045842361033e-07,1.043897060073495e-07,9.528452312700409e-08,8.67625425318577e-08,7.896162243989791e-08,7.187102877336267e-08,6.400172164799075e-08,6.423145433082025e-08,6.482754239972652e-08,6.505799394370966e-08,6.492253298408861e-08,6.44750608461693e-08,6.376881228985621e-08,6.28451939876643e-08,6.173496703339965e-08,6.046076608094755e-08,5.903943097844406e-08,5.74838146749645e-08,5.580411630004897e-08,5.400884210304145e-08,5.21054913812906e-08,5.0101044052787696e-08,4.8002306784384756e-08,4.581615858763526e-08,4.354972454494831e-08,4.121049722324341e-08,3.880641846880531e-08,3.6345929037040844e-08,3.383798924457971e-08,3.1292070097371323e-08,2.8718109316354042e-08,2.612642224908762e-08,2.3527514571075845e-08,2.0931836846849822e-08,1.834825127083829e-08,1.5787204676617614e-08,1.318644901581461e-08,3.549873646066279e-07,3.7772321600405913e-07,3.9924619093516067e-07,4.2005897394809425e-07,4.4027057839854503e-07,4.598491947995267e-07,4.787285039348755e-07,4.968316126439234e-07,5.140797223342302e-07,5.303959232304142e-07,5.45707726558988e-07,5.59949114977332e-07,5.730622924139299e-07,5.849991192389388e-07,5.957221651247951e-07,6.05205293961135e-07,6.134336878094554e-07,6.204032108870032e-07,6.261190062007881e-07,6.305932043993153e-07,6.33841605003371e-07,6.358791632763287e-07,6.367140810918473e-07,6.36340254972574e-07,6.347277768196236e-07,6.318110669761117e-07,6.274742801290364e-07,6.215336089548503e-07,6.137312231053863e-07,6.037930495192709e-07,5.924171920756603e-07,5.734293742985861e-07,5.523879747203797e-07,5.306036849308891e-07,5.0870737455032e-07,4.869851892864443e-07,4.656120230278499e-07,4.4470441189819196e-07,4.2434352077841095e-07,4.045856101276777e-07,3.854682854023802e-07,3.670146609125535e-07,3.4923634737812594e-07,3.321356767441529e-07,3.157074042797199e-07,2.99940042141813e-07,2.848169301049823e-07,2.703171181604262e-07,2.5641611517020916e-07,2.430865442857514e-07,2.3029873748060775e-07,2.1802129712739196e-07,2.0622165137946362e-07,1.9486663188891423e-07,1.8392310711422257e-07,1.733587124434974e-07,1.6314273014349045e-07,1.5324718851422975e-07,1.4364827146436071e-07,1.3432815771837936e-07,1.2527744295924015e-07,1.1649833791061171e-07,1.080088703366813e-07,9.984834151499126e-08,9.20842366780276e-08,8.482048889594662e-08,7.820567456047556e-08,7.243342242736819e-08,6.769779065675598e-08,6.38903498523574e-08,5.901916061076523e-08,6.04256234794534e-08,6.217337242134055e-08,6.346502217375877e-08,6.421369379116879e-08,6.44848911117966e-08,6.435361874010258e-08,6.388337009570981e-08,6.312391086644568e-08,6.211349739304308e-08,6.088153378421761e-08,5.9450906304421554e-08,5.783985266340911e-08,5.6063405885957894e-08,5.4134489711282174e-08,5.206474236777342e-08,4.986513388874258e-08,4.754642837356057e-08,4.511952978773623e-08,4.259573887320317e-08,3.99869393937313e-08,3.730572366815943e-08,3.456545899060241e-08,3.1780285285248846e-08,2.8965014359112114e-08,2.6134847131639888e-08,2.3304725919967157e-08,2.0487605835759158e-08,1.7691409118779864e-08,1.4904006273306024e-08,1.2133273421260775e-08,3.156140341844542e-07,3.387764093280886e-07,3.6055628367793183e-07,3.8150754817306564e-07,4.01741862328935e-07,4.2123505054602065e-07,4.3992185544147764e-07,4.577280591192329e-07,4.7457958432560537e-07,4.90406010236519e-07,5.051424721589678e-07,5.187310674675412e-07,5.311219736217895e-07,5.422742729202961e-07,5.521564218170394e-07,5.607462876518545e-07,5.680306682981262e-07,5.740042030959553e-07,5.786675748738652e-07,5.820248932033468e-07,5.840801399108323e-07,5.848325522581555e-07,5.842708200535776e-07,5.823659792298126e-07,5.790628709994124e-07,5.742699882323279e-07,5.678473459093046e-07,5.595943349974242e-07,5.49248223056437e-07,5.366148246525315e-07,5.220236792756108e-07,5.044442048178298e-07,4.84561492739531e-07,4.638145448176765e-07,4.4286234334549485e-07,4.2205008884717006e-07,4.0158094314691655e-07,3.81592067996382e-07,3.6218051846194573e-07,3.434152084439069e-07,3.253434960371619e-07,3.079955930518592e-07,2.913878121812661e-07,2.755250798135994e-07,2.6040293186370173e-07,2.4600913028999855e-07,2.3232499749560636e-07,2.193265411151591e-07,2.0698542501529122e-07,1.9526983106827945e-07,1.8414524917001753e-07,1.7357522935912445e-07,1.6352212932429823e-07,1.5394789284735403e-07,1.4481489978488367e-07,1.360869361382914e-07,1.2773034374082951e-07,1.1971542313287333e-07,1.1201817995937193e-07,1.0462252353917424e-07,9.752304364261842e-08,9.072850282266313e-08,8.426617806923305e-08,7.81871497320238e-08,7.257251287522569e-08,6.7540049865786e-08,6.324903731078992e-08,5.989243555093696e-08,5.76267543625947e-08,5.62351826041511e-08,5.403913404431969e-08,5.639126015746304e-08,5.894221515135847e-08,6.101960359996338e-08,6.249680901507581e-08,6.341092167428681e-08,6.383158874701756e-08,6.382505317988648e-08,6.344730973248213e-08,6.274394564573008e-08,6.175170567014066e-08,6.050031989877926e-08,5.901419337663147e-08,5.731384443738093e-08,5.5417081629769355e-08,5.3339945487910385e-08,5.10974523696487e-08,4.8704177228942184e-08,4.6174706945001434e-08,4.3523988680158426e-08,4.0767589891682254e-08,3.7921878066493186e-08,3.5004117474796e-08,3.203246301534844e-08,2.9025794874201822e-08,2.6003260004414654e-08,2.298316372555635e-08,1.998062731829409e-08,1.7001891623522238e-08,1.4042042407584142e-08,1.1095879799810354e-08,2.775863873033577e-07,3.009006938338794e-07,3.2274688862571186e-07,3.43701767936115e-07,3.638680317764461e-07,3.8321121521814557e-07,4.0166097507710843e-07,4.191410618767948e-07,4.355783466382846e-07,4.5090547581792154e-07,4.6506198157382723e-07,4.779949820044748e-07,4.896596869604678e-07,5.000196803450332e-07,5.090469060228329e-07,5.167212808076259e-07,5.230298597030095e-07,5.27965478935895e-07,5.315248026689791e-07,5.337057030686788e-07,5.345039155121803e-07,5.33908936995175e-07,5.3189918090368e-07,5.284364602501656e-07,5.234599236458827e-07,5.168795491564007e-07,5.085695221549302e-07,4.9836284084798e-07,4.860610805077964e-07,4.7147633970037284e-07,4.544980720632464e-07,4.3802170463077515e-07,4.1907512772758936e-07,3.9925823038061354e-07,3.792456986665512e-07,3.5938256123407137e-07,3.39878896874344e-07,3.208783234371995e-07,3.0248510214644503e-07,2.84775265800345e-07,2.67802583404118e-07,2.516025245992508e-07,2.361953021690844e-07,2.2158835097148004e-07,2.07778398192809e-07,1.9475321478313612e-07,1.8249311455550304e-07,1.7097225530080882e-07,1.601597880881115e-07,1.5002089505321165e-07,1.4051775219921668e-07,1.3161045202126082e-07,1.2325792109314491e-07,1.1541887005576322e-07,1.0805281762718913e-07,1.011212361210242e-07,9.458887310738345e-08,8.842531144986603e-08,8.260683643408917e-08,7.711868137829497e-08,7.195771772016285e-08,6.713563600658024e-08,6.26826219173554e-08,5.865144950462483e-08,5.512173068145903e-08,5.2203486275943446e-08,5.003695621411479e-08,4.877660774386162e-08,4.851541035543222e-08,4.903379576196247e-08,4.9068452466633744e-08,5.213284614818212e-08,5.527272699944818e-08,5.794224924216688e-08,6.000862387643927e-08,6.148112621398781e-08,6.241076707812152e-08,6.285507820378555e-08,6.286726635588387e-08,6.249362526951569e-08,6.177353025870337e-08,6.074030273286623e-08,5.942232283063841e-08,5.7844145284429926e-08,5.602751600541985e-08,5.399225289812457e-08,5.175698637327505e-08,4.933976953372311e-08,4.675857276395358e-08,4.403167669429799e-08,4.117797343032795e-08,3.821717913026019e-08,3.516995019869066e-08,3.205787566431636e-08,2.8903278968636445e-08,2.5728672545779336e-08,2.2555557881022756e-08,1.940186249971222e-08,1.627788966850585e-08,1.3179680198108706e-08,1.00734061051223e-08,2.4090471502423377e-07,2.641929824182877e-07,2.859760018224274e-07,3.0682886676067774e-07,3.268428238065019e-07,3.459713526552829e-07,3.6413545068762224e-07,3.812540695182479e-07,3.9725223337597674e-07,4.1206295774233436e-07,4.256275938689072e-07,4.3789586430876056e-07,4.4882580230023146e-07,4.583835571341958e-07,4.6654298437231573e-07,4.732849464344008e-07,4.785962612480363e-07,4.824682476649981e-07,4.848948288366242e-07,4.85870174060895e-07,4.85385892149485e-07,4.834278414442537e-07,4.799726961468544e-07,4.749844985738958e-07,4.6841149894206176e-07,4.6018360772022676e-07,4.5021061710841346e-07,4.383814020304534e-07,4.245586429714982e-07,4.085368049283291e-07,3.898254622817436e-07,3.7424130618580204e-07,3.5608121425571655e-07,3.370972470925247e-07,3.179796651037882e-07,2.9906162809441745e-07,2.805431909052597e-07,2.6256382458247877e-07,2.452272537769906e-07,2.286111988243116e-07,2.127720933147066e-07,1.9774820658067683e-07,1.8356216318963556e-07,1.70223144061038e-07,1.577288463071812e-07,1.460672323446539e-07,1.352180927314424e-07,1.2515444921584083e-07,1.1584382649486099e-07,1.0724942223896081e-07,9.933120559126075e-08,9.20469751958624e-08,8.535340921217864e-08,7.920714183896771e-08,7.356590346704873e-08,6.838976427779526e-08,6.364252307516097e-08,5.929328296195177e-08,5.5318250908603845e-08,5.17027860574455e-08,4.844369745899169e-08,4.555175070526457e-08,4.305427793223549e-08,4.099768047912824e-08,3.9449398150883646e-08,3.849829409533436e-08,3.8250292004199406e-08,3.880927425079119e-08,4.021658235274307e-08,4.227997604380377e-08,4.4114560508508044e-08,4.7702116836752836e-08,5.1280778717711275e-08,5.4406455579956835e-08,5.6949595811540107e-08,5.889870557448307e-08,6.028475793431704e-08,6.115162396976249e-08,6.154459981523766e-08,6.150616411758115e-08,6.107464073872708e-08,6.028407787872495e-08,5.916467095518986e-08,5.774341411972698e-08,5.60448184896143e-08,5.409161178031519e-08,5.190537721318966e-08,4.950711403911406e-08,4.6917714856971805e-08,4.4158360232038257e-08,4.125083137994385e-08,3.821773789377365e-08,3.508264891293347e-08,3.1870099431359915e-08,2.8605409452948157e-08,2.5314189802007377e-08,2.202126462333578e-08,1.874856342545184e-08,1.5510635334433292e-08,1.230296675824124e-08,9.064931667294935e-09,2.0556981461263748e-07,2.2871989549934666e-07,2.503540880167219e-07,2.710280830348265e-07,2.908215371325076e-07,3.096778218811944e-07,3.275097516759268e-07,3.442305794274733e-07,3.5976203072078294e-07,3.7403575868419594e-07,3.8699315929154336e-07,3.9858487790360434e-07,4.0877027738870345e-07,4.175168480929562e-07,4.2479948838163074e-07,4.305995921577003e-07,4.3490389838300237e-07,4.3770307727276107e-07,4.389900505956593e-07,4.387580746825324e-07,4.369986602711231e-07,4.3369946787771555e-07,4.2884240091354207e-07,4.224022075400078e-07,4.143459544393896e-07,4.0463360518881946e-07,3.932192155972017e-07,3.8004863268556727e-07,3.650356915788436e-07,3.4795003836736954e-07,3.279914062634491e-07,3.131504671531795e-07,2.9566865561006007e-07,2.7743525096478715e-07,2.591576105686783e-07,2.4115548620780927e-07,2.2361350985321597e-07,2.0666037540251075e-07,1.903937217703192e-07,1.748884354132776e-07,1.6020012039773732e-07,1.4636725700810183e-07,1.3341306242262893e-07,1.2134727660013883e-07,1.1016788825054705e-07,9.986277673193474e-08,9.04112522532505e-08,8.178549031675369e-08,7.395186758369815e-08,6.687221414263312e-08,6.050500234271045e-08,5.480649587668425e-08,4.9731885289214594e-08,4.523643779414516e-08,4.1276690080978375e-08,3.781171214306181e-08,3.480446705676329e-08,3.222328448891911e-08,3.0043452250182555e-08,2.8248907551384545e-08,2.6833974466216972e-08,2.5805043007994547e-08,2.518201320017912e-08,2.4999218437292182e-08,2.5305330722040848e-08,2.616121119465166e-08,2.7633169135118475e-08,2.9775492603083943e-08,3.258759894494308e-08,3.5911374544764975e-08,3.9185039576051694e-08,4.315575120548876e-08,4.706480608514044e-08,5.054646151383197e-08,5.347703613235096e-08,5.582982095278953e-08,5.7618115320309824e-08,5.887143044954024e-08,5.96249746106387e-08,5.991483363827184e-08,5.977577659794752e-08,5.9240364947972074e-08,5.833875359433336e-08,5.709886921272064e-08,5.5546783902092797e-08,5.370717398150928e-08,5.1603797516208204e-08,4.9259951962997694e-08,4.669889038544837e-08,4.394418416262474e-08,4.102002409757742e-08,3.795145148870517e-08,3.4764506102378115e-08,3.1486267216818985e-08,2.8144742234507777e-08,2.4768507604724866e-08,2.1385891262115406e-08,1.802305833296723e-08,1.469880545199626e-08,1.1408301560786628e-08,8.069558734907864e-09,1.7158292916388046e-07,1.9452704197003324e-07,2.1595813003976436e-07,2.364005807297782e-07,2.559226893444139e-07,2.7446036314204926e-07,2.919200848367538e-07,3.0821002556445345e-07,3.2324833510142937e-07,3.369645589029264e-07,3.492991990627839e-07,3.602028826909132e-07,3.6963548646641197e-07,3.7756524789289346e-07,3.839678218363725e-07,3.888252414510857e-07,3.921247610931848e-07,3.938575822159236e-07,3.9401749142304667e-07,3.9259947655879633e-07,3.8959843603189856e-07,3.8500816057828615e-07,3.788208409903234e-07,3.7102741861259473e-07,3.6161907194971033e-07,3.5058977756293535e-07,3.379382660713995e-07,3.236617983229869e-07,3.077143209409236e-07,2.8983820835915824e-07,2.6898218937714387e-07,2.5477683211074533e-07,2.3789185806217075e-07,2.2033945097531634e-07,2.0284549422918544e-07,1.8571835277690794e-07,1.6912654521226664e-07,1.5318538046108046e-07,1.379830778071141e-07,1.2358845169888668e-07,1.100534121969153e-07,9.741428051615375e-08,8.569300747236687e-08,7.489851178655167e-08,6.502811684355195e-08,5.606902295240247e-08,4.7999763272459794e-08,4.079161200928812e-08,3.440993126907606e-08,2.881545604985921e-08,2.3965525823914816e-08,1.9815276999579383e-08,1.6318813964429112e-08,1.3430377735388762e-08,1.1105530392533856e-08,9.302369945704973e-09,7.982783123662163e-09,7.1137313714368285e-09,6.668546266604859e-09,6.628182545390294e-09,6.982337918022564e-09,7.730296835744187e-09,8.881286610242353e-09,1.0454035659893672e-08,1.247505231451917e-08,1.4974787860739798e-08,1.7980132250714134e-08,2.1500344035063433e-08,2.5501329978235158e-08,2.986007953607662e-08,3.4287350461926546e-08,3.854177807863441e-08,4.270311270801179e-08,4.646568228988042e-08,4.971256279439216e-08,5.2406248363423575e-08,5.4545524412485337e-08,5.6146709649325786e-08,5.7234617478927665e-08,5.7837827174569585e-08,5.798610412012879e-08,5.770901302027522e-08,5.7035246221039144e-08,5.5992396213510017e-08,5.460700205862024e-08,5.29047564976307e-08,5.091079784166018e-08,4.8650036491385704e-08,4.614748347688777e-08,4.34285596747796e-08,4.0519370832761646e-08,3.744693631071299e-08,3.4239359048113204e-08,3.092592000488358e-08,2.7537066960371244e-08,2.4104225206470082e-08,2.0659196361951845e-08,1.7232317057296088e-08,1.3846459119585264e-08,1.0497055616431475e-08,7.086457409508035e-09,1.3894568442752982e-07,1.616459434261571e-07,1.8284193903111677e-07,2.0301931999657285e-07,2.222351320970887e-07,2.4042001679942926e-07,2.57476184737317e-07,2.733080092172143e-07,2.878306216916456e-07,3.0097152858919677e-07,3.126701538399272e-07,3.2287684629888096e-07,3.3155179051481133e-07,3.386639163489681e-07,3.4418981079237186e-07,3.481126231305731e-07,3.504209674031733e-07,3.511078478761256e-07,3.501696613483753e-07,3.476053659900701e-07,3.4341595167875637e-07,3.3760440055549e-07,3.301763797507643e-07,3.211419279676211e-07,3.1051827612828615e-07,2.9833331681116905e-07,2.8462695116242225e-07,2.6943996711510044e-07,2.527561851873527e-07,2.3428983507972544e-07,2.1278489871734094e-07,1.9913513980247713e-07,1.8278368142377663e-07,1.6585312176975806e-07,1.4908898437211538e-07,1.327912133792447e-07,1.1711365333112292e-07,1.021578749592169e-07,8.80011729120747e-08,7.470426160254632e-08,6.231323760985837e-08,5.086028610723413e-08,4.036437813861241e-08,3.0832208896366715e-08,2.2259349256771225e-08,1.463152747098322e-08,7.925966746241299e-09,2.112726824929023e-09,-2.843981238773347e-09,-6.984521563194742e-09,-1.0352604102435347e-08,-1.2994094949393786e-08,-1.495585771132189e-08,-1.6284616443801324e-08,-1.7025832779574458e-08,-1.722259552189466e-08,-1.6914530824918348e-08,-1.613675619245184e-08,-1.4918923111857e-08,-1.3284422414577947e-08,-1.1249864431799964e-08,-8.824993640314044e-09,-6.013256845659253e-09,-2.8133210340764617e-09,7.780564392788403e-10,4.76126888651941e-09,9.126607329617712e-09,1.3844361544191437e-08,1.8854681962625595e-08,2.4069244018991396e-08,2.9428698245104787e-08,3.389767155346982e-08,3.825538752224117e-08,4.224258724986893e-08,4.574941385147539e-08,4.873111130333141e-08,5.117509455544446e-08,5.308635680539204e-08,5.448000761356106e-08,5.537698364245142e-08,5.580141580243008e-08,5.5778991433113046e-08,5.533597066582843e-08,5.449865027882969e-08,5.329313445123338e-08,5.174531134611948e-08,4.988096202009916e-08,4.772594878209034e-08,4.530644551386579e-08,4.26491835380666e-08,3.978169421443831e-08,3.6732534399037684e-08,3.3531483783649633e-08,3.020970300324708e-08,2.6799831308452065e-08,2.33359512894228e-08,1.9853143278352283e-08,1.638561882152647e-08,1.2959987207278548e-08,9.572471130298555e-09,6.114889277249047e-09,1.0766003158123383e-07,1.3009873177682928e-07,1.5104341178768529e-07,1.7093687901369237e-07,1.8982484991412206e-07,2.076341907239705e-07,2.242645884302988e-07,2.39618064797376e-07,2.5360774844670335e-07,2.661597618675927e-07,2.7721287377139626e-07,2.867174703135826e-07,2.9463435417365865e-07,3.0093353313439484e-07,3.0559305135509117e-07,3.085978907665494e-07,3.0993897375916086e-07,3.0961231437912936e-07,3.076183887953392e-07,3.0396182595556485e-07,2.9865155532043714e-07,2.917015864065048e-07,2.831326207095937e-07,2.7297466662513464e-07,2.6127060399679195e-07,2.480797974596267e-07,2.334780648478139e-07,2.1754155866734916e-07,2.0027529609067104e-07,1.8136551938966188e-07,1.5938741928842868e-07,1.462317190100585e-07,1.3036303102312908e-07,1.1400355505271031e-07,9.791917381576713e-08,8.240440563177804e-08,6.76006454627108e-08,5.359655583774367e-08,4.0458169444067116e-08,2.823702185022894e-08,1.6971948703657204e-08,6.6894498304783025e-09,-2.5959664340323646e-09,-1.0881148331286109e-08,-1.817338817990553e-08,-2.448931881204469e-08,-2.985370369700222e-08,-3.429818495017209e-08,-3.7860031896976627e-08,-4.0580915302421296e-08,-4.2505719630435184e-08,-4.368139744091462e-08,-4.415586578176104e-08,-4.397694387166673e-08,-4.3191334445842846e-08,-4.1843658074295686e-08,-3.997556102040902e-08,-3.762493340178947e-08,-3.482529618673875e-08,-3.1605443410467934e-08,-2.7989460152348684e-08,-2.3997277211679683e-08,-1.964596953935681e-08,-1.495205406579185e-08,-9.935074493669024e-09,-4.622693479100587e-09,9.429531340846909e-10,6.699718366911456e-09,1.2568979053864026e-08,1.8496057269392222e-08,2.4615958956858534e-08,2.9251870829836667e-08,3.376617283238433e-08,3.793595814564437e-08,4.165841724514244e-08,4.488429070619653e-08,4.759242847696959e-08,4.977853160033893e-08,5.144917362058556e-08,5.261810597823123e-08,5.3303776148959797e-08,5.352761961626365e-08,5.331290280404612e-08,5.2683975637139803e-08,5.166583004757641e-08,5.028388368407911e-08,4.856392546097597e-08,4.65321739416938e-08,4.421541142993715e-08,4.164116618658635e-08,3.883792268631801e-08,3.583534571333724e-08,3.2664508512186e-08,2.9358116275226668e-08,2.5950703837016194e-08,2.247872235483839e-08,1.8980185956513188e-08,1.5492723334795625e-08,1.2046237654400855e-08,8.638173630224895e-09,5.1542192779321396e-09,7.772819864079111e-08,9.990124958967278e-08,1.205894447351922e-07,1.4019109154062092e-07,1.5874035131337562e-07,1.7616114169665677e-07,1.9235192317031039e-07,2.0721372515507175e-07,2.2065889656417417e-07,2.3261321204973457e-07,2.4301566045229743e-07,2.518174346830477e-07,2.58980677632305e-07,2.6447720167669267e-07,2.682872817393156e-07,2.7039858417639634e-07,2.7080528753345016e-07,2.695074593272785e-07,2.6651076929350343e-07,2.618266411880832e-07,2.554729692835027e-07,2.4747554551383166e-07,2.3787034063698467e-07,2.2670670491017973e-07,2.1405124287223172e-07,1.9999109808399578e-07,1.846322293220902e-07,1.6807867280361659e-07,1.50349798353997e-07,1.3110488042149034e-07,1.0877840163701773e-07,9.60676306406646e-08,8.063986147102712e-08,6.480747037179029e-08,4.9357056751744687e-08,3.458038477270461e-08,2.0608767900560484e-08,7.519298489561388e-09,-4.632935397297386e-09,-1.5806028272198268e-08,-2.596933920086316e-08,-3.510322968702084e-08,-4.319889561472663e-08,-5.025791815429188e-08,-5.629152002820966e-08,-6.131960536910275e-08,-6.536966834731036e-08,-6.847563920058527e-08,-7.067671635401996e-08,-7.201621619766922e-08,-7.254045936071159e-08,-7.229770407016028e-08,-7.13371331242082e-08,-6.970790088423477e-08,-6.745825038709934e-08,-6.463471826406757e-08,-6.128145681989092e-08,-5.743971861875405e-08,-5.3147569415728e-08,-4.843992022164671e-08,-4.33489982643152e-08,-3.790540838069343e-08,-3.213996730197633e-08,-2.608651090803943e-08,-1.9785835678118242e-08,-1.3290697811155342e-08,-6.670911030887877e-09,-1.470156067471968e-11,6.586493713539134e-09,1.3110086172807795e-08,1.985563931793265e-08,2.4625860254883368e-08,2.926844080603767e-08,3.358946365921967e-08,3.749290812625176e-08,4.092702687173417e-08,4.386444026037498e-08,4.629349019914858e-08,4.8213558561815205e-08,4.9631999641509714e-08,5.056191553263105e-08,5.102049525468474e-08,5.102778808945406e-08,5.0605827542445926e-08,4.977803888542047e-08,4.856887265046522e-08,4.700361474501356e-08,4.5108332121081695e-08,4.2909920915424226e-08,4.0436231298062486e-08,3.771624974720149e-08,3.478032506923814e-08,3.166042868582397e-08,2.839043937471146e-08,2.5006425249144374e-08,2.154681863182499e-08,1.80521077961126e-08,1.4562790148412779e-08,1.1111591141807115e-08,7.697549143558061e-09,4.203920864218502e-09,4.915265118526049e-08,7.106502947184396e-08,9.149915224406403e-08,1.1080889910050914e-07,1.2901656277079675e-07,1.460434226049793e-07,1.6178759592544563e-07,1.7615031935639596e-07,1.8904446374796688e-07,2.0039673381588747e-07,2.1014753829984564e-07,2.1824998804778213e-07,2.2466860012609638e-07,2.2937796726838868e-07,2.3236153070841938e-07,2.3361054762553752e-07,2.3312332895244259e-07,2.309048230954715e-07,2.2696662930627518e-07,2.2132753682341536e-07,2.140146977609454e-07,2.050655442271818e-07,1.9453053180527862e-07,1.824766733947396e-07,1.6899144913521017e-07,1.541855360839524e-07,1.381893906864702e-07,1.211285110377539e-07,1.0303151282811489e-07,8.353240631396654e-08,6.094722231327375e-08,4.864080970896612e-08,3.361859715718726e-08,1.8274867560827063e-08,3.4170238623197413e-09,-1.0663673193456843e-08,-2.3843793292261332e-08,-3.60563685056199e-08,-4.72566548749759e-08,-5.741248058206356e-08,-6.650199982768402e-08,-7.451333356523727e-08,-8.144441554518993e-08,-8.730261015588334e-08,-9.21040584783505e-08,-9.5872815561027e-08,-9.86398570966929e-08,-1.0044202184207364e-07,-1.0132093889302293e-07,-1.0132197338873794e-07,-1.004932124688644e-07,-9.888450575393442e-08,-9.654657114900697e-08,-9.353017717562414e-08,-8.988541716602744e-08,-8.566109843822302e-08,-8.090428099397211e-08,-7.566001530263647e-08,-6.997134717743334e-08,-6.387967915726628e-08,-5.742560114179418e-08,-5.0650325842169345e-08,-4.3597880247731375e-08,-3.631819288324396e-08,-2.8871117307369584e-08,-2.1331060774631675e-08,-1.379069021640853e-08,-6.358506867345625e-09,8.660954898528328e-10,7.89061286926505e-09,1.515385481715559e-08,2.003596651974253e-08,2.478657057852449e-08,2.923536643900973e-08,3.3292696183110466e-08,3.690571891013225e-08,4.004267208656556e-08,4.268624690220658e-08,4.482998317678605e-08,4.647578511034394e-08,4.7631988784728964e-08,4.831181233049079e-08,4.853212840291072e-08,4.8312522044098306e-08,4.76745991556554e-08,4.664151018975511e-08,4.523765472183292e-08,4.34885356141637e-08,4.142073582844602e-08,3.906199585845672e-08,3.6441374674852195e-08,3.358948148428118e-08,3.0538768293480073e-08,2.732387004157207e-08,2.398195584157301e-08,2.0552967167011523e-08,1.707933045255247e-08,1.36038302946803e-08,1.0161567430654582e-08,6.753513888866365e-09,3.26357741146384e-09,2.1936062341041456e-08,4.3598514873753e-08,6.37858892098174e-08,8.280884130758186e-08,1.0067743169690827e-07,1.173102627804809e-07,1.3260569630766052e-07,1.4646624836880027e-07,1.5880665740517326e-07,1.695560059138795e-07,1.7865755996652836e-07,1.8606771227031713e-07,1.9175461440391845e-07,1.9569678476693954e-07,1.978818569389199e-07,1.9830557975051625e-07,1.9697115731823683e-07,1.9388900979419795e-07,1.89077036452924e-07,1.8256146680559886e-07,1.7437838668605778e-07,1.645760142335653e-07,1.5321775165440676e-07,1.4038588989526572e-07,1.2618541678619424e-07,1.107461509686671e-07,9.421782766445751e-08,7.674207255493792e-08,5.835309047142964e-08,3.866182982449914e-08,1.5883946179141252e-08,3.947526064193797e-09,-1.069948844099533e-08,-2.5588160377163997e-08,-3.989036544369208e-08,-5.3313513497842824e-08,-6.574017642337556e-08,-7.711219725054625e-08,-8.739454942381793e-08,-9.656477317674036e-08,-1.0461024945235503e-07,-1.1152758362425742e-07,-1.1732232622632481e-07,-1.2200854923682885e-07,-1.256082053894058e-07,-1.2815031485112586e-07,-1.2967004528769156e-07,-1.3020774396279987e-07,-1.2980796644596335e-07,-1.2851853323645e-07,-1.2638963552794328e-07,-1.23473005034324e-07,-1.1982116026578342e-07,-1.1548674271353947e-07,-1.1052196088536549e-07,-1.0497816787144069e-07,-9.890560894619947e-08,-9.235338939162215e-08,-8.536972884645672e-08,-7.800258626653344e-08,-7.03007574650824e-08,-6.231556166737862e-08,-5.410323552392409e-08,-4.572811739435018e-08,-3.726655863715683e-08,-2.8811028334244645e-08,-2.047244845010909e-08,-1.237450103772242e-08,-4.620705599793532e-09,2.824169994206654e-09,1.05163184073191e-08,1.5494717014364134e-08,2.0338603346298168e-08,2.4897359776783366e-08,2.9087158879193526e-08,3.285497059590611e-08,3.616605728966483e-08,3.899890700277338e-08,4.134248441721768e-08,4.319424312085096e-08,4.4558470916031734e-08,4.5444873331479584e-08,4.586738333574603e-08,4.584319522581548e-08,4.5392013818180717e-08,4.4535502694338744e-08,4.329691107718595e-08,4.170085795371537e-08,3.977325341470242e-08,3.754133988922547e-08,3.503383915426974e-08,3.228119375763068e-08,2.9315892017057028e-08,2.6172859125860765e-08,2.2889868331178937e-08,1.950783111048257e-08,1.6070529733328638e-08,1.2622455292747024e-08,9.20068470590326e-09,5.808449357102386e-09,2.3328816783886256e-09,-3.918708191852746e-09,1.7507763621941096e-08,3.7458428884343896e-08,5.620252332817174e-08,7.373747355765461e-08,8.997897831735251e-08,1.0482608811579404e-07,1.1818363666062411e-07,1.299696502863026e-07,1.40117189679944e-07,1.485740060684838e-07,1.5530132779570036e-07,1.6027235956662062e-07,1.6347079441824405e-07,1.6488951699677636e-07,1.6452961881238599e-07,1.6239981766779188e-07,1.5851636066947078e-07,1.5290348578245416e-07,1.4559451493526115e-07,1.3663364528866286e-07,1.2607848289200553e-07,1.1400329940324305e-07,1.0050282288613089e-07,8.56959145229353e-08,6.972719444979956e-08,5.276094170776416e-08,3.495050295358128e-08,1.6333114346411943e-08,-3.5007927713857587e-09,-2.6420706058332662e-08,-3.801659380439298e-08,-5.231455962215339e-08,-6.67772936968471e-08,-8.055611076449424e-08,-9.335564766146817e-08,-1.0506298964775106e-07,-1.1562775953474236e-07,-1.250241741562251e-07,-1.3323950787170033e-07,-1.402707673132964e-07,-1.4612368911413544e-07,-1.5081221984748676e-07,-1.5435795860528119e-07,-1.5678946298829948e-07,-1.5814144237183802e-07,-1.5845388860500703e-07,-1.5777119077247464e-07,-1.5614126980414274e-07,-1.5361475811623403e-07,-1.5024424153113387e-07,-1.4608357609918316e-07,-1.4118729116081792e-07,-1.3561009187527937e-07,-1.2940647929358975e-07,-1.226305136478143e-07,-1.153357566208481e-07,-1.0757544060554452e-07,-9.940292680336463e-08,-9.087252846273136e-08,-8.204078867802627e-08,-7.296830967852543e-08,-6.37222218132221e-08,-5.4379326939544726e-08,-4.502977194361089e-08,-3.5780568389473825e-08,-2.6756673695964874e-08,-1.8092575795854206e-08,-9.892954590232473e-09,-2.0974243067070465e-09,5.9483356944422885e-09,1.1011805634872411e-08,1.5937863406353326e-08,2.0592647211289455e-08,2.4897568127694396e-08,2.8799950934035345e-08,3.226313561142024e-08,3.526261139078351e-08,3.7783919925135844e-08,3.982105684132383e-08,4.1375049371464675e-08,4.2452665605060786e-08,4.3065275305216e-08,4.322788419613642e-08,4.295835169474135e-08,4.227679067622913e-08,4.120514038187659e-08,3.976689992971077e-08,3.798700910712965e-08,3.5891864112318764e-08,3.350945759114763e-08,3.086963342071668e-08,2.8004445011852416e-08,2.494859610426766e-08,2.1739910238341472e-08,1.841967580955345e-08,1.5032418022802742e-08,1.1623765635078533e-08,8.232421340048676e-09,4.864196796822125e-09,1.4116344686393595e-09,-2.8408626217317896e-08,-7.203215664984294e-09,1.2521520951448231e-08,3.0995293438458146e-08,4.8202447748742785e-08,6.405551758590813e-08,7.845471333856733e-08,9.130831963384229e-08,1.0253921864963458e-07,1.1208622383475664e-07,1.1990337250069135e-07,1.2595843041617118e-07,1.302311786110576e-07,1.327117823240106e-07,1.3339942075659882e-07,1.3230129570513336e-07,1.2943210577326043e-07,1.2481405752083062e-07,1.1847747802182759e-07,1.1046208854938221e-07,1.0081898894248716e-07,8.961337438345351e-08,7.692793477255207e-08,6.286670506113021e-08,4.755865501717389e-08,3.1158974471830247e-08,1.3842156105590653e-08,-4.230458836131765e-09,-2.302040949035952e-08,-4.295500543314879e-08,-6.597538433647416e-08,-7.725580247948164e-08,-9.122689742622442e-08,-1.0528825303999846e-07,-1.185707900097402e-07,-1.3077530071054683e-07,-1.4179234078627005e-07,-1.515786702318812e-07,-1.6011755739256254e-07,-1.67406202590838e-07,-1.7345170953349948e-07,-1.7826959067918433e-07,-1.8188291367524671e-07,-1.8432153751237358e-07,-1.8562131360311508e-07,-1.8582325346756714e-07,-1.8497269421992684e-07,-1.8311849284927573e-07,-1.8031227267789978e-07,-1.7660773771574127e-07,-1.720600652113521e-07,-1.667253841020527e-07,-1.606603473106323e-07,-1.5392180869095173e-07,-1.4656662072493975e-07,-1.3865157650500587e-07,-1.3023352890187622e-07,-1.213697306800815e-07,-1.1211845113546247e-07,-1.0253993647400804e-07,-9.269779054023098e-08,-8.266085493835889e-08,-7.250565161815434e-08,-6.231938613663887e-08,-5.220331008344634e-08,-4.2275654937506756e-08,-3.267162408092032e-08,-2.3532785011372437e-08,-1.496269643442695e-08,-6.878541235716513e-09,1.4548044483198435e-09,6.594752535987809e-09,1.159407852280237e-08,1.6333409687973533e-08,2.0738774669820726e-08,2.4758152716244858e-08,2.835375452265106e-08,3.149907918238432e-08,3.4177286632901795e-08,3.637987461636998e-08,3.810542571292614e-08,3.935841535332371e-08,4.0148120368298464e-08,4.048766434830366e-08,4.039322162829919e-08,3.988338848480418e-08,3.897872106368527e-08,3.7701434536416695e-08,3.607525603048339e-08,3.4125423837733216e-08,3.187882605119167e-08,2.936427162695028e-08,2.6612883436812744e-08,2.36585906491905e-08,2.0538662138481173e-08,1.7294121704877176e-08,1.3969595306036467e-08,1.0611284907239377e-08,7.259202731144226e-09,3.922062701260629e-09,4.997432600032997e-10,-5.153048620454572e-08,-3.053241166189033e-08,-1.1024044362716641e-08,7.186264613023834e-09,2.406927265200021e-08,3.9534208356867265e-08,5.348312540829129e-08,6.582914073515319e-08,7.650180649037182e-08,8.544768146823548e-08,9.262906260044924e-08,9.802207220990619e-08,1.0161464876924105e-07,1.0340472564281626e-07,1.0339876125707089e-07,1.0161072308101155e-07,9.806159656981129e-08,9.277947561712195e-08,8.580028521220133e-08,7.716918323703269e-08,6.69426787971004e-08,5.519147651268191e-08,4.200398311240346e-08,2.7490226414320924e-08,1.1785445195265885e-08,-4.948756914063874e-09,-2.253175323956838e-08,-4.079753302420433e-08,-5.97077852850083e-08,-7.970462398103636e-08,-1.0278813020073137e-07,-1.1377358958696321e-07,-1.2743576091282124e-07,-1.4111523884556403e-07,-1.5392267289264215e-07,-1.655543254872927e-07,-1.759036877314207e-07,-1.8493449397197552e-07,-1.9263925450691966e-07,-1.9902555002378186e-07,-2.0411119989984924e-07,-2.079221865411417e-07,-2.1049139790736712e-07,-2.118576063369373e-07,-2.1206453191949813e-07,-2.1115996729592034e-07,-2.09194972977985e-07,-2.0622315530554978e-07,-2.0230003494868283e-07,-1.9748250943218092e-07,-1.9182841060745854e-07,-1.853961577567914e-07,-1.7824450901967913e-07,-1.7043241783843806e-07,-1.6201900691220018e-07,-1.5306367948428312e-07,-1.4362639643725363e-07,-1.3376815730526236e-07,-1.2355173338367229e-07,-1.1304271061003029e-07,-1.0231090670287996e-07,-9.143222644318934e-08,-8.049099924126972e-08,-6.958277276234884e-08,-5.881732579342005e-08,-4.8321048498958795e-08,-3.8236024048262204e-08,-2.8707719659732824e-08,-1.983680453722452e-08,-1.152082152683143e-08,-2.9597826294419958e-09,2.2493351726544637e-09,7.3141188947727116e-09,1.212779141485992e-08,1.6620366845389852e-08,2.0740634231965974e-08,2.445030375712069e-08,2.7721759150010608e-08,3.053673446861404e-08,3.288515335817018e-08,3.4763975073719555e-08,3.617606389700453e-08,3.712913170244433e-08,3.763479606030221e-08,3.770778091315129e-08,3.7365273465349725e-08,3.6626441767124724e-08,3.55121123260821e-08,3.404460496204169e-08,3.2247721864164664e-08,3.0146888128473506e-08,2.7769440337647265e-08,2.5145055377008497e-08,2.230629810085976e-08,1.9289229488760555e-08,1.613391658279046e-08,1.2884403635253388e-08,9.586884144229168e-09,6.2823725109281e-09,2.9828120777146825e-09,-4.027786652449858e-10,-7.328090531307618e-08,-5.248001211738529e-08,-3.3181820518213627e-08,-1.5232274336708056e-08,1.3252115081359155e-09,1.6396715302222834e-08,2.988723542100137e-08,4.171652061179105e-08,5.182296365248896e-08,6.016312934625993e-08,6.670972145050867e-08,7.14491230804479e-08,7.437901948586413e-08,7.55063531053912e-08,7.484574163802666e-08,7.24184316389146e-08,6.82518328045404e-08,6.237966800845259e-08,5.48427731127521e-08,4.5690581825656e-08,3.49833264995811e-08,2.2794963021151658e-08,9.216759658193751e-09,-5.63869372489328e-09,-2.1633795117397527e-08,-3.860468699566667e-08,-5.636862609206396e-08,-7.475813953001251e-08,-9.373629904772485e-08,-1.1375696737634264e-07,-1.3686639323014658e-07,-1.475720545090705e-07,-1.6093825839449164e-07,-1.7424934272483612e-07,-1.865957358441685e-07,-1.9766892657680383e-07,-2.0736540192342693e-07,-2.156562795909286e-07,-2.22543966880027e-07,-2.280472067610998e-07,-2.3219534475743134e-07,-2.3502560136534936e-07,-2.3658136456083488e-07,-2.3691088525265307e-07,-2.3606619243757092e-07,-2.3410217612665238e-07,-2.3107582155350796e-07,-2.2704558488272758e-07,-2.2207090025923378e-07,-2.1621180728384767e-07,-2.0952868870084478e-07,-2.0208211054112641e-07,-1.9393276094579704e-07,-1.8514148920004886e-07,-1.757694528430681e-07,-1.6587838796637155e-07,-1.555310257771094e-07,-1.4479168700263472e-07,-1.337270943353482e-07,-1.2240745103965492e-07,-1.1090783917696885e-07,-9.93099891420915e-08,-8.770445174879907e-08,-7.619313307421456e-08,-6.48919386560175e-08,-5.393264386627689e-08,-4.34612353373105e-08,-3.362434289122767e-08,-2.4518347975733297e-08,-1.6023965382337187e-08,-7.291332273832761e-09,-2.0201525383794382e-09,3.1024437448779718e-09,7.9805055423865e-09,1.2547398373347304e-08,1.6752818879378028e-08,2.0558531725393416e-08,2.393661247492307e-08,2.6868275384331612e-08,2.9342766179412442e-08,3.135623641408082e-08,3.291063416873528e-08,3.401266303051235e-08,3.4672850461548896e-08,3.490475163167461e-08,3.472430261913197e-08,3.414932895324705e-08,3.3199211346661207e-08,3.189470916477424e-08,3.025794257428369e-08,2.831253513409958e-08,2.608391821067012e-08,2.3599794370129847e-08,2.0890743329479788e-08,1.7990917455183653e-08,1.4938676223011643e-08,1.1776739193355665e-08,8.550660099305741e-09,5.302123192060031e-09,2.0466361193950766e-09,-1.2958122019927484e-09,-9.36563078524627e-08,-7.304887284910263e-08,-5.396056234197104e-08,-3.6276095004622776e-08,-2.0053718895967425e-08,-5.38984860804748e-09,7.625210419156947e-09,1.8920237522354693e-08,2.8445101074681763e-08,3.6168939320001293e-08,4.207716929513401e-08,4.6168375965113003e-08,4.845152474500425e-08,4.89436879833445e-08,4.766836340100464e-08,4.4654412121932414e-08,3.9935625070130355e-08,3.3550924975563364e-08,2.5545218789956543e-08,1.5970925411972553e-08,4.890208734571152e-09,-7.622066314531115e-09,-2.14746942422741e-08,-3.655601862710651e-08,-5.2730054280001935e-08,-6.983494845619827e-08,-8.768999205041193e-08,-1.0612961779390229e-07,-1.2511964327846004e-07,-1.4512253324354804e-07,-1.6821704415172835e-07,-1.7865119702117384e-07,-1.9172807002560017e-07,-2.0467673782200492e-07,-2.165673801465068e-07,-2.2708701643658207e-07,-2.3613590608628396e-07,-2.4369362987109913e-07,-2.4977367889954184e-07,-2.544071049071742e-07,-2.576357942197241e-07,-2.595090410806226e-07,-2.600813735252237e-07,-2.594109686619349e-07,-2.5755843499514716e-07,-2.545858757804888e-07,-2.5055618753479784e-07,-2.4553255922378607e-07,-2.3957814186303055e-07,-2.3275586179267124e-07,-2.2512835533358573e-07,-2.1675800801349426e-07,-2.0770708773428716e-07,-1.9803796792329858e-07,-1.8781344359082947e-07,-1.770971503164076e-07,-1.6595410341561017e-07,-1.5445138190799046e-07,-1.4265898923619585e-07,-1.3065092945042836e-07,-1.1850654225863106e-07,-1.063121388947697e-07,-9.416296199953551e-08,-8.216542483835051e-08,-7.043937483309211e-08,-5.911949391501777e-08,-4.835304695963966e-08,-3.8285443775357344e-08,-2.9007639418612892e-08,-2.0386323604234217e-08,-1.1536142115525648e-08,-6.210776576119843e-09,-1.0386864579318578e-09,3.893127783141806e-09,8.520752163861114e-09,1.2794909677980483e-08,1.6677985700953295e-08,2.01425523685499e-08,2.31701984446704e-08,2.5750373248382504e-08,2.7879224372499206e-08,2.9558473474445545e-08,3.079437615885903e-08,3.1596798682915136e-08,3.197843081999595e-08,3.195414459428746e-08,3.154050309251305e-08,3.075542148710093e-08,2.9617982822077777e-08,2.814841299477053e-08,2.636822154999396e-08,2.4300515851104967e-08,2.197049335507125e-08,1.940610479425793e-08,1.6638846978211515e-08,1.3704551872225496e-08,1.06437847280882e-08,7.500737785847909e-09,4.317365706129015e-09,1.1130831464461825e-09,-2.179131224485759e-09,-1.1265289954484887e-07,-9.224531138360194e-08,-7.33756528954359e-08,-5.597103336339883e-08,-4.010524673786809e-08,-2.5875781912261375e-08,-1.3365585190681899e-08,-2.633667298347678e-09,6.28450134569427e-09,1.3373512869866169e-08,1.8633914202392334e-08,2.207839018844933e-08,2.372857364346002e-08,2.361258234491532e-08,2.176328613279588e-08,1.821727196443705e-08,1.3014469734365878e-08,6.198412790408024e-09,-2.1828733879947313e-09,-1.2075338697123332e-08,-2.34166982046352e-08,-3.6133507628274323e-08,-5.013752770945192e-08,-6.532153513493333e-08,-8.15552123910222e-08,-9.868315007612288e-08,-1.165311396199189e-07,-1.349393155375971e-07,-1.538780029417987e-07,-1.7381505940959821e-07,-1.9684638597800127e-07,-2.0700802530060332e-07,-2.1979385546660556e-07,-2.3237644280461058e-07,-2.438056374255909e-07,-2.537650043258488e-07,-2.621602229962307e-07,-2.6898118958802847e-07,-2.74254243796326e-07,-2.780242601489909e-07,-2.803468590842605e-07,-2.812842695242256e-07,-2.8090270942140155e-07,-2.792705589735293e-07,-2.7645705524469134e-07,-2.725313820690716e-07,-2.675620761646336e-07,-2.616166879146406e-07,-2.547616451407361e-07,-2.470622768044844e-07,-2.3858296232816e-07,-2.293873810636054e-07,-2.1953884497682167e-07,-2.0910070561860794e-07,-1.981368338002009e-07,-1.8671217716436192e-07,-1.7489340717770833e-07,-1.6274967317372964e-07,-1.5035348706347981e-07,-1.3778176806011365e-07,-1.2511708122703244e-07,-1.1244910342345949e-07,-9.987633480261418e-08,-8.750801215336034e-08,-7.546597849683302e-08,-6.388563926068995e-08,-5.291323294124537e-08,-4.2690858015418557e-08,-3.3303088147875216e-08,-2.4605367058915766e-08,-1.569088886222902e-08,-1.0320956207008413e-08,-5.1092021740566724e-09,-1.35885149575322e-10,4.5371790952946405e-09,8.861955123667079e-09,1.280210649258907e-08,1.6331563935988318e-08,1.9433206851438275e-08,2.209756511792144e-08,2.4321566792537056e-08,2.610737308048638e-08,2.7461331219266532e-08,2.8393062464631186e-08,2.891469242742684e-08,2.9040225349326614e-08,2.878506191484695e-08,2.8165661052283582e-08,2.7199349063173282e-08,2.5904283507944012e-08,2.4299583610519205e-08,2.2405642201885797e-08,2.024463411392887e-08,1.7841227558580496e-08,1.5223476175605626e-08,1.2423786833491334e-08,9.479626403017468e-09,6.4329665736493655e-09,3.3255149801154565e-09,1.8093972146920666e-10,-3.0523999839466436e-09,-1.3026663078103743e-07,-1.1008033228712435e-07,-9.145127398474723e-08,-7.435597274940814e-08,-5.88844674591432e-08,-4.513282000435366e-08,-3.317275901583731e-08,-2.3046965481047865e-08,-1.4772475163600257e-08,-8.346101160750366e-09,-3.749745054951859e-09,-9.54894121340894e-10,7.386623657267735e-11,-6.237023632874497e-10,-3.0051824096153357e-09,-7.026432949275096e-09,-1.2641853947092418e-08,-1.980404574955617e-08,-2.8462892859134653e-08,-3.856406488947517e-08,-5.004689382336799e-08,-6.284156540192968e-08,-7.686557914436858e-08,-9.201955774868637e-08,-1.0818293017770434e-07,-1.2521138723153891e-07,-1.4294214928637953e-07,-1.612255286378149e-07,-1.8003879448506671e-07,-1.99851970035794e-07,-2.227601645649713e-07,-2.326353640270687e-07,-2.4511715422473543e-07,-2.5731742441658203e-07,-2.6826561826154037e-07,-2.7764379449825367e-07,-2.8536575312685834e-07,-2.914344212031632e-07,-2.9589134014675463e-07,-2.9879704585825526e-07,-3.002221927439487e-07,-3.002427465727933e-07,-2.989369897653532e-07,-2.963835321744473e-07,-2.9265999670974745e-07,-2.878422076500436e-07,-2.8200376603600516e-07,-2.752159219822679e-07,-2.675476706203151e-07,-2.5906601303946183e-07,-2.4983633724980115e-07,-2.39922886628709e-07,-2.2938929420787679e-07,-2.182991703395338e-07,-2.067167388379652e-07,-1.9470752286207687e-07,-1.8233908694688926e-07,-1.6968184613049198e-07,-1.568099574988208e-07,-1.4380231393826068e-07,-1.3074366403809345e-07,-1.1772588326106236e-07,-1.0484941018931493e-07,-9.222480767912248e-08,-7.997421970457259e-08,-6.823188965505959e-08,-5.714103110333899e-08,-4.6838598491016e-08,-3.7401972331893804e-08,-2.867810312868222e-08,-1.9752612565866654e-08,-1.4350571766044838e-08,-9.111416325273433e-09,-4.1114437552313975e-09,5.890243316244824e-10,4.9435826245116665e-09,8.917996203782177e-09,1.2488523593125734e-08,1.564029545510169e-08,1.836579536517324e-08,2.0663482688271023e-08,2.253657744030283e-08,2.3992010896869243e-08,2.5039536379105493e-08,2.569099071812289e-08,2.5959696713947102e-08,2.5859999369684695e-08,2.5406933112778412e-08,2.4616023090669958e-08,2.3503230434739266e-08,2.2085058477105552e-08,2.0378843316820167e-08,1.840325603668349e-08,1.617904112306886e-08,1.3729995475770169e-08,1.1084125008230016e-08,8.274715784281145e-09,5.34047299697934e-09,2.322161946440484e-09,-7.519559188209205e-10,-3.9151689299685856e-09,-1.4649314794492525e-07,-1.2657145136895188e-07,-1.0822358756063842e-07,-9.14871192778756e-08,-7.646889692434235e-08,-6.325958521450579e-08,-5.191435898920778e-08,-4.245441034966164e-08,-3.487403115642122e-08,-2.9148182426124388e-08,-2.5238971919270997e-08,-2.31006895604839e-08,-2.2683468357499833e-08,-2.39357631556325e-08,-2.680585680094486e-08,-3.1242580232010823e-08,-3.7195393865716435e-08,-4.4613931499390085e-08,-5.344705855175075e-08,-6.36414457497155e-08,-7.513960977857652e-08,-8.787733099863495e-08,-1.017803474836459e-07,-1.1676031292640667e-07,-1.3271039884915343e-07,-1.4950223287724048e-07,-1.6698993320507622e-07,-1.850393618209723e-07,-2.036381312337051e-07,-2.2325525712314557e-07,-2.4596358002579234e-07,-2.5552021844640897e-07,-2.6766954664726865e-07,-2.794547626361145e-07,-2.8988492632204127e-07,-2.986437481615181e-07,-3.056570880555101e-07,-3.109445349912427e-07,-3.1456572480993226e-07,-3.1659891180709787e-07,-3.171310605461948e-07,-3.162524836181101e-07,-3.140536028302706e-07,-3.1062292572342313e-07,-3.06045837955169e-07,-3.004039884559395e-07,-2.937751130379581e-07,-2.862331776072794e-07,-2.7784874759846305e-07,-2.686895119690607e-07,-2.5882090906874053e-07,-2.4830681776296993e-07,-2.3721029016283662e-07,-2.2559431229203215e-07,-2.1352258637863284e-07,-2.010603335959776e-07,-1.8827511963476916e-07,-1.7523770804280608e-07,-1.6202294854535903e-07,-1.4871071020590243e-07,-1.3538687248714573e-07,-1.2214438927116473e-07,-1.0908443345066045e-07,-9.631758441968312e-08,-8.396484800382066e-08,-7.215772279497295e-08,-6.103470950114573e-08,-5.072604550169401e-08,-4.1301247143583225e-08,-3.2601508064038085e-08,-2.371869609375598e-08,-1.830119878435542e-08,-1.3050432969788712e-08,-8.042357691585032e-09,-3.336369483551886e-09,1.0233983741029442e-09,5.005867633151943e-09,8.590734353003861e-09,1.1766390093468993e-08,1.4528126353083366e-08,1.687662504615181e-08,1.8816706918562198e-08,2.035630147016635e-08,2.1505603407571227e-08,2.2276385935486402e-08,2.268144793796481e-08,2.2734179685696042e-08,2.2448240034522817e-08,2.183734713416242e-08,2.091519437734887e-08,1.9695513471293844e-08,1.819231663756166e-08,1.6420358926417906e-08,1.4395866550794098e-08,1.2137569697789859e-08,9.668034037674515e-09,7.015132288274604e-09,4.213024303941517e-09,1.3005925415662937e-09,-1.6889929121468682e-09,-4.766868840509133e-09,-1.613277319048617e-07,-1.4174535764904225e-07,-1.2374530196067444e-07,-1.0744399282691356e-07,-9.296534921229503e-08,-8.038877100761059e-08,-6.974584136597266e-08,-6.103009194714533e-08,-5.420842210704455e-08,-4.9230841232990836e-08,-4.603788670042912e-08,-4.4565901283469993e-08,-4.475055678697041e-08,-4.652901289979236e-08,-4.984104625588752e-08,-5.462941804320203e-08,-6.083968116697553e-08,-6.841956253975375e-08,-7.73179925440262e-08,-8.748379095335747e-08,-9.886395572741559e-08,-1.1140144116613543e-07,-1.2503227227461042e-07,-1.3968188447832948e-07,-1.5526089822053183e-07,-1.7166173636522365e-07,-1.887613848970403e-07,-2.0644766257363852e-07,-2.2472317064565756e-07,-2.440529038809407e-07,-2.664613004364887e-07,-2.756415214793806e-07,-2.8740880390881813e-07,-2.9872456577523616e-07,-3.0857773594678655e-07,-3.1665835319684033e-07,-3.2290966706113427e-07,-3.273724493203488e-07,-3.30127723934494e-07,-3.312735483943124e-07,-3.309142466466002e-07,-3.291547030102828e-07,-3.2609708484022386e-07,-3.218389685441304e-07,-3.164723938577524e-07,-3.1008356952359094e-07,-3.027530374904581e-07,-2.9455615069039154e-07,-2.8556375517015117e-07,-2.7584299684697744e-07,-2.6545819744184666e-07,-2.5447176331967316e-07,-2.4294510535444085e-07,-2.30939558026366e-07,-2.1851729248598534e-07,-2.0574222194540285e-07,-1.926808992698546e-07,-1.7940340675509056e-07,-1.6598423768209882e-07,-1.5250316924913434e-07,-1.3904612760689696e-07,-1.2570604713508377e-07,-1.1258372111592767e-07,-9.97886037546731e-08,-8.743936906580899e-08,-7.566349549770635e-08,-6.45934152183136e-08,-5.435137105091228e-08,-4.499852404975145e-08,-3.637305515014755e-08,-2.75868386877823e-08,-2.217649394556326e-08,-1.6934811373772857e-08,-1.1942190196070832e-08,-7.257610945509866e-09,-2.921959387204321e-09,1.0381786219484437e-09,4.607193864511529e-09,7.777775108660921e-09,1.054881998271003e-08,1.2923822727069147e-08,1.490962856228929e-08,1.651546433293392e-08,1.7752176262617767e-08,1.8631623476826967e-08,1.916619072755094e-08,1.9368396658877087e-08,1.925058604477092e-08,1.882470640434439e-08,1.810218174207559e-08,1.7093909226491192e-08,1.5810418566699484e-08,1.4262248510579902e-08,1.2460609151732007e-08,1.0418408162423376e-08,8.151707928116483e-09,5.6815972604110506e-09,3.0361474406008204e-09,2.511031966171449e-10,-2.6351921598899357e-09,-5.606803226180689e-09,-1.7476522309838516e-07,-1.5564172428512451e-07,-1.3809210056392426e-07,-1.2233765400778112e-07,-1.0851909599739639e-07,-9.669638856684163e-08,-8.686871702900442e-08,-7.899501799688414e-08,-7.301022288999973e-08,-6.883689648520304e-08,-6.639310540224105e-08,-6.559745438656929e-08,-6.637206730712148e-08,-6.864411209187496e-08,-7.234632296865389e-08,-7.741685780189722e-08,-8.379873255121803e-08,-9.143899258807068e-08,-1.0028770724938302e-07,-1.1029680478114203e-07,-1.214186948743747e-07,-1.3360455348421777e-07,-1.4680208004049007e-07,-1.6095253133954617e-07,-1.759870645629376e-07,-1.9182344910477662e-07,-2.0836777748030804e-07,-2.255372506252845e-07,-2.4335557878523435e-07,-2.6228101315072825e-07,-2.8425747917988184e-07,-2.9296708619612876e-07,-3.0427375145623885e-07,-3.1503732542182683e-07,-3.2422723989950307e-07,-3.31546356522987e-07,-3.369620960168582e-07,-3.4054167285627125e-07,-3.4239092927944466e-07,-3.426295343791647e-07,-3.4137969457084155e-07,-3.387604382459072e-07,-3.348845949274753e-07,-3.2985731623879746e-07,-3.237755855515864e-07,-3.1672838720394317e-07,-3.0879730856531184e-07,-3.0005741115736287e-07,-2.90578254058327e-07,-2.8042498986477507e-07,-2.6965948203769484e-07,-2.5834141349622516e-07,-2.4652937084910115e-07,-2.3428189785170667e-07,-2.2165851661107265e-07,-2.087207166541802e-07,-1.9553291105930777e-07,-1.8216335617947197e-07,-1.6868502791813016e-07,-1.5517644404935522e-07,-1.4172241972140045e-07,-1.2841474201564768e-07,-1.1535274428263736e-07,-1.026437294634124e-07,-9.04030553726002e-08,-7.875320456721175e-08,-6.781954722543741e-08,-5.771541750380157e-08,-4.849339496547569e-08,-3.999144244231363e-08,-3.135502228838881e-08,-2.598276810856667e-08,-2.077753810272286e-08,-1.5830487177011132e-08,-1.1200598167593641e-08,-6.9241299812193156e-09,-3.021543427464449e-09,4.976180015796535e-10,3.6313442010376713e-09,6.3828158717192905e-09,8.758767022666785e-09,1.0768320636708776e-08,1.2422142221711191e-08,1.3731806687103255e-08,1.4709307204544145e-08,1.5366657709869426e-08,1.5715558465737034e-08,1.576710923122034e-08,1.553156861129726e-08,1.5018172248782415e-08,1.4235037713917387e-08,1.3189201182626214e-08,1.188685121196773e-08,1.0333849342471322e-08,8.53665716495253e-09,6.503822446286619e-09,4.2481930280421785e-09,1.789944312025006e-09,-8.399447320875269e-10,-3.5977747443728697e-09,-6.434139114711746e-09,-1.8679993359706233e-07,-1.6831850617194459e-07,-1.5137145079283142e-07,-1.363217207866757e-07,-1.233257709306825e-07,-1.1241337388782386e-07,-1.0354098701878443e-07,-9.6625859923926e-08,-9.15671784084334e-08,-8.825885257622758e-08,-8.659700736714637e-08,-8.648408963467101e-08,-8.783079532398618e-08,-9.055660093365138e-08,-9.458943864385759e-08,-9.986489238467561e-08,-1.0632517290045068e-07,-1.1391803735288445e-07,-1.225957438301402e-07,-1.323140645456626e-07,-1.430313145578567e-07,-1.5470727860763167e-07,-1.6730184013574307e-07,-1.807730702548953e-07,-1.950746668516897e-07,-2.1015343045035314e-07,-2.2595053532286478e-07,-2.424206996247543e-07,-2.59616403567404e-07,-2.779868463709369e-07,-2.993557769454881e-07,-3.0744967835146935e-07,-3.1817769811059034e-07,-3.282695169477034e-07,-3.3667624816863e-07,-3.4312214261448027e-07,-3.4760695243676225e-07,-3.502300112344572e-07,-3.5112510246104783e-07,-3.5043456730872704e-07,-3.4829805495340377e-07,-3.4484729250792663e-07,-3.402037207386769e-07,-3.344777168826007e-07,-3.2776878160836686e-07,-3.2016631903579294e-07,-3.1175076267341584e-07,-3.0259487913072474e-07,-2.927651388359828e-07,-2.8232308538575376e-07,-2.713266654292292e-07,-2.598315015549081e-07,-2.4789210348473095e-07,-2.3556301989811964e-07,-2.2289993574444865e-07,-2.0996071903848163e-07,-1.9680641762576126e-07,-1.8350220087580052e-07,-1.7011823434664203e-07,-1.567304679708358e-07,-1.434213112095901e-07,-1.3028016231413498e-07,-1.1740374990177069e-07,-1.0489621490341714e-07,-9.286873986011135e-08,-8.143809099223347e-08,-7.07219632536259e-08,-6.082432093221049e-08,-5.178933480973378e-08,-4.3457661621116276e-08,-3.502146917821193e-08,-2.972977800241138e-08,-2.4597354712402853e-08,-1.9734427494603853e-08,-1.520027753871829e-08,-1.1024710981255105e-08,-7.220171847775507e-09,-3.78874502573043e-09,-7.262760468209669e-10,1.975154457751336e-09,4.325702916718849e-09,6.336789586537273e-09,8.020455354341286e-09,9.388914175691977e-09,1.0454215651664764e-08,1.1227962313278915e-08,1.1721047408857329e-08,1.194339566372856e-08,1.190370395185151e-08,1.1609192997759226e-08,1.1065396946300837e-08,1.0276036720198198e-08,9.24304766614316e-09,7.966865750253278e-09,6.4471283498370844e-09,4.6840338325950016e-09,2.680755714775504e-09,4.4755738440254294e-10,-1.9913786159680535e-09,-4.586926232072218e-09,-7.24789658590253e-09,-1.9742554881844954e-07,-1.798588940727147e-07,-1.637341304486244e-07,-1.4960660257391796e-07,-1.3764640441045877e-07,-1.2783977765324385e-07,-1.200893555645912e-07,-1.1426462841582675e-07,-1.1022724040823396e-07,-1.0784349702533995e-07,-1.0699024080955982e-07,-1.075571697378798e-07,-1.0944714759112811e-07,-1.1257539248526242e-07,-1.168681033124265e-07,-1.2226088972481425e-07,-1.2869724111249164e-07,-1.3612717936527017e-07,-1.4450617506745051e-07,-1.5379435480806344e-07,-1.639559763159645e-07,-1.7495908736586873e-07,-1.8677521010287424e-07,-1.993788277999608e-07,-2.1274650474422736e-07,-2.268560414427621e-07,-2.4168841229520676e-07,-2.572438835386047e-07,-2.736126215805564e-07,-2.912329482769909e-07,-3.11759388581319e-07,-3.190225173619311e-07,-3.290007666603979e-07,-3.3825360487668185e-07,-3.45715861088962e-07,-3.511441278935303e-07,-3.5457984838892796e-07,-3.561599986294421e-07,-3.560483599854517e-07,-3.5440949771226014e-07,-3.5139845534097596e-07,-3.4715670907815337e-07,-3.41810963169384e-07,-3.354734226396555e-07,-3.282428779343911e-07,-3.2020621639400565e-07,-3.114401200240476e-07,-3.020128008198097e-07,-2.9198568762696795e-07,-2.814150210986715e-07,-2.703533409757268e-07,-2.588508666958795e-07,-2.4695678131604833e-07,-2.3472043219978662e-07,-2.2219246141770198e-07,-2.0942587531271224e-07,-1.9647705676155603e-07,-1.8340671564112765e-07,-1.7028076312997496e-07,-1.5717108407843465e-07,-1.441561692739509e-07,-1.3132155625333588e-07,-1.1876001087735569e-07,-1.0657134737305796e-07,-9.486167265236367e-08,-8.374144630006191e-08,-7.332041785786538e-08,-6.369326006688574e-08,-5.4896491120379004e-08,-4.6776595273015066e-08,-3.8584589609481924e-08,-3.343172126915405e-08,-2.8420433192063726e-08,-2.369089745073643e-08,-1.9302827200766378e-08,-1.527730205838399e-08,-1.161671474604336e-08,-8.314454515810583e-09,-5.359656232814754e-09,-2.739572947724265e-09,-4.4079298054068007e-10,1.5501158606154852e-09,3.246256107753951e-09,4.660195375396526e-09,5.803817426801555e-09,6.688175030364238e-09,7.3233122641783115e-09,7.718039725238994e-09,7.87965862489228e-09,7.813641592891807e-09,7.523291751915173e-09,7.00941996790415e-09,6.270106383238289e-09,5.300652399033678e-09,4.093898886348244e-09,2.6412333997561714e-09,9.349432604770538e-10,-1.0267105344944569e-09,-3.2287623719019884e-09,-5.616739170957335e-09,-8.046937941631953e-09,-2.0663502657757336e-07,-1.9037932523305648e-07,-1.753880558473822e-07,-1.6247700486642941e-07,-1.5182588889550138e-07,-1.4336166987855327e-07,-1.3692297844830139e-07,-1.3232867728164636e-07,-1.2940500127983077e-07,-1.2799528544267284e-07,-1.2796268774592384e-07,-1.2918982580225853e-07,-1.3157697956314688e-07,-1.3503969823834323e-07,-1.3950629174977898e-07,-1.4491549014159434e-07,-1.512144352056739e-07,-1.5835709737588662e-07,-1.6630317006233626e-07,-1.750174687092364e-07,-1.8446983994691672e-07,-1.946355554417386e-07,-2.0549611836582877e-07,-2.1704035967128554e-07,-2.292657293552168e-07,-2.4218007317756607e-07,-2.558059458908529e-07,-2.701953421263124e-07,-2.854853874846903e-07,-3.021022753842251e-07,-3.214710730910127e-07,-3.275957563627344e-07,-3.365827847438977e-07,-3.4476731820064844e-07,-3.5107217991008597e-07,-3.5530069892083477e-07,-3.5754637325740997e-07,-3.579880203827294e-07,-3.56818936519576e-07,-3.5422267429354484e-07,-3.503650893235104e-07,-3.45392348401566e-07,-3.394314365472883e-07,-3.325917992426091e-07,-3.249674787346199e-07,-3.1663939854489015e-07,-3.076776051991714e-07,-2.9814336912025934e-07,-2.8809110428236824e-07,-2.77570100915444e-07,-2.666260849427821e-07,-2.55302627292389e-07,-2.4364242926344853e-07,-2.3168850908474617e-07,-2.1948531098590826e-07,-2.070797522159901e-07,-1.945222157128665e-07,-1.8186748648537395e-07,-1.6917561798206286e-07,-1.5651270049256093e-07,-1.439514866677429e-07,-1.3157180898911275e-07,-1.1946069786699503e-07,-1.0771206499269456e-07,-9.642570622363884e-08,-8.570502748207701e-08,-7.565172105603473e-08,-6.635180382288663e-08,-5.783572632512859e-08,-4.995935111552959e-08,-4.204291875996451e-08,-3.710825166961001e-08,-3.228221789136132e-08,-2.774889508156734e-08,-2.3568241659570964e-08,-1.9749893423603828e-08,-1.628425686168298e-08,-1.3155270417713914e-08,-1.0345422832469245e-08,-7.8376168750496e-09,-5.615825595786091e-09,-3.6652641566908827e-09,-1.9723670224183984e-09,-5.247091800025468e-10,6.890532501083586e-10,1.679180486345306e-09,2.454761414103714e-09,3.023529199174761e-09,3.3915763080268664e-09,3.5629717237323857e-09,3.5392917870530847e-09,3.3190899469221254e-09,2.897353961307512e-09,2.265039107211043e-09,1.4088439347923304e-09,3.1157882470508267e-10,-1.0459912285851565e-09,-2.67951549518221e-09,-4.586043380926114e-09,-6.706143228195219e-09,-8.829958415466023e-09,-2.1442051212179782e-07,-2.0003541991682877e-07,-1.8661217015257238e-07,-1.7531245942879876e-07,-1.6631536939065337e-07,-1.5947072410609354e-07,-1.5454771078478264e-07,-1.513195178285694e-07,-1.4958588494204305e-07,-1.4917698196953064e-07,-1.4995157925308492e-07,-1.5179339123777277e-07,-1.5460697414369426e-07,-1.5831377586525665e-07,-1.6284862054978733e-07,-1.6815675391938133e-07,-1.7419149696703406e-07,-1.8091252348766632e-07,-1.8828477262958986e-07,-1.9627801831688042e-07,-2.048671328321713e-07,-2.1403309339871235e-07,-2.237647824518245e-07,-2.3406163296838888e-07,-2.4493722601188235e-07,-2.564242998524045e-07,-2.6858284395742133e-07,-2.815174349598549e-07,-2.954194723068178e-07,-3.107032918188012e-07,-3.2849318091256936e-07,-3.33059011467924e-07,-3.407213807877642e-07,-3.4752375924001664e-07,-3.5239026015185033e-07,-3.551925430097433e-07,-3.560865921824753e-07,-3.552926650847732e-07,-3.5302754677879954e-07,-3.494858097859106e-07,-3.44835811263959e-07,-3.392206209635293e-07,-3.32760653407643e-07,-3.255568228144258e-07,-3.176937096082402e-07,-3.092425088859106e-07,-3.002636696134062e-07,-2.9080920705632433e-07,-2.809247093655154e-07,-2.7065107695749726e-07,-2.6002603954579654e-07,-2.490854950603717e-07,-2.3786471090185146e-07,-2.2639942221751455e-07,-2.1472685517573355e-07,-2.028866956753602e-07,-1.9092201539840935e-07,-1.788801571509953e-07,-1.6681356937266496e-07,-1.5478056464085067e-07,-1.4284595779279868e-07,-1.3108151419926272e-07,-1.195661041142244e-07,-1.0838540394774193e-07,-9.763087140033741e-08,-8.739740929390534e-08,-7.77781394849918e-08,-6.885137628800871e-08,-6.064421649567129e-08,-5.3026411176174975e-08,-4.539504441413118e-08,-4.078483180952176e-08,-3.622887071689325e-08,-3.197208636578789e-08,-2.807333739968663e-08,-2.4527583280032165e-08,-2.1311952783677044e-08,-1.8401369403190292e-08,-1.5772793479925773e-08,-1.3406065504300769e-08,-1.1283776110035534e-08,-9.390866044915194e-09,-7.714194987489798e-09,-6.242175783588689e-09,-4.964517212284065e-09,-3.872093719601277e-09,-2.9569490788537922e-09,-2.212436796995301e-09,-1.633499783613119e-09,-1.2170925838859958e-09,-9.627487617766308e-10,-8.732907302737466e-10,-9.556651409765212e-10,-1.2218557877882396e-09,-1.6897570808831787e-09,-2.383702682990544e-09,-3.3337540602429805e-09,-4.570633658421672e-09,-6.106696843265912e-09,-7.879117857635293e-09,-9.595482405084237e-09,-2.2077331154102374e-07,-2.0901624341501465e-07,-1.9776572232423926e-07,-1.8861214321537193e-07,-1.817000368570216e-07,-1.7678407988237275e-07,-1.7357711952004133e-07,-1.7182648396624796e-07,-1.713244831797288e-07,-1.71904520490377e-07,-1.7343433482246786e-07,-1.7580923738459258e-07,-1.789461136798662e-07,-1.8277838537400972e-07,-1.8725192670513898e-07,-1.9232185990894688e-07,-1.979501425069271e-07,-2.0410387833108495e-07,-2.1075431980095502e-07,-2.1787657391416642e-07,-2.2545007490922454e-07,-2.334599407174452e-07,-2.4189938877894983e-07,-2.507734590807383e-07,-2.601044296940126e-07,-2.6993966262024616e-07,-2.8036382690228497e-07,-2.9151992324408513e-07,-3.0365314874446703e-07,-3.171718749497333e-07,-3.328276631788564e-07,-3.3530434955756816e-07,-3.411847047207698e-07,-3.461619982118094e-07,-3.49211643055318e-07,-3.503103281728606e-07,-3.496788401373777e-07,-3.4756511049009366e-07,-3.441934494740593e-07,-3.3975425416537893e-07,-3.344051931123252e-07,-3.282753573556411e-07,-3.2146994441401773e-07,-3.140746604121791e-07,-3.061595843422225e-07,-2.977824489037752e-07,-2.8899137952817536e-07,-2.798271659046069e-07,-2.703251476878115e-07,-2.6051679214502455e-07,-2.504310321333833e-07,-2.4009542270658515e-07,-2.2953716472008898e-07,-2.1878403449684277e-07,-2.0786525024539637e-07,-1.9681229794058919e-07,-1.856597313286816e-07,-1.744459518979054e-07,-1.6321396415989597e-07,-1.5201208819754756e-07,-1.408945934202492e-07,-1.2992219214648146e-07,-1.1916229415372257e-07,-1.0868886271221467e-07,-9.858159741753507e-08,-8.892389766187551e-08,-7.979826576486877e-08,-7.127522531688358e-08,-6.338251875873129e-08,-5.6011038212329094e-08,-4.863953201425071e-08,-4.44905174628487e-08,-4.031727294161468e-08,-3.6441632668842e-08,-3.29154634872438e-08,-2.9715304194279943e-08,-2.6806511822708238e-08,-2.4157766929453953e-08,-2.1743206426474962e-08,-1.954193678205367e-08,-1.75370562130441e-08,-1.5714710295073912e-08,-1.4063311445012993e-08,-1.257295116135454e-08,-1.1235001383757319e-08,-1.004189190993629e-08,-8.987051144367718e-09,-8.065002714025566e-09,-7.271618295411505e-09,-6.6045355204650715e-09,-6.063757939576908e-09,-5.652459704385155e-09,-5.3780176113834884e-09,-5.253280635907045e-09,-5.29804230323558e-09,-5.540541539861015e-09,-6.018265510712431e-09,-6.7752840861917994e-09,-7.843193496348395e-09,-9.1621571815481e-09,-1.0341873556295602e-08,-2.256840224842537e-07,-2.1750119418015398e-07,-2.0929453105635973e-07,-2.0303606523047998e-07,-1.987239058633855e-07,-1.9605232179415788e-07,-1.9472836309467667e-07,-1.9451498813079113e-07,-1.9522871410941845e-07,-1.9672953283157093e-07,-1.989110046080594e-07,-2.0169197369574882e-07,-2.0500999947554913e-07,-2.088162786005192e-07,-2.130717867628763e-07,-2.177444000625994e-07,-2.228068113437476e-07,-2.2823511820645238e-07,-2.3400802161831212e-07,-2.401066376687724e-07,-2.465149934502354e-07,-2.532213567045716e-07,-2.602206457007608e-07,-2.6751829661936607e-07,-2.751361660644828e-07,-2.831214518701146e-07,-2.9156043198361317e-07,-3.0060167432937757e-07,-3.1049358175626155e-07,-3.2166140353718373e-07,-3.3447602864511777e-07,-3.3430610992744464e-07,-3.3774661138677404e-07,-3.4022378146369576e-07,-3.409420607220121e-07,-3.4001598943632e-07,-3.3769273186482467e-07,-3.342113661505705e-07,-3.2977267862885197e-07,-3.245385354854295e-07,-3.1863741207044533e-07,-3.1217076164607055e-07,-3.052187206077567e-07,-2.978448479640787e-07,-2.900999377013066e-07,-2.8202504278747457e-07,-2.736538639341922e-07,-2.65014642327662e-07,-2.5613167127429566e-07,-2.4702652310988664e-07,-2.3771906340474758e-07,-2.2822831229545562e-07,-2.185731981790779e-07,-2.087732394494571e-07,-1.9884918174597086e-07,-1.8882361132438452e-07,-1.7872155887493235e-07,-1.6857110169244907e-07,-1.5840396468915413e-07,-1.4825611117642612e-07,-1.381683009092832e-07,-1.281865727653095e-07,-1.183625775366327e-07,-1.087536321413655e-07,-9.942226495953343e-08,-9.043480007932893e-08,-8.185796026955497e-08,-7.375066939769843e-08,-6.614222678006955e-08,-5.8960124179354673e-08,-5.1774867517777125e-08,-4.8248416758457094e-08,-4.4613723312535695e-08,-4.1261595358457894e-08,-3.82158935835488e-08,-3.5438728057714095e-08,-3.2891297169067616e-08,-3.054225144793918e-08,-2.836760613929207e-08,-2.634917457566489e-08,-2.4473035057688272e-08,-2.2728293401774145e-08,-2.1106157390164526e-08,-1.9599282544679983e-08,-1.8201342630805657e-08,-1.690678569478519e-08,-1.571074823316968e-08,-1.4609112656268448e-08,-1.3598706293802719e-08,-1.2677653653228224e-08,-1.1845907604828279e-08,-1.1105999619546209e-08,-1.046406303617552e-08,-9.931191952647652e-09,-9.525188535269898e-09,-9.272667558373758e-09,-9.2111527706722e-09,-9.389018335788163e-09,-9.854482901284268e-09,-1.0573762153794993e-08,-1.1067376897390502e-08,-2.2914303862964015e-07,-2.2556842088675896e-07,-2.2182114934140142e-07,-2.1942066833795043e-07,-2.1826227946413875e-07,-2.18113271962856e-07,-2.187691406338732e-07,-2.2007322528115028e-07,-2.2190972877260691e-07,-2.2419395225820745e-07,-2.2686389752007723e-07,-2.2987380261056925e-07,-2.3318934650905939e-07,-2.3678414652083218e-07,-2.40637220844688e-07,-2.4473116788661797e-07,-2.4905088847900546e-07,-2.535827410226129e-07,-2.5831407493863696e-07,-2.6323313970486e-07,-2.6832942143982264e-07,-2.7359452415336966e-07,-2.790237985748144e-07,-2.84619042398383e-07,-2.903927794616412e-07,-2.963749049977714e-07,-3.026230534711754e-07,-3.092384108833962e-07,-3.163926209218451e-07,-3.2433979114085537e-07,-3.334391552120725e-07,-3.303233421267114e-07,-3.3017449726611753e-07,-3.290994728489946e-07,-3.268538938504401e-07,-3.235674588989986e-07,-3.194268370677856e-07,-3.1459462758011467e-07,-3.0920030382462557e-07,-3.033438207839271e-07,-2.97101689013545e-07,-2.905324992838431e-07,-2.8368137518877254e-07,-2.7658340122075146e-07,-2.6926621744666807e-07,-2.617519745644033e-07,-2.540588116441659e-07,-2.4620198293016225e-07,-2.381947293056115e-07,-2.3004896561424267e-07,-2.2177583684942648e-07,-2.1338618256850697e-07,-2.048909392877374e-07,-1.963015032659117e-07,-1.8763007077816327e-07,-1.788899688112906e-07,-1.7009598562720314e-07,-1.6126470734371393e-07,-1.5241486303869354e-07,-1.4356767618377427e-07,-1.3474721335865076e-07,-1.2598071028941777e-07,-1.1729883672705052e-07,-1.0873582824400149e-07,-1.003293479451221e-07,-9.211980274866459e-08,-8.414849874262724e-08,-7.645311203338992e-08,-6.9055592505684e-08,-6.19268045784409e-08,-5.479946948976967e-08,-5.205653954342097e-08,-4.920719545157218e-08,-4.6561805178414677e-08,-4.4115339305826083e-08,-4.183666169607938e-08,-3.9697446870663034e-08,-3.7676292407701356e-08,-3.575769509305097e-08,-3.39304951210848e-08,-3.21865451652595e-08,-3.051971587922404e-08,-2.8925193125721002e-08,-2.7399002676176002e-08,-2.5937707291244126e-08,-2.4538235740668115e-08,-2.3197817422075212e-08,-2.191400931774364e-08,-2.0684812156305044e-08,-1.950888584405318e-08,-1.838588545965463e-08,-1.7316953924833225e-08,-1.6305424641093505e-08,-1.5357805330450414e-08,-1.4485125041558572e-08,-1.370470112930546e-08,-1.3042167949213945e-08,-1.2532832830435181e-08,-1.2216007032220236e-08,-1.2100114114405929e-08,-1.1770232488179057e-08,-2.3114213073117058e-07,-2.3358664120316756e-07,-2.3604640992055127e-07,-2.3853838121901474e-07,-2.410760780700605e-07,-2.4366949487886956e-07,-2.463258423825072e-07,-2.490502241353086e-07,-2.5184614820430114e-07,-2.547158943792998e-07,-2.5766077346747996e-07,-2.6068130989944397e-07,-2.6377737098567073e-07,-2.669482595144542e-07,-2.7019278144926425e-07,-2.7350929696772535e-07,-2.7689576059566895e-07,-2.803497543933983e-07,-2.838685167833906e-07,-2.874489684554287e-07,-2.910877356553455e-07,-2.947811698578394e-07,-2.9852536109928647e-07,-3.0231613977133414e-07,-3.0614905796681637e-07,-3.1001933582054945e-07,-3.139217496769699e-07,-3.1785042655806995e-07,-3.2179849293712995e-07,-3.2575753287710174e-07,-3.2971688407433174e-07,-3.239012548849203e-07,-3.1806830461543215e-07,-3.1220272124358373e-07,-3.0629107491451395e-07,-3.003233255669133e-07,-2.942923469509407e-07,-2.881933019191125e-07,-2.8202310626586964e-07,-2.7578001655230164e-07,-2.694633234312132e-07,-2.630731259584062e-07,-2.5661016574512555e-07,-2.500757047291768e-07,-2.434714345967916e-07,-2.367994091481805e-07,-2.3006199327707458e-07,-2.2326182393695685e-07,-2.1640177966957004e-07,-2.094849561177571e-07,-2.0251464553599747e-07,-1.9549431872055031e-07,-1.8842760805763575e-07,-1.8131829056773188e-07,-1.7417026993131265e-07,-1.669875565334873e-07,-1.597742445744537e-07,-1.5253448526895177e-07,-1.4527245510919008e-07,-1.3799231810048627e-07,-1.306981808080264e-07,-1.2339403899351947e-07,-1.160837146010766e-07,-1.0877078192601345e-07,-1.0145848207338974e-07,-9.414962550201902e-08,-8.684648404005365e-08,-7.955067741538663e-08,-7.226306842532925e-08,-6.498370504873148e-08,-5.771194777816028e-08,-5.5952619394841555e-08,-5.420150799753907e-08,-5.246160823397785e-08,-5.0735434084126125e-08,-4.902495341479589e-08,-4.733169092976345e-08,-4.565682549139337e-08,-4.400126334789376e-08,-4.2365689888189246e-08,-4.075060573861276e-08,-3.915635216855276e-08,-3.758312944068585e-08,-3.603101060684119e-08,-3.449995240308905e-08,-3.2989804286273925e-08,-3.150031620796798e-08,-3.0031145380527853e-08,-2.8581862001818556e-08,-2.7151953627051124e-08,-2.574082756424722e-08,-2.4347810275588297e-08,-2.297214223236317e-08,-2.1612965921357936e-08,-2.026930364901637e-08,-1.894002036838352e-08,-1.7623765068699706e-08,-1.631888309465163e-08,-1.5023295582678616e-08,-1.373436592165134e-08,-1.2448973671431486e-08
rz,0.0,0.0,-0.0,0.0,0.0,0.0,-0.0,-0.0,-0.0,-0.0,-0.0,-0.0,0.0,0.0,0.0,-0.0,-0.0,0.0,0.0,-0.0,-0.0,-0.0,-0.0,-0.0,0.0,-0.0,0.0,0.0,-0.0,0.0,-0.0,0.0,-0.0,0.0,0.0,0.0,0.0,-0.0,-0.0,0.0,-0.0,0.0,-0.0,0.0,-0.0,-0.0,0.0,-0.0,-0.0,-0.0,-0.0,0.0,0.0,0.0,-0.0,-0.0,0.0,-0.0,0.0,-0.0,0.0,-0.0,-0.0,0.0,0.0,0.0,0.0,-0.0,0.0,-0.0,0.0,0.0,-0.0,-0.0,-0.0,-0.0,0.0,-0.0,0.0,0.0,-0.0,-0.0,-0.0,-0.0,-0.0,-0.0,-0.0,0.0,0.0,0.0,-0.0,-0.0,0.0,-0.0,0.0,0.0,0.0,-0.0,-0.0,-0.0,-0.0,-0.0,0.0,0.0,0.0,0.0,0.0,0.0,0.0,0.0,0.0,0.0,0.0,0.0,0.0,0.0,0.0,0.0,0.0,0.0,0.0,0.0,0.0,0.0,0.0,0.0,0.0,0.0,0.0,0.0,0.0,-0.0,0.0,0.0,0.0,0.0,0.0,0.0,0.0,0.0,0.0,0.0,0.0,0.0,0.0,0.0,0.0,0.0,0.0,0.0,0.0,0.0,0.0,0.0,0.0,0.0,0.0,0.0,0.0,0.0,0.0,0.0,0.0,0.0,0.0,0.0,0.0,0.0,0.0,0.0,0.0,0.0,0.0,0.0,0.0,0.0,0.0,0.0,0.0,0.0,0.0,0.0,0.0,0.0,0.0,0.0,0.0,0.0,0.0,0.0,0.0,0.0,0.0,0.0,0.0,0.0,0.0,0.0,0.0,0.0,0.0,-0.0,0.0,0.0,0.0,0.0,0.0,0.0,0.0,0.0,0.0,0.0,0.0,0.0,0.0,0.0,0.0,0.0,0.0,0.0,0.0,0.0,0.0,0.0,0.0,0.0,0.0,0.0,0.0,0.0,0.0,0.0,0.0,0.0,0.0,0.0,0.0,0.0,0.0,0.0,0.0,0.0,0.0,0.0,0.0,0.0,0.0,0.0,0.0,0.0,0.0,0.0,0.0,0.0,0.0,0.0,0.0,0.0,0.0,0.0,0.0,0.0,0.0,0.0,0.0,0.0,0.0,0.0,0.0,0.0,0.0,0.0,0.0,0.0,0.0,0.0,0.0,0.0,0.0,0.0,0.0,0.0,0.0,0.0,0.0,0.0,0.0,0.0,0.0,0.0,0.0,0.0,0.0,0.0,0.0,0.0,0.0,0.0,0.0,0.0,0.0,0.0,0.0,-0.0,0.0,0.0,0.0,0.0,0.0,0.0,0.0,0.0,0.0,0.0,0.0,0.0,0.0,0.0,0.0,0.0,0.0,0.0,0.0,0.0,0.0,0.0,0.0,0.0,0.0,0.0,0.0,0.0,0.0,0.0,0.0,0.0,0.0,0.0,0.0,0.0,0.0,0.0,0.0,0.0,0.0,0.0,0.0,0.0,0.0,0.0,0.0,0.0,0.0,0.0,0.0,0.0,0.0,0.0,0.0,0.0,0.0,0.0,0.0,0.0,0.0,0.0,0.0,0.0,0.0,0.0,0.0,0.0,0.0,0.0,0.0,0.0,0.0,0.0,0.0,0.0,0.0,0.0,0.0,0.0,0.0,0.0,0.0,0.0,0.0,0.0,0.0,0.0,0.0,0.0,0.0,0.0,0.0,0.0,0.0,0.0,0.0,0.0,0.0,-0.0,-0.0,0.0,0.0,0.0,0.0,0.0,0.0,0.0,0.0,0.0,0.0,0.0,0.0,0.0,0.0,0.0,0.0,0.0,0.0,0.0,0.0,0.0,0.0,0.0,0.0,0.0,0.0,0.0,0.0,0.0,0.0,0.0,0.0,0.0,0.0,0.0,0.0,0.0,0.0,0.0,0.0,0.0,0.0,0.0,0.0,0.0,0.0,0.0,0.0,0.0,0.0,0.0,0.0,0.0,0.0,0.0,0.0,0.0,0.0,0.0,0.0,0.0,0.0,0.0,0.0,0.0,0.0,0.0,0.0,0.0,0.0,0.0,0.0,0.0,0.0,0.0,0.0,0.0,0.0,0.0,0.0,0.0,0.0,0.0,0.0,0.0,0.0,0.0,0.0,0.0,0.0,0.0,0.0,0.0,0.0,0.0,0.0,0.0,0.0,0.0,0.0,0.0,0.0,0.0,0.0,0.0,0.0,0.0,0.0,0.0,0.0,0.0,0.0,0.0,0.0,0.0,0.0,0.0,0.0,0.0,0.0,0.0,0.0,0.0,0.0,0.0,0.0,0.0,0.0,0.0,0.0,0.0,0.0,0.0,0.0,0.0,0.0,0.0,0.0,0.0,0.0,0.0,0.0,0.0,0.0,0.0,0.0,0.0,0.0,0.0,0.0,0.0,0.0,0.0,0.0,0.0,0.0,0.0,0.0,0.0,0.0,0.0,0.0,0.0,0.0,0.0,0.0,0.0,0.0,0.0,0.0,0.0,0.0,0.0,0.0,0.0,0.0,0.0,0.0,0.0,0.0,0.0,0.0,0.0,0.0,0.0,0.0,0.0,0.0,0.0,0.0,0.0,0.0,0.0,0.0,0.0,0.0,0.0,0.0,0.0,0.0,0.0,0.0,0.0,0.0,0.0,0.0,0.0,0.0,0.0,0.0,0.0,0.0,0.0,0.0,0.0,0.0,0.0,0.0,0.0,0.0,0.0,0.0,0.0,0.0,0.0,0.0,0.0,0.0,0.0,0.0,0.0,0.0,0.0,0.0,0.0,0.0,0.0,0.0,0.0,0.0,0.0,0.0,0.0,0.0,0.0,0.0,0.0,0.0,0.0,0.0,0.0,0.0,0.0,0.0,0.0,0.0,0.0,0.0,0.0,0.0,0.0,0.0,0.0,0.0,0.0,0.0,0.0,0.0,0.0,0.0,0.0,0.0,0.0,0.0,0.0,0.0,0.0,0.0,0.0,0.0,0.0,0.0,0.0,0.0,0.0,0.0,0.0,0.0,0.0,0.0,0.0,0.0,0.0,0.0,0.0,0.0,0.0,0.0,0.0,0.0,0.0,0.0,0.0,0.0,0.0,0.0,0.0,0.0,0.0,0.0,0.0,0.0,0.0,0.0,0.0,0.0,0.0,0.0,0.0,0.0,0.0,0.0,0.0,0.0,0.0,0.0,0.0,0.0,0.0,0.0,0.0,0.0,0.0,0.0,0.0,0.0,0.0,0.0,0.0,0.0,0.0,0.0,0.0,0.0,0.0,0.0,0.0,0.0,0.0,0.0,0.0,0.0,0.0,0.0,0.0,0.0,0.0,0.0,0.0,0.0,0.0,0.0,0.0,0.0,0.0,0.0,0.0,0.0,0.0,0.0,0.0,0.0,0.0,0.0,0.0,0.0,0.0,0.0,0.0,0.0,0.0,0.0,0.0,0.0,0.0,0.0,0.0,0.0,0.0,0.0,0.0,0.0,0.0,0.0,0.0,0.0,0.0,0.0,0.0,0.0,0.0,0.0,0.0,0.0,0.0,0.0,0.0,0.0,0.0,0.0,0.0,0.0,0.0,0.0,0.0,0.0,0.0,0.0,0.0,0.0,0.0,0.0,0.0,0.0,0.0,0.0,0.0,0.0,0.0,0.0,0.0,0.0,0.0,0.0,0.0,0.0,0.0,0.0,0.0,0.0,0.0,0.0,0.0,0.0,0.0,0.0,0.0,0.0,0.0,0.0,0.0,0.0,0.0,0.0,0.0,0.0,0.0,0.0,0.0,0.0,0.0,0.0,0.0,0.0,0.0,0.0,0.0,0.0,0.0,0.0,0.0,0.0,0.0,0.0,0.0,0.0,0.0,0.0,0.0,0.0,0.0,0.0,0.0,0.0,0.0,0.0,0.0,0.0,0.0,0.0,0.0,0.0,0.0,0.0,0.0,0.0,0.0,0.0,0.0,0.0,0.0,0.0,0.0,0.0,0.0,0.0,0.0,0.0,0.0,0.0,0.0,0.0,0.0,0.0,0.0,0.0,0.0,0.0,0.0,0.0,0.0,0.0,0.0,0.0,0.0,0.0,0.0,0.0,0.0,0.0,0.0,0.0,0.0,0.0,0.0,0.0,0.0,0.0,0.0,0.0,0.0,0.0,0.0,0.0,0.0,0.0,0.0,0.0,0.0,0.0,0.0,0.0,0.0,0.0,0.0,0.0,0.0,0.0,0.0,0.0,0.0,0.0,0.0,0.0,0.0,0.0,0.0,0.0,0.0,0.0,0.0,0.0,0.0,0.0,0.0,0.0,0.0,0.0,0.0,0.0,0.0,0.0,0.0,0.0,0.0,0.0,0.0,0.0,0.0,0.0,0.0,0.0,0.0,0.0,0.0,0.0,0.0,0.0,0.0,0.0,0.0,0.0,0.0,0.0,0.0,0.0,0.0,0.0,0.0,0.0,0.0,0.0,0.0,0.0,0.0,0.0,0.0,0.0,0.0,0.0,0.0,0.0,0.0,0.0,0.0,0.0,0.0,0.0,0.0,0.0,0.0,0.0,0.0,0.0,0.0,0.0,0.0,0.0,0.0,0.0,0.0,0.0,0.0,0.0,0.0,0.0,0.0,0.0,0.0,0.0,0.0,0.0,0.0,0.0,0.0,0.0,0.0,0.0,0.0,0.0,0.0,0.0,0.0,0.0,0.0,0.0,0.0,0.0,0.0,0.0,0.0,0.0,0.0,0.0,0.0,0.0,0.0,0.0,0.0,0.0,0.0,0.0,0.0,0.0,0.0,0.0,0.0,0.0,0.0,0.0,0.0,0.0,0.0,0.0,0.0,0.0,0.0,0.0,0.0,0.0,0.0,0.0,0.0,0.0,0.0,0.0,0.0,0.0,0.0,0.0,0.0,0.0,0.0,0.0,0.0,0.0,0.0,0.0,0.0,0.0,0.0,0.0,0.0,0.0,0.0,0.0,0.0,0.0,0.0,0.0,0.0,0.0,0.0,0.0,0.0,0.0,0.0,0.0,0.0,0.0,0.0,0.0,0.0,0.0,0.0,0.0,0.0,0.0,0.0,0.0,0.0,0.0,0.0,0.0,0.0,0.0,0.0,0.0,0.0,0.0,0.0,0.0,0.0,0.0,0.0,0.0,0.0,0.0,0.0,0.0,0.0,0.0,0.0,0.0,0.0,0.0,0.0,0.0,0.0,0.0,0.0,0.0,0.0,0.0,0.0,0.0,0.0,0.0,0.0,0.0,0.0,0.0,0.0,0.0,0.0,0.0,0.0,0.0,0.0,0.0,0.0,0.0,0.0,0.0,0.0,0.0,0.0,-0.0,0.0,0.0,0.0,0.0,0.0,0.0,0.0,0.0,0.0,0.0,0.0,0.0,0.0,0.0,0.0,0.0,0.0,0.0,0.0,0.0,0.0,0.0,0.0,0.0,0.0,0.0,0.0,0.0,0.0,0.0,0.0,0.0,0.0,0.0,0.0,0.0,0.0,0.0,0.0,0.0,0.0,0.0,0.0,0.0,0.0,0.0,0.0,0.0,0.0,0.0,0.0,0.0,0.0,0.0,0.0,0.0,0.0,0.0,0.0,0.0,0.0,0.0,0.0,0.0,0.0,0.0,0.0,0.0,0.0,-0.0,0.0,0.0,0.0,0.0,0.0,0.0,0.0,0.0,0.0,0.0,0.0,0.0,0.0,0.0,0.0,0.0,0.0,0.0,0.0,0.0,0.0,0.0,0.0,0.0,0.0,0.0,0.0,0.0,0.0,-0.0,0.0,0.0,0.0,0.0,0.0,0.0,0.0,0.0,0.0,0.0,0.0,0.0,0.0,0.0,0.0,0.0,0.0,0.0,0.0,0.0,0.0,0.0,0.0,0.0,0.0,0.0,0.0,0.0,0.0,0.0,0.0,0.0,0.0,0.0,0.0,0.0,0.0,0.0,0.0,0.0,0.0,0.0,0.0,0.0,0.0,0.0,0.0,0.0,0.0,0.0,0.0,0.0,0.0,0.0,0.0,0.0,0.0,0.0,0.0,0.0,0.0,0.0,0.0,0.0,0.0,0.0,0.0,0.0,0.0,0.0,0.0,0.0,0.0,0.0,0.0,0.0,0.0,0.0,0.0,0.0,0.0,0.0,0.0,0.0,0.0,0.0,0.0,0.0,0.0,0.0,0.0,0.0,0.0,0.0,0.0,0.0,0.0,0.0,0.0,0.0,0.0,0.0,0.0,0.0,0.0,0.0,0.0,0.0,0.0,0.0,0.0,0.0,0.0,0.0,0.0,0.0,0.0,0.0,0.0,0.0,0.0,0.0,0.0,0.0,0.0,0.0,0.0,0.0,0.0,0.0,0.0,0.0,0.0,0.0,0.0,0.0,0.0,0.0,0.0,0.0,0.0,0.0,0.0,0.0,0.0,0.0,0.0,0.0,0.0,0.0,0.0,0.0,0.0,0.0,0.0,0.0,0.0,0.0,0.0,0.0,0.0,0.0,0.0,0.0,0.0,0.0,0.0,0.0,0.0,0.0,0.0,-0.0,0.0,0.0,0.0,0.0,0.0,0.0,0.0,0.0,0.0,0.0,0.0,0.0,0.0,0.0,0.0,0.0,0.0,0.0,0.0,0.0,0.0,0.0,0.0,0.0,0.0,0.0,0.0,0.0,0.0,0.0,0.0,0.0,0.0,0.0,0.0,0.0,0.0,0.0,0.0,0.0,0.0,0.0,0.0,0.0,0.0,0.0,0.0,0.0,0.0,0.0,0.0,0.0,0.0,0.0,0.0,0.0,0.0,0.0,0.0,0.0,-0.0,0.0,0.0,0.0,0.0,0.0,0.0,0.0,0.0,0.0,0.0,0.0,0.0,0.0,0.0,0.0,0.0,0.0,0.0,0.0,0.0,0.0,0.0,0.0,0.0,0.0,0.0,0.0,0.0,0.0,0.0,0.0,0.0,0.0,0.0,0.0,0.0,0.0,0.0,0.0,0.0,0.0,0.0,0.0,0.0,0.0,0.0,0.0,0.0,0.0,0.0,0.0,0.0,0.0,0.0,0.0,0.0,0.0,0.0,0.0,0.0,0.0,0.0,0.0,0.0,0.0,0.0,0.0,0.0,0.0,0.0,0.0,0.0,0.0,0.0,0.0,0.0,0.0,0.0,0.0,0.0,0.0,0.0,0.0,0.0,0.0,0.0,0.0,0.0,0.0,0.0,0.0,0.0,0.0,0.0,0.0,0.0,0.0,0.0,0.0,0.0,0.0,0.0,0.0,0.0,0.0,0.0,0.0,0.0,0.0,0.0,0.0,0.0,0.0,0.0,0.0,0.0,0.0,0.0,0.0,0.0,0.0,0.0,0.0,0.0,0.0,0.0,0.0,0.0,0.0,0.0,0.0,0.0,0.0,0.0,0.0,0.0,0.0,0.0,0.0,0.0,0.0,0.0,0.0,0.0,0.0,0.0,0.0,0.0,0.0,0.0,0.0,0.0,0.0,0.0,0.0,0.0,0.0,0.0,0.0,0.0,0.0,0.0,0.0,0.0,0.0,0.0,0.0,0.0,0.0,0.0,0.0,-0.0,0.0,0.0,0.0,0.0,0.0,0.0,0.0,0.0,0.0,0.0,0.0,0.0,0.0,0.0,0.0,0.0,0.0,0.0,0.0,0.0,0.0,0.0,0.0,0.0,0.0,0.0,0.0,0.0,0.0,-0.0,0.0,0.0,0.0,0.0,0.0,0.0,0.0,0.0,0.0,0.0,0.0,0.0,0.0,0.0,0.0,0.0,0.0,0.0,0.0,0.0,0.0,0.0,0.0,0.0,0.0,0.0,0.0,0.0,0.0,0.0,0.0,0.0,0.0,0.0,0.0,0.0,0.0,0.0,0.0,0.0,0.0,0.0,0.0,0.0,0.0,0.0,0.0,0.0,0.0,0.0,0.0,0.0,0.0,0.0,0.0,0.0,0.0,0.0,0.0,0.0,0.0,0.0,0.0,0.0,0.0,0.0,0.0,0.0,0.0,0.0,0.0,0.0,0.0,0.0,0.0,0.0,0.0,0.0,0.0,0.0,0.0,0.0,0.0,0.0,0.0,0.0,0.0,0.0,0.0,0.0,0.0,0.0,0.0,0.0,0.0,0.0,0.0,0.0,0.0,0.0,0.0,0.0,0.0,0.0,0.0,0.0,0.0,0.0,0.0,0.0,0.0,0.0,0.0,0.0,0.0,0.0,0.0,0.0,0.0,0.0,0.0,0.0,0.0,0.0,0.0,0.0,0.0,0.0,0.0,0.0,0.0,0.0,0.0,0.0,0.0,0.0,0.0,0.0,0.0,0.0,0.0,0.0,0.0,0.0,0.0,0.0,0.0,0.0,0.0,0.0,0.0,0.0,0.0,0.0,0.0,0.0,0.0,0.0,0.0,0.0,0.0,0.0,0.0,0.0,0.0,0.0,0.0,0.0,0.0,0.0,-0.0,0.0,0.0,0.0,0.0,0.0,0.0,0.0,0.0,0.0,0.0,0.0,0.0,0.0,0.0,0.0,0.0,0.0,0.0,0.0,0.0,0.0,0.0,0.0,0.0,0.0,0.0,0.0,0.0,0.0,0.0,-0.0,0.0,0.0,0.0,0.0,0.0,0.0,0.0,0.0,0.0,0.0,0.0,0.0,0.0,0.0,0.0,0.0,0.0,0.0,0.0,0.0,0.0,0.0,0.0,0.0,0.0,0.0,0.0,0.0,0.0,0.0,0.0,0.0,0.0,0.0,0.0,0.0,0.0,0.0,0.0,0.0,0.0,0.0,0.0,0.0,0.0,0.0,0.0,0.0,0.0,0.0,0.0,0.0,0.0,0.0,0.0,0.0,0.0,0.0,0.0,0.0,0.0,0.0,0.0,0.0,0.0,0.0,0.0,0.0,0.0,0.0,-0.0,0.0,0.0,0.0,0.0,0.0,0.0,0.0,0.0,0.0,0.0,0.0,0.0,0.0,0.0,0.0,0.0,0.0,0.0,0.0,0.0,0.0,0.0,0.0,0.0,0.0,0.0,0.0,0.0,0.0,0.0,0.0,0.0,0.0,0.0,0.0,0.0,0.0,0.0,0.0,0.0,0.0,0.0,0.0,0.0,0.0,0.0,0.0,0.0,0.0,0.0,0.0,0.0,0.0,0.0,0.0,0.0,0.0,0.0,0.0,0.0,0.0,0.0,0.0,0.0,0.0,0.0,0.0,0.0,0.0,0.0,0.0,0.0,0.0,0.0,0.0,0.0,0.0,0.0,0.0,0.0,0.0,0.0,0.0,0.0,0.0,0.0,0.0,0.0,0.0,0.0,0.0,0.0,0.0,0.0,0.0,0.0,0.0,0.0,0.0,0.0,-0.0,0.0,0.0,0.0,0.0,0.0,0.0,0.0,0.0,0.0,0.0,0.0,0.0,0.0,0.0,0.0,0.0,0.0,0.0,0.0,0.0,0.0,0.0,0.0,0.0,0.0,0.0,0.0,0.0,0.0,0.0,0.0,0.0,0.0,0.0,0.0,0.0,0.0,0.0,0.0,0.0,0.0,0.0,0.0,0.0,0.0,0.0,0.0,0.0,0.0,0.0,0.0,0.0,0.0,0.0,0.0,0.0,0.0,0.0,0.0,0.0,0.0,0.0,0.0,0.0,0.0,0.0,0.0,0.0,0.0,0.0,0.0,0.0,0.0,0.0,0.0,0.0,0.0,0.0,0.0,0.0,0.0,0.0,0.0,0.0,0.0,0.0,0.0,0.0,0.0,0.0,0.0,0.0,0.0,0.0,0.0,0.0,0.0,0.0,0.0,0.0,0.0,0.0,0.0,0.0,0.0,0.0,0.0,0.0,0.0,0.0,0.0,0.0,0.0,0.0,0.0,0.0,0.0,0.0,0.0,0.0,0.0,0.0,0.0,0.0,0.0,0.0,0.0,0.0,0.0,0.0,0.0,0.0,0.0,0.0,0.0,0.0,0.0,0.0,0.0,0.0,0.0,0.0,0.0,0.0,0.0,0.0,0.0,0.0,0.0,0.0,0.0,0.0,0.0,0.0,0.0,0.0,0.0,0.0,0.0,0.0,0.0,0.0,0.0,0.0,0.0,0.0,0.0,0.0,0.0,0.0,0.0,0.0,0.0,0.0,0.0,0.0,0.0,0.0,0.0,0.0,0.0,0.0,0.0,0.0,0.0,0.0,0.0,0.0,0.0,0.0,0.0,0.0,0.0,0.0,0.0,0.0,0.0,0.0,0.0,0.0,0.0,0.0,0.0,0.0,0.0,0.0,0.0,0.0,0.0,0.0,0.0,0.0,0.0,0.0,0.0,0.0,0.0,0.0,0.0,0.0,0.0,0.0,0.0,0.0,0.0,0.0,0.0,0.0,0.0,0.0,0.0,0.0,0.0,0.0,0.0,0.0,0.0,0.0,0.0,0.0,0.0,0.0,0.0,0.0,0.0,0.0,0.0,0.0,0.0,0.0,0.0,0.0,0.0,0.0,0.0,0.0,0.0,0.0,0.0,0.0,0.0,0.0,0.0,0.0,0.0,0.0,0.0,0.0,0.0,0.0,0.0,0.0,0.0,0.0,0.0,0.0,0.0,0.0,0.0,0.0,0.0,0.0,0.0,0.0,0.0,0.0,0.0,0.0,0.0,0.0,0.0,0.0,0.0,0.0,0.0,0.0,0.0,0.0,0.0,0.0,0.0,0.0,-0.0,0.0,0.0,0.0,0.0,0.0,0.0,0.0,0.0,0.0,0.0,0.0,0.0,0.0,0.0,0.0,0.0,0.0,0.0,0.0,0.0,0.0,0.0,0.0,0.0,0.0,0.0,0.0,0.0,0.0,0.0,0.0,0.0,0.0,0.0,0.0,0.0,0.0,0.0,0.0,0.0,0.0,0.0,0.0,0.0,0.0,0.0,0.0,0.0,0.0,0.0,0.0,0.0,0.0,0.0,0.0,0.0,0.0,0.0,0.0,0.0,0.0,0.0,0.0,0.0,0.0,0.0,0.0,0.0,0.0,-0.0,0.0,0.0,0.0,0.0,0.0,0.0,0.0,0.0,0.0,0.0,0.0,0.0,0.0,0.0,0.0,0.0,0.0,0.0,0.0,0.0,0.0,0.0,0.0,0.0,0.0,0.0,0.0,0.0,0.0,-0.0,-0.0,0.0,0.0,0.0,0.0,0.0,0.0,0.0,0.0,0.0,0.0,0.0,0.0,0.0,0.0,0.0,0.0,0.0,0.0,0.0,0.0,0.0,0.0,0.0,0.0,0.0,0.0,0.0,0.0,0.0,0.0,0.0,0.0,0.0,0.0,0.0,0.0,0.0,0.0,0.0,0.0,0.0,0.0,0.0,0.0,0.0,0.0,0.0,0.0,0.0,0.0,0.0,0.0,0.0,0.0,0.0,0.0,0.0,0.0,0.0,0.0,0.0,0.0,0.0,0.0,0.0,0.0,0.0,0.0,0.0,0.0,0.0,0.0,0.0,0.0,0.0,0.0,0.0,0.0,0.0,0.0,0.0,0.0,0.0,0.0,0.0,0.0,0.0,0.0,0.0,0.0,0.0,0.0,0.0,0.0,0.0,0.0,0.0,0.0,0.0,0.0,0.0,0.0,0.0,0.0,0.0,0.0,0.0,0.0,0.0,0.0,0.0,0.0,0.0,0.0,0.0,0.0,0.0,0.0,0.0,0.0,0.0,0.0,0.0,0.0,0.0,0.0,0.0,0.0,0.0,0.0,0.0,0.0,0.0,0.0,0.0,0.0,0.0,0.0,0.0,0.0,0.0,0.0,0.0,0.0,0.0,0.0,0.0,0.0,0.0,0.0,0.0,0.0,0.0,0.0,0.0,0.0,0.0,0.0,0.0,0.0,0.0,0.0,0.0,0.0,0.0,0.0,0.0,0.0,0.0,0.0,0.0,0.0,0.0,0.0,0.0,0.0,0.0,0.0,0.0,0.0,0.0,0.0,0.0,0.0,0.0,0.0,0.0,0.0,0.0,0.0,0.0,0.0,0.0,0.0,0.0,0.0,0.0,0.0,0.0,0.0,0.0,0.0,0.0,0.0,0.0,0.0,0.0,0.0,0.0,0.0,0.0,0.0,0.0,0.0,0.0,0.0,0.0,0.0,0.0,0.0,0.0,0.0,0.0,0.0,0.0,0.0,0.0,0.0,0.0,0.0,0.0,0.0,0.0,0.0,0.0,0.0,0.0,0.0,0.0,0.0,0.0,0.0,0.0,0.0,0.0,0.0,0.0,0.0,0.0,0.0,0.0,0.0,0.0,0.0,0.0,0.0,0.0,0.0,0.0,0.0,0.0,0.0,0.0,0.0,0.0,0.0,0.0,0.0,0.0,0.0,0.0,0.0,0.0,0.0,0.0,0.0,0.0,0.0,0.0,0.0,0.0,0.0,0.0,0.0,0.0,0.0,0.0,0.0,0.0,0.0,0.0,0.0,0.0,0.0,0.0,0.0,0.0,0.0,0.0,0.0,0.0,0.0,0.0,0.0,0.0,0.0,0.0,0.0,0.0,0.0,0.0,0.0,0.0,0.0,0.0,0.0,0.0,0.0,0.0,0.0,0.0,0.0,0.0,0.0,0.0,0.0,0.0,0.0,0.0,0.0,0.0,0.0,0.0,0.0,0.0,0.0,0.0,0.0,0.0,0.0,0.0,0.0,0.0,0.0,0.0,0.0,0.0,0.0,0.0,0.0,0.0,0.0,0.0,0.0,0.0,0.0,0.0,0.0,0.0,0.0,0.0,0.0,0.0,0.0,0.0,0.0,0.0,0.0,0.0,0.0,0.0,0.0,0.0,0.0,0.0,0.0,0.0,0.0,0.0,0.0,0.0,0.0,0.0,0.0,0.0,0.0,0.0,0.0,0.0,0.0,0.0,0.0,0.0,0.0,0.0,0.0,0.0,0.0,0.0,0.0,0.0,0.0,0.0,0.0,0.0,0.0,0.0,0.0,0.0,0.0,0.0,0.0,0.0,0.0,0.0,0.0,0.0,0.0,0.0,0.0,0.0,0.0,0.0,0.0,0.0,0.0,0.0,0.0,0.0,0.0,0.0,0.0,0.0,0.0,0.0,0.0,0.0,0.0,0.0,0.0,0.0,0.0,0.0,0.0,0.0,0.0,0.0,0.0,0.0,0.0,0.0,0.0,0.0,0.0,0.0,0.0,0.0,0.0,0.0,0.0,0.0,0.0,0.0,0.0,0.0,0.0,0.0,0.0,0.0,0.0,0.0,0.0,0.0,0.0,0.0,0.0,0.0,0.0,0.0,0.0,0.0,0.0,0.0,0.0,0.0,0.0,0.0,0.0,0.0,0.0,0.0,0.0,0.0,0.0,0.0,0.0,0.0,0.0,0.0,0.0,0.0,0.0,0.0,0.0,0.0,0.0,0.0,0.0,0.0,0.0,0.0,0.0,0.0,0.0,0.0,0.0,0.0,0.0,0.0,0.0,0.0,0.0,0.0,0.0,0.0,0.0,0.0,0.0,0.0,0.0,0.0,0.0,0.0,0.0,-0.0,-0.0,-0.0,-0.0,0.0,-0.0,0.0,-0.0,0.0,0.0,0.0,0.0,0.0,0.0,0.0,0.0,0.0,0.0,0.0,0.0,0.0,0.0,0.0,0.0,0.0,0.0,0.0,0.0,0.0,0.0,0.0,0.0,0.0,0.0,0.0,0.0,0.0,0.0,0.0,0.0,-0.0,0.0,-0.0,0.0,0.0,0.0,0.0,0.0,0.0,0.0,0.0,0.0,0.0,0.0,0.0,0.0,0.0,0.0,0.0,0.0,-0.0,-0.0,0.0,-0.0,0.0,0.0,0.0,0.0,0.0,0.0,0.0,-0.0,0.0,0.0,0.0,0.0,0.0,0.0,0.0,0.0,0.0,0.0,0.0,0.0,0.0,0.0,0.0,0.0,0.0,0.0,0.0,0.0,0.0,0.0,0.0,0.0,0.0,0.0,0.0,0.0,0.0,-0.0,0.0,0.0,0.0,0.0,0.0,0.0,0.0,0.0,0.0,0.0,0.0,0.0,0.0,0.0,0.0,0.0,0.0,0.0,0.0,0.0,0.0,0.0,0.0,0.0,0.0,0.0,0.0,0.0,0.0,0.0,0.0,0.0,0.0,0.0,0.0,0.0,0.0,0.0,0.0,-0.0,0.0,0.0,0.0,0.0,0.0,0.0,0.0,0.0,0.0,0.0,0.0,0.0,0.0,0.0,0.0,0.0,0.0,0.0,0.0,0.0,0.0,0.0,0.0,0.0,0.0,0.0,0.0,0.0,0.0,-0.0,0.0,0.0,0.0,0.0,0.0,0.0,0.0,0.0,0.0,0.0,0.0,0.0,0.0,0.0,0.0,0.0,0.0,0.0,0.0,0.0,0.0,0.0,0.0,0.0,0.0,0.0,0.0,0.0,0.0,0.0,0.0,0.0,0.0,0.0,0.0,0.0,0.0,0.0,0.0,0.0,0.0,0.0,0.0,0.0,0.0,0.0,0.0,0.0,0.0,0.0,0.0,0.0,0.0,0.0,0.0,0.0,0.0,0.0,0.0,0.0,0.0,0.0,0.0,0.0,0.0,0.0,0.0,0.0,0.0,0.0,0.0,0.0,0.0,0.0,0.0,0.0,0.0,0.0,0.0,0.0,0.0,0.0,0.0,0.0,0.0,0.0,0.0,0.0,0.0,0.0,0.0,0.0,0.0,0.0,0.0,0.0,0.0,0.0,0.0,0.0,0.0,-0.0,0.0,0.0,0.0,0.0,0.0,0.0,0.0,0.0,0.0,0.0,0.0,0.0,0.0,0.0,0.0,0.0,0.0,0.0,0.0,0.0,0.0,0.0,0.0,0.0,0.0,0.0,0.0,0.0,0.0,0.0,0.0,0.0,0.0,0.0,0.0,0.0,0.0,0.0,0.0,0.0,0.0,0.0,0.0,0.0,0.0,0.0,0.0,0.0,0.0,0.0,0.0,0.0,0.0,0.0,0.0,0.0,0.0,0.0,0.0,0.0,0.0,0.0,0.0,0.0,0.0,0.0,0.0,0.0,0.0,0.0,0.0,0.0,0.0,0.0,0.0,0.0,0.0,0.0,0.0,0.0,0.0,0.0,0.0,0.0,0.0,0.0,0.0,0.0,0.0,0.0,0.0,0.0,0.0,0.0,0.0,0.0,0.0,0.0,0.0,-0.0,-0.0,0.0,0.0,0.0,0.0,0.0,0.0,0.0,0.0,0.0,0.0,0.0,0.0,0.0,0.0,0.0,0.0,0.0,0.0,0.0,0.0,0.0,0.0,0.0,0.0,0.0,0.0,0.0,0.0,0.0,0.0,0.0,0.0,0.0,0.0,0.0,0.0,0.0,0.0,0.0,0.0,0.0,0.0,0.0,0.0,0.0,0.0,0.0,0.0,0.0,0.0,0.0,0.0,0.0,0.0,0.0,0.0,0.0,0.0,0.0,0.0,0.0,0.0,0.0,0.0,0.0,0.0,0.0,0.0,0.0,0.0,0.0,0.0,0.0,0.0,0.0,0.0,0.0,0.0,0.0,0.0,0.0,0.0,0.0,0.0,0.0,0.0,0.0,0.0,0.0,0.0,0.0,0.0,0.0,0.0,0.0,0.0,0.0,0.0,0.0,-0.0,0.0,0.0,0.0,0.0,0.0,0.0,0.0,0.0,0.0,0.0,0.0,0.0,0.0,0.0,0.0,0.0,0.0,0.0,0.0,0.0,0.0,0.0,0.0,0.0,0.0,0.0,0.0,0.0,0.0,0.0,0.0,0.0,0.0,0.0,0.0,0.0,0.0,0.0,0.0,0.0,0.0,0.0,0.0,0.0,0.0,0.0,0.0,0.0,0.0,0.0,0.0,0.0,0.0,0.0,0.0,0.0,0.0,0.0,0.0,0.0,0.0,0.0,0.0,0.0,0.0,0.0,0.0,0.0,0.0,0.0,0.0,0.0,0.0,0.0,0.0,0.0,0.0,0.0,0.0,0.0,0.0,0.0,0.0,0.0,0.0,0.0,0.0,0.0,0.0,0.0,0.0,0.0,0.0,0.0,0.0,0.0,0.0,0.0,0.0,0.0,0.0,-0.0,0.0,0.0,0.0,0.0,0.0,0.0,0.0,0.0,0.0,0.0,0.0,0.0,0.0,0.0,0.0,0.0,0.0,0.0,0.0,0.0,0.0,0.0,0.0,0.0,0.0,0.0,0.0,0.0,0.0,0.0,0.0,0.0,0.0,0.0,0.0,0.0,0.0,0.0,0.0,0.0,0.0,0.0,0.0,0.0,0.0,0.0,0.0,0.0,0.0,0.0,0.0,0.0,0.0,0.0,0.0,0.0,0.0,0.0,0.0,0.0,0.0,0.0,0.0,0.0,0.0,0.0,0.0,0.0,0.0,0.0,0.0,0.0,0.0,0.0,0.0,0.0,0.0,0.0,0.0,0.0,0.0,0.0,0.0,0.0,0.0,0.0,0.0,0.0,0.0,0.0,0.0,0.0,0.0,0.0,0.0,0.0,0.0,0.0,0.0,0.0,0.0,0.0,0.0,0.0,0.0,0.0,0.0,0.0,0.0,0.0,0.0,0.0,0.0,0.0,0.0,0.0,0.0,0.0,0.0,0.0,0.0,0.0,0.0,0.0,0.0,0.0,0.0,0.0,0.0,0.0,0.0,0.0,0.0,0.0,0.0,0.0,0.0,0.0,0.0,0.0,0.0,0.0,0.0,0.0,0.0,0.0,0.0,0.0,0.0,0.0,0.0,0.0,0.0,0.0,0.0,0.0,0.0,0.0,0.0,0.0,0.0,0.0,0.0,0.0,0.0,0.0,0.0,0.0,0.0,0.0,0.0,0.0,0.0,0.0,0.0,0.0,0.0,0.0,0.0,0.0,0.0,0.0,0.0,0.0,0.0,0.0,0.0,0.0,0.0,0.0,0.0,0.0,0.0,0.0,0.0,0.0,0.0,0.0,0.0,0.0,0.0,0.0,0.0,0.0,0.0,0.0,0.0,0.0,0.0,0.0,0.0,0.0,0.0,0.0,0.0,0.0,0.0,0.0,0.0,0.0,0.0,0.0,0.0,0.0,0.0,0.0,0.0,0.0,0.0,0.0,0.0,0.0,0.0,0.0,0.0,0.0,0.0,0.0,0.0,0.0,0.0,0.0,0.0,0.0,0.0,0.0,0.0,0.0,0.0,0.0,0.0,0.0,0.0,0.0,0.0,0.0,0.0,0.0,0.0,0.0,0.0,0.0,0.0,0.0,0.0,0.0,0.0,0.0,0.0,0.0,0.0,0.0,0.0,0.0,0.0,0.0,0.0,0.0,0.0,0.0,0.0,0.0,0.0,0.0,0.0,0.0,0.0,0.0,0.0,0.0,0.0,0.0,0.0,0.0,0.0,0.0,0.0,0.0,0.0,0.0,0.0,0.0,-0.0,0.0,0.0,0.0,0.0,0.0,0.0,0.0,0.0,0.0,0.0,0.0,0.0,0.0,0.0,0.0,0.0,0.0,0.0,0.0,0.0,0.0,0.0,0.0,0.0,0.0,0.0,0.0,0.0,0.0,0.0,0.0,0.0,0.0,0.0,0.0,0.0,0.0,0.0,0.0,0.0,0.0,0.0,0.0,0.0,0.0,0.0,0.0,0.0,0.0,0.0,0.0,0.0,0.0,0.0,0.0,0.0,0.0,0.0,0.0,0.0,0.0,0.0,0.0,0.0,0.0,0.0,0.0,0.0,0.0,0.0,0.0,0.0,0.0,0.0,0.0,0.0,0.0,0.0,0.0,0.0,0.0,0.0,0.0,0.0,0.0,0.0,0.0,0.0,0.0,0.0,0.0,0.0,0.0,0.0,0.0,0.0,0.0,0.0,0.0,-0.0,0.0,0.0,0.0,0.0,0.0,0.0,0.0,0.0,0.0,0.0,0.0,0.0,0.0,0.0,0.0,0.0,0.0,0.0,0.0,0.0,0.0,0.0,0.0,0.0,0.0,0.0,0.0,0.0,0.0,0.0,0.0,0.0,0.0,0.0,0.0,0.0,0.0,0.0,0.0,0.0,0.0,0.0,0.0,0.0,0.0,0.0,0.0,0.0,0.0,0.0,0.0,0.0,0.0,0.0,0.0,0.0,0.0,0.0,0.0,0.0,0.0,0.0,0.0,0.0,0.0,0.0,0.0,0.0,0.0,0.0,0.0,0.0,0.0,0.0,0.0,0.0,0.0,0.0,0.0,0.0,0.0,0.0,0.0,0.0,0.0,0.0,0.0,0.0,0.0,0.0,0.0,0.0,0.0,0.0,0.0,0.0,0.0,0.0,0.0,0.0,0.0,-0.0,0.0,0.0,0.0,0.0,0.0,0.0,0.0,0.0,0.0,0.0,0.0,0.0,0.0,0.0,0.0,0.0,0.0,0.0,0.0,0.0,0.0,0.0,0.0,0.0,0.0,0.0,0.0,0.0,0.0,0.0,0.0,0.0,0.0,0.0,0.0,0.0,0.0,0.0,0.0,0.0,0.0,0.0,0.0,0.0,0.0,0.0,0.0,0.0,0.0,0.0,0.0,0.0,0.0,0.0,0.0,0.0,0.0,0.0,0.0,0.0,0.0,0.0,0.0,0.0,0.0,0.0,0.0,0.0,0.0,0.0,0.0,0.0,0.0,0.0,0.0,0.0,0.0,0.0,0.0,0.0,0.0,0.0,0.0,0.0,0.0,0.0,0.0,0.0,0.0,0.0,0.0,0.0,0.0,0.0,0.0,0.0,0.0,0.0,0.0,-0.0,0.0,0.0,0.0,0.0,0.0,0.0,0.0,0.0,0.0,0.0,0.0,0.0,0.0,0.0,0.0,0.0,0.0,0.0,0.0,0.0,0.0,0.0,0.0,0.0,0.0,0.0,0.0,0.0,0.0,0.0,0.0,0.0,0.0,0.0,0.0,0.0,0.0,0.0,0.0,0.0,0.0,0.0,0.0,0.0,0.0,0.0,0.0,0.0,0.0,0.0,0.0,0.0,0.0,0.0,0.0,0.0,0.0,0.0,0.0,0.0,0.0,0.0,0.0,0.0,0.0,0.0,0.0,0.0,0.0,0.0,0.0,0.0,0.0,0.0,0.0,0.0,0.0,0.0,0.0,0.0,0.0,0.0,0.0,0.0,0.0,0.0,0.0,0.0,0.0,0.0,0.0,0.0,0.0,0.0,0.0,0.0,0.0,0.0,0.0,0.0,0.0,0.0,0.0,0.0,0.0,0.0,0.0,0.0,0.0,0.0,0.0,0.0,0.0,0.0,0.0,0.0,0.0,0.0,0.0,0.0,0.0,0.0,0.0,0.0,0.0,0.0,0.0,0.0,0.0,0.0,0.0,0.0,0.0,0.0,0.0,0.0,0.0,0.0,0.0,0.0,0.0,0.0,0.0,0.0,0.0,0.0,0.0,0.0,0.0,0.0,0.0,0.0,0.0,0.0,0.0,0.0,0.0,0.0,0.0,0.0,0.0,0.0,0.0,0.0,0.0,0.0,0.0,0.0,0.0,0.0,0.0,0.0,0.0,0.0,0.0,0.0,0.0,0.0,0.0,0.0,0.0,0.0,0.0,0.0,0.0,0.0,0.0,0.0,0.0,0.0,0.0,0.0,0.0,0.0,0.0,0.0,0.0,0.0,0.0,0.0,0.0,0.0,0.0,0.0,0.0,0.0,0.0,0.0,0.0,0.0,0.0,0.0,0.0,0.0,0.0,0.0,0.0,0.0,0.0,0.0,0.0,0.0,0.0,0.0,0.0,0.0,0.0,0.0,0.0,0.0,0.0,0.0,0.0,0.0,0.0,0.0,0.0,0.0,0.0,0.0,0.0,0.0,0.0,0.0,0.0,0.0,0.0,0.0,0.0,0.0,0.0,0.0,0.0,0.0,0.0,0.0,0.0,0.0,0.0,0.0,0.0,0.0,0.0,0.0,0.0,0.0,0.0,0.0,0.0,0.0,0.0,0.0,0.0,0.0,0.0,0.0,0.0,0.0,0.0,0.0,0.0,0.0,0.0,0.0,0.0,0.0,0.0,0.0,0.0,0.0,0.0,0.0,0.0,0.0,0.0,0.0,0.0,0.0,0.0,0.0,0.0,0.0,-0.0,0.0,0.0,0.0,0.0,0.0,0.0,0.0,0.0,0.0,0.0,0.0,0.0,0.0,0.0,0.0,0.0,0.0,0.0,0.0,0.0,0.0,0.0,0.0,0.0,0.0,0.0,0.0,0.0,0.0,0.0,0.0,0.0,0.0,0.0,0.0,0.0,0.0,0.0,0.0,0.0,0.0,0.0,0.0,0.0,0.0,0.0,0.0,0.0,0.0,0.0,0.0,0.0,0.0,0.0,0.0,0.0,0.0,0.0,0.0,0.0,0.0,0.0,0.0,0.0,0.0,0.0,0.0,0.0,0.0,0.0,0.0,0.0,0.0,0.0,0.0,0.0,0.0,0.0,0.0,0.0,0.0,0.0,0.0,0.0,0.0,0.0,0.0,0.0,0.0,0.0,0.0,0.0,0.0,0.0,0.0,0.0,0.0,0.0,0.0,0.0,0.0,0.0,0.0,0.0,0.0,0.0,0.0,0.0,0.0,0.0,0.0,0.0,0.0,0.0,0.0,0.0,0.0,0.0,0.0,0.0,0.0,0.0,0.0,0.0,0.0,0.0,0.0,0.0,0.0,0.0,0.0,0.0,0.0,0.0,0.0,0.0,0.0,0.0,0.0,0.0,0.0,0.0,0.0,0.0,0.0,0.0,0.0,0.0,0.0,0.0,0.0,0.0,0.0,0.0,0.0,0.0,0.0,0.0,0.0,0.0,0.0,0.0,0.0,0.0,0.0,0.0,0.0,0.0,0.0,0.0,0.0,0.0,0.0,0.0,0.0,0.0,0.0,0.0,0.0,0.0,0.0,0.0,0.0,0.0,0.0,0.0,0.0,0.0,0.0,0.0,0.0,0.0,0.0,0.0,0.0,0.0,0.0,0.0,0.0,0.0,0.0,0.0,0.0,0.0,0.0,0.0,0.0,0.0,0.0,0.0,0.0,0.0,0.0,0.0,0.0,0.0,0.0,0.0,0.0,0.0,0.0,0.0,0.0,0.0,0.0,0.0,0.0,0.0,0.0,0.0,0.0,0.0,0.0,0.0,0.0,0.0,0.0,0.0,0.0,0.0,0.0,0.0,0.0,0.0,0.0,0.0,0.0,0.0,0.0,0.0,0.0,0.0,0.0,0.0,0.0,0.0,0.0,0.0,0.0,0.0,0.0,0.0,0.0,0.0,0.0,0.0,0.0,0.0,0.0,0.0,0.0,0.0,0.0,0.0,0.0,0.0,0.0,0.0,0.0,0.0,0.0,0.0,0.0,0.0,0.0,0.0,0.0,0.0,0.0,0.0,0.0,0.0,0.0,0.0,0.0,0.0,0.0,0.0,0.0,0.0,0.0,0.0,0.0,0.0,0.0,0.0,0.0,0.0,0.0,0.0,0.0,0.0,0.0,0.0,0.0,0.0,0.0,0.0,0.0,0.0,0.0,0.0,0.0,0.0,0.0,0.0,0.0,0.0,0.0,0.0,0.0,0.0,0.0,0.0,0.0,0.0,0.0,0.0,0.0,0.0,0.0,0.0,0.0,0.0,0.0,0.0,0.0,0.0,0.0,0.0,0.0,0.0,0.0,0.0,0.0,0.0,0.0,0.0,0.0,0.0,0.0,0.0,0.0,0.0,0.0,0.0,0.0,0.0,0.0,0.0,0.0,0.0,0.0,0.0,0.0,0.0,0.0,0.0,0.0,0.0,0.0,0.0,0.0,0.0,0.0,0.0,0.0,0.0,0.0,0.0,0.0,0.0,0.0,0.0,0.0,0.0,0.0,0.0,0.0,0.0,0.0,0.0,0.0,0.0,0.0,0.0,0.0,0.0,0.0,0.0,0.0,0.0,0.0,0.0,0.0,0.0,0.0,0.0,0.0,0.0,0.0,0.0,0.0,0.0,0.0,0.0,0.0,0.0,0.0,0.0,0.0,0.0,0.0,0.0,0.0,0.0,0.0,0.0,0.0,0.0,0.0,0.0,0.0,0.0,0.0,0.0,0.0,0.0,0.0,0.0,0.0,0.0,0.0,0.0,0.0,0.0,0.0,0.0,0.0,0.0,0.0,0.0,0.0,0.0,0.0,0.0,0.0,0.0,0.0,0.0,0.0,0.0,0.0,0.0,0.0,0.0,0.0,0.0,0.0,0.0,0.0,0.0,0.0,0.0,0.0,0.0,0.0,0.0,0.0,0.0,0.0,0.0,0.0,0.0,0.0,0.0,0.0,0.0,0.0,0.0,0.0,0.0,0.0,0.0,0.0,0.0,0.0,0.0,0.0,0.0,0.0,0.0,0.0,0.0,0.0,0.0,0.0,0.0,0.0,0.0,0.0,0.0,0.0,0.0,0.0,0.0,0.0,0.0,0.0,0.0,0.0,0.0,0.0,0.0,0.0,0.0,0.0,0.0,0.0,0.0,0.0,0.0,0.0,0.0,0.0,0.0,0.0,0.0,0.0,0.0,0.0,0.0,0.0,0.0,0.0,0.0,0.0,0.0,0.0,0.0,0.0,0.0,0.0,0.0,0.0,0.0,0.0,0.0,0.0,0.0,0.0,0.0,0.0,0.0,0.0,0.0,0.0,0.0,0.0,0.0,0.0,0.0,0.0,0.0,0.0,0.0,0.0,0.0,0.0,0.0,0.0,0.0,0.0,0.0,0.0,0.0,0.0,0.0,0.0,0.0,0.0,0.0,0.0,0.0,0.0,0.0,-0.0,0.0,0.0,0.0,0.0,0.0,0.0,0.0,0.0,0.0,0.0,0.0,0.0,0.0,0.0,0.0,0.0,0.0,0.0,0.0,0.0,0.0,0.0,0.0,0.0,0.0,0.0,0.0,0.0,0.0,0.0,0.0,0.0,0.0,0.0,0.0,0.0,0.0,0.0,0.0,0.0,0.0,0.0,0.0,0.0,0.0,0.0,0.0,0.0,0.0,0.0,0.0,0.0,0.0,0.0,0.0,0.0,0.0,0.0,0.0,0.0,0.0,0.0,0.0,0.0,0.0,0.0,0.0,0.0,0.0,0.0,0.0,0.0,0.0,0.0,0.0,0.0,0.0,0.0,0.0,0.0,0.0,0.0,0.0,0.0,0.0,0.0,0.0,0.0,0.0,0.0,0.0,0.0,0.0,0.0,0.0,0.0,0.0,0.0,0.0,-0.0,0.0,0.0,0.0,0.0,0.0,0.0,0.0,0.0,0.0,0.0,0.0,0.0,0.0,0.0,0.0,0.0,0.0,0.0,0.0,0.0,0.0,0.0,0.0,0.0,0.0,0.0,0.0,0.0,0.0,0.0,0.0,0.0,0.0,0.0,0.0,0.0,0.0,0.0,0.0,0.0,0.0,0.0,0.0,0.0,0.0,0.0,0.0,0.0,0.0,0.0,0.0,0.0,0.0,0.0,0.0,0.0,0.0,0.0,0.0,0.0,0.0,0.0,0.0,0.0,0.0,0.0,0.0,0.0,0.0,0.0,0.0,0.0,0.0,0.0,0.0,0.0,0.0,0.0,0.0,0.0,0.0,0.0,0.0,0.0,0.0,0.0,0.0,0.0,0.0,0.0,0.0,0.0,0.0,0.0,0.0,0.0,0.0,0.0,0.0,0.0,0.0,0.0,0.0,0.0,0.0,0.0,0.0,0.0,0.0,0.0,0.0,0.0,0.0,0.0,0.0,0.0,0.0,0.0,0.0,0.0,0.0,0.0,0.0,0.0,0.0,0.0,0.0,0.0,0.0,0.0,0.0,0.0,0.0,0.0,0.0,0.0,0.0,0.0,0.0,0.0,0.0,0.0,0.0,0.0,0.0,0.0,0.0,0.0,0.0,0.0,0.0,0.0,0.0,0.0,0.0,0.0,0.0,0.0,0.0,0.0,0.0,0.0,0.0,0.0,0.0,0.0,0.0,0.0,0.0,0.0,0.0,0.0,0.0,0.0,0.0,0.0,0.0,0.0,0.0,0.0,0.0,0.0,0.0,0.0,0.0,0.0,0.0,0.0,0.0,0.0,0.0,0.0,0.0,0.0,0.0,0.0,0.0,0.0,0.0,0.0,0.0,0.0,-0.0,0.0,0.0,0.0,0.0,0.0,0.0,0.0,0.0,0.0,0.0,0.0,0.0,0.0,0.0,0.0,0.0,0.0,0.0,0.0,0.0,0.0,0.0,0.0,0.0,0.0,0.0,0.0,0.0,0.0,0.0,0.0,0.0,0.0,0.0,0.0,0.0,0.0,0.0,0.0,0.0,0.0,0.0,0.0,0.0,0.0,0.0,0.0,0.0,0.0,0.0,0.0,0.0,0.0,0.0,0.0,0.0,0.0,0.0,0.0,0.0,0.0,0.0,0.0,0.0,0.0,0.0,0.0,0.0,0.0,0.0,0.0,0.0,0.0,0.0,0.0,0.0,0.0,0.0,0.0,0.0,0.0,0.0,0.0,0.0,0.0,0.0,0.0,0.0,0.0,0.0,0.0,0.0,0.0,0.0,0.0,0.0,0.0,0.0,0.0,0.0,0.0,0.0,0.0,0.0,0.0,0.0,0.0,0.0,0.0,0.0,0.0,0.0,0.0,0.0,0.0,0.0,0.0,0.0,0.0,0.0,0.0,0.0,0.0,0.0,0.0,0.0,0.0,0.0,0.0,0.0,0.0,0.0,0.0,0.0,0.0,0.0,0.0,0.0,0.0,0.0,0.0,0.0,0.0,0.0,0.0,0.0,0.0,0.0,0.0,0.0,0.0,0.0,0.0,0.0,0.0,0.0,0.0,0.0,0.0,0.0,0.0,0.0,0.0,0.0,0.0,0.0,0.0,0.0,0.0,0.0,0.0,0.0,0.0,0.0,0.0,0.0,0.0,0.0,0.0,0.0,0.0,0.0,0.0,0.0,0.0,0.0,0.0,0.0,0.0,0.0,0.0,0.0,0.0,0.0,0.0,0.0,0.0,0.0,0.0,0.0,0.0,-0.0,0.0,0.0,0.0,0.0,0.0,0.0,0.0,0.0,0.0,0.0,0.0,0.0,0.0,0.0,0.0,0.0,0.0,0.0,0.0,0.0,0.0,0.0,0.0,0.0,0.0,0.0,0.0,0.0,0.0,0.0,0.0,0.0,0.0,0.0,0.0,0.0,0.0,0.0,0.0,0.0,0.0,0.0,0.0,0.0,0.0,0.0,0.0,0.0,0.0,0.0,0.0,0.0,0.0,0.0,0.0,0.0,0.0,0.0,0.0,0.0,0.0,0.0,0.0,0.0,0.0,0.0,0.0,0.0,0.0,0.0,0.0,0.0,0.0,0.0,0.0,0.0,0.0,0.0,0.0,0.0,0.0,0.0,0.0,0.0,0.0,0.0,0.0,0.0,0.0,0.0,0.0,0.0,0.0,0.0,0.0,0.0,0.0,0.0,0.0,-0.0,0.0,0.0,0.0,0.0,0.0,0.0,0.0,0.0,0.0,0.0,0.0,0.0,0.0,0.0,0.0,0.0,0.0,0.0,0.0,0.0,0.0,0.0,0.0,0.0,0.0,0.0,0.0,0.0,0.0,0.0,0.0,0.0,0.0,0.0,0.0,0.0,0.0,0.0,0.0,0.0,0.0,0.0,0.0,0.0,0.0,0.0,0.0,0.0,0.0,0.0,0.0,0.0,0.0,0.0,0.0,0.0,0.0,0.0,0.0,0.0,0.0,0.0,0.0,0.0,0.0,0.0,0.0,0.0,0.0,0.0,0.0,0.0,0.0,0.0,0.0,0.0,0.0,0.0,0.0,0.0,0.0,0.0,0.0,0.0,0.0,0.0,0.0,0.0,0.0,0.0,0.0,0.0,0.0,0.0,0.0,0.0,0.0,0.0,0.0,0.0,0.0,0.0,0.0,0.0,0.0,0.0,0.0,0.0,0.0,0.0,0.0,0.0,0.0,0.0,0.0,0.0,0.0,0.0,0.0,0.0,0.0,0.0,0.0,0.0,0.0,0.0,0.0,0.0,0.0,0.0,0.0,0.0,0.0,0.0,0.0,0.0,0.0,0.0,0.0,0.0,0.0,0.0,0.0,0.0,0.0,0.0,0.0,0.0,0.0,0.0,0.0,0.0,0.0,0.0,0.0,0.0,0.0,0.0,0.0,0.0,0.0,0.0,0.0,0.0,0.0,0.0,0.0,0.0,0.0,0.0,0.0,0.0,0.0,0.0,0.0,0.0,0.0,0.0,0.0,0.0,0.0,0.0,0.0,0.0,0.0,0.0,0.0,0.0,0.0,0.0,0.0,0.0,0.0,0.0,0.0,0.0,0.0,0.0,0.0,0.0,0.0,0.0,0.0,0.0,0.0,0.0,0.0,0.0,0.0,0.0,0.0,0.0,0.0,0.0,0.0,0.0,0.0,0.0,0.0,0.0,0.0,0.0,0.0,0.0,0.0,0.0,0.0,0.0,0.0,0.0,0.0,0.0,0.0,0.0,0.0,0.0,0.0,0.0,0.0,0.0,0.0,0.0,0.0,0.0,0.0,0.0,0.0,0.0,0.0,0.0,0.0,0.0,0.0,0.0,0.0,0.0,0.0,0.0,0.0,0.0,0.0,0.0,0.0,0.0,0.0,0.0,0.0,0.0,0.0,0.0,0.0,0.0,0.0,0.0,0.0,0.0,0.0,0.0,0.0,0.0,0.0,0.0,0.0,0.0,0.0,0.0,0.0,0.0,0.0,0.0,0.0,0.0,0.0,0.0,0.0,0.0,0.0,0.0,0.0,0.0,0.0,0.0,0.0,0.0,0.0,0.0,0.0,0.0,0.0,0.0,0.0,0.0,0.0,0.0,0.0,0.0,0.0,0.0,0.0,0.0,0.0,0.0,0.0,0.0,0.0,0.0,0.0,0.0,0.0,0.0,0.0,0.0,0.0,0.0,0.0,0.0,0.0,0.0,0.0,0.0,0.0,0.0,0.0,0.0,0.0,0.0,0.0,0.0,0.0,0.0,0.0,0.0,0.0,0.0,0.0,0.0,0.0,0.0,0.0,0.0,0.0,0.0,0.0,0.0,0.0,0.0,0.0,0.0,0.0,0.0,0.0,0.0,0.0,0.0,0.0,0.0,0.0,0.0,0.0,0.0,0.0,0.0,0.0,0.0,0.0,0.0,0.0,0.0,0.0,0.0,0.0,0.0,0.0,0.0,0.0,0.0,0.0,0.0,0.0,0.0,0.0,0.0,0.0,0.0,0.0,0.0,0.0,0.0,0.0,0.0,0.0,0.0,0.0,0.0,0.0,0.0,0.0,0.0,0.0,0.0,0.0,0.0,0.0,0.0,0.0,0.0,0.0,0.0,0.0,0.0,0.0,0.0,0.0,0.0,0.0,0.0,0.0,0.0,0.0,0.0,0.0,0.0,0.0,0.0,0.0,0.0,0.0,0.0,0.0,0.0,0.0,0.0,0.0,0.0,0.0,0.0,0.0,0.0,0.0,0.0,0.0,0.0,0.0,0.0,0.0,0.0,0.0,0.0,0.0,0.0,0.0,0.0,0.0,0.0,0.0,0.0,0.0,0.0,0.0,0.0,0.0,0.0,0.0,0.0,0.0,0.0,0.0,0.0,0.0,0.0,0.0,0.0,0.0,0.0,0.0,0.0,0.0,0.0,0.0,0.0,0.0,0.0,0.0,0.0,0.0,0.0,0.0,0.0,0.0,0.0,0.0,0.0,0.0,0.0,0.0,0.0,0.0,0.0,0.0,0.0,0.0,0.0,0.0,0.0,0.0,0.0,0.0,0.0,0.0,0.0,0.0,0.0,0.0,0.0,0.0,0.0,0.0,0.0,0.0,0.0,0.0,0.0,0.0,0.0,0.0,0.0,0.0,0.0,0.0,0.0,0.0,0.0,0.0,0.0,0.0,0.0,0.0,0.0,0.0,0.0,0.0,0.0,0.0,0.0,0.0,0.0,0.0,0.0,0.0,0.0,0.0,0.0,0.0,0.0,0.0,0.0,0.0,0.0,0.0,0.0,0.0,0.0,0.0,0.0,0.0,0.0,0.0,0.0,0.0,0.0,0.0,0.0,0.0,0.0,0.0,0.0,0.0,0.0,0.0,0.0,0.0,0.0,0.0,0.0,0.0,-0.0,0.0,0.0,0.0,0.0,0.0,0.0,0.0,0.0,0.0,0.0,0.0,0.0,0.0,0.0,0.0,0.0,0.0,0.0,0.0,0.0,0.0,0.0,0.0,0.0,0.0,0.0,0.0,0.0,0.0,0.0,0.0,0.0,0.0,0.0,0.0,0.0,0.0,0.0,0.0,0.0,0.0,0.0,0.0,0.0,0.0,0.0,0.0,0.0,0.0,0.0,0.0,0.0,0.0,0.0,0.0,0.0,0.0,0.0,0.0,0.0,0.0,0.0,0.0,0.0,0.0,0.0,0.0,0.0,0.0,0.0,0.0,0.0,0.0,0.0,0.0,0.0,0.0,0.0,0.0,0.0,0.0,0.0,0.0,0.0,0.0,0.0,0.0,0.0,0.0,0.0,0.0,0.0,0.0,0.0,0.0,0.0,0.0,0.0,0.0,0.0,0.0,0.0,0.0,0.0,0.0,0.0,0.0,0.0,0.0,0.0,0.0,0.0,0.0,0.0,0.0,0.0,0.0,0.0,0.0,0.0,0.0,0.0,0.0,0.0,0.0,0.0,0.0,0.0,0.0,0.0,0.0,0.0,0.0,0.0,0.0,0.0,0.0,0.0,0.0,0.0,0.0,0.0,0.0,0.0,0.0,0.0,0.0,0.0,0.0,0.0,0.0,0.0,0.0,0.0,0.0,0.0,0.0,0.0,0.0,0.0,0.0,0.0,0.0,0.0,0.0,0.0,0.0,0.0,0.0,0.0,0.0,0.0,0.0,0.0,0.0,0.0,0.0,0.0,0.0,0.0,0.0,0.0,0.0,0.0,0.0,0.0,0.0,0.0,0.0,0.0,0.0,0.0,0.0,0.0,0.0,0.0,0.0,0.0,0.0,0.0,0.0,0.0,-0.0,0.0,0.0,0.0,0.0,0.0,0.0,0.0,0.0,0.0,0.0,0.0,0.0,0.0,0.0,0.0,0.0,0.0,0.0,0.0,0.0,0.0,0.0,0.0,0.0,0.0,0.0,0.0,0.0,0.0,0.0,0.0,0.0,0.0,0.0,0.0,0.0,0.0,0.0,0.0,0.0,0.0,0.0,0.0,0.0,0.0,0.0,0.0,0.0,0.0,0.0,0.0,0.0,0.0,0.0,0.0,0.0,0.0,0.0,0.0,0.0,0.0,0.0,0.0,0.0,0.0,0.0,0.0,0.0,0.0,0.0,0.0,0.0,0.0,0.0,0.0,0.0,0.0,0.0,0.0,0.0,0.0,0.0,0.0,0.0,0.0,0.0,0.0,0.0,0.0,0.0,0.0,0.0,0.0,0.0,0.0,0.0,0.0,0.0,0.0,-0.0,-0.0,0.0,0.0,0.0,0.0,0.0,0.0,0.0,0.0,0.0,0.0,0.0,0.0,0.0,0.0,0.0,0.0,0.0,0.0,0.0,0.0,0.0,0.0,0.0,0.0,0.0,0.0,0.0,0.0,0.0,0.0,0.0,0.0,0.0,0.0,0.0,0.0,0.0,0.0,0.0,0.0,0.0,0.0,0.0,0.0,0.0,0.0,0.0,0.0,0.0,0.0,0.0,0.0,0.0,0.0,0.0,0.0,0.0,0.0,0.0,0.0,0.0,0.0,0.0,0.0,0.0,0.0,0.0,0.0,0.0,0.0,0.0,0.0,0.0,0.0,0.0,0.0,0.0,0.0,0.0,0.0,0.0,0.0,0.0,0.0,0.0,0.0,0.0,0.0,0.0,0.0,0.0,0.0,0.0,0.0,0.0,0.0,0.0,0.0,0.0,-0.0,0.0,0.0,0.0,0.0,0.0,0.0,0.0,0.0,0.0,0.0,0.0,0.0,0.0,0.0,0.0,0.0,0.0,0.0,0.0,0.0,0.0,0.0,0.0,0.0,0.0,0.0,0.0,0.0,0.0,0.0,0.0,0.0,0.0,0.0,0.0,0.0,0.0,0.0,0.0,0.0,0.0,0.0,0.0,0.0,0.0,0.0,0.0,0.0,0.0,0.0,0.0,0.0,0.0,0.0,0.0,0.0,0.0,0.0,0.0,0.0,0.0,0.0,0.0,0.0,0.0,0.0,0.0,0.0,0.0,0.0,0.0,0.0,0.0,0.0,0.0,0.0,0.0,0.0,0.0,0.0,0.0,0.0,0.0,0.0,0.0,0.0,0.0,0.0,0.0,0.0,0.0,0.0,0.0,0.0,0.0,0.0,0.0,0.0,0.0,0.0,0.0,-0.0,0.0,0.0,0.0,0.0,0.0,0.0,0.0,0.0,0.0,0.0,0.0,0.0,0.0,0.0,0.0,0.0,0.0,0.0,0.0,0.0,0.0,0.0,0.0,0.0,0.0,0.0,0.0,0.0,0.0,0.0,0.0,0.0,0.0,0.0,0.0,0.0,0.0,0.0,0.0,0.0,0.0,0.0,0.0,0.0,0.0,0.0,0.0,0.0,0.0,0.0,0.0,0.0,0.0,0.0,0.0,0.0,0.0,0.0,0.0,0.0,0.0,0.0,0.0,0.0,0.0,0.0,0.0,0.0,0.0,0.0,0.0,0.0,0.0,0.0,0.0,0.0,0.0,0.0,0.0,0.0,0.0,0.0,0.0,0.0,0.0,0.0,0.0,0.0,0.0,0.0,0.0,0.0,0.0,0.0,0.0,0.0,0.0,0.0,0.0,-0.0,0.0,0.0,0.0,0.0,0.0,0.0,0.0,0.0,0.0,0.0,0.0,0.0,0.0,0.0,0.0,0.0,0.0,0.0,0.0,0.0,0.0,0.0,0.0,0.0,0.0,0.0,0.0,0.0,0.0,0.0,0.0,0.0,0.0,0.0,0.0,0.0,0.0,0.0,0.0,0.0,0.0,0.0,0.0,0.0,0.0,0.0,0.0,0.0,0.0,0.0,0.0,0.0,0.0,0.0,0.0,0.0,0.0,0.0,0.0,0.0,0.0,0.0,0.0,0.0,0.0,0.0,0.0,0.0,0.0,0.0,0.0,0.0,0.0,0.0,0.0,0.0,0.0,0.0,0.0,0.0,0.0,0.0,0.0,0.0,0.0,0.0,0.0,0.0,0.0,0.0,0.0,0.0,0.0,0.0,0.0,0.0,0.0,0.0,0.0,0.0,0.0,-0.0,0.0,-0.0,0.0,0.0,0.0,0.0,0.0,0.0,0.0,0.0,0.0,0.0,0.0,0.0,0.0,0.0,0.0,0.0,0.0,0.0,0.0,0.0,0.0,0.0,0.0,0.0,0.0,0.0,-0.0,0.0,0.0,0.0,0.0,0.0,0.0,0.0,0.0,0.0,0.0,0.0,0.0,0.0,0.0,0.0,0.0,0.0,0.0,0.0,0.0,0.0,0.0,0.0,0.0,-0.0,0.0,0.0,-0.0,0.0,-0.0,-0.0,0.0,0.0,0.0,0.0,0.0,0.0,0.0,0.0,0.0,0.0,0.0,-0.0,0.0,0.0,0.0,0.0,0.0,0.0,0.0,0.0,0.0,-0.0,0.0,0.0,0.0,0.0,0.0,0.0,0.0,0.0,0.0,0.0,0.0,0.0,0.0,0.0,0.0,0.0,0.0,-0.0,0.0,0.0,0.0,0.0,0.0,0.0,0.0,0.0,0.0,0.0,0.0,0.0,0.0,0.0,0.0,0.0,0.0,0.0,0.0,0.0,0.0,0.0,0.0,0.0,0.0,0.0,0.0,0.0,0.0,0.0,-0.0,0.0,0.0,0.0,0.0,0.0,0.0,0.0,0.0,0.0,0.0,0.0,0.0,0.0,0.0,0.0,0.0,0.0,0.0,0.0,0.0,0.0,0.0,0.0,0.0,0.0,0.0,0.0,0.0,0.0,0.0,0.0,0.0,0.0,0.0,0.0,0.0,0.0,0.0,0.0,0.0,0.0,0.0,0.0,0.0,0.0,0.0,0.0,0.0,0.0,0.0,0.0,0.0,0.0,0.0,0.0,0.0,0.0,0.0,0.0,0.0,0.0,0.0,0.0,0.0,0.0,0.0,0.0,0.0,0.0,0.0,0.0,0.0,0.0,0.0,0.0,0.0,0.0,0.0,0.0,0.0,0.0,0.0,0.0,0.0,0.0,0.0,0.0,0.0,0.0,0.0,0.0,0.0,0.0,0.0,0.0,0.0,0.0,0.0,0.0,0.0,-0.0,0.0,0.0,0.0,0.0,0.0,0.0,0.0,0.0,0.0,0.0,0.0,0.0,0.0,0.0,0.0,0.0,0.0,0.0,0.0,0.0,0.0,0.0,0.0,0.0,0.0,0.0,0.0,0.0,0.0,0.0,0.0,0.0,0.0,0.0,0.0,0.0,0.0,0.0,0.0,0.0,0.0,0.0,0.0,0.0,0.0,0.0,0.0,0.0,0.0,0.0,0.0,0.0,0.0,0.0,0.0,0.0,0.0,0.0,0.0,0.0,0.0,0.0,0.0,0.0,0.0,0.0,0.0,0.0,0.0,0.0,0.0,0.0,0.0,0.0,0.0,0.0,0.0,0.0,0.0,0.0,0.0,0.0,0.0,0.0,0.0,0.0,0.0,0.0,0.0,0.0,0.0,0.0,0.0,0.0,0.0,0.0,0.0,0.0,0.0,0.0,0.0,0.0,0.0,0.0,0.0,0.0,0.0,0.0,0.0,0.0,0.0,0.0,0.0,0.0,0.0,0.0,0.0,0.0,0.0,0.0,0.0,0.0,0.0,0.0,0.0,0.0,0.0,0.0,0.0,0.0,0.0,0.0,0.0,0.0,0.0,0.0,0.0,0.0,0.0,0.0,0.0,0.0,0.0,0.0,0.0,0.0,0.0,0.0,0.0,0.0,0.0,0.0,0.0,0.0,0.0,0.0,0.0,0.0,0.0,0.0,0.0,0.0,0.0,0.0,0.0,0.0,0.0,0.0,0.0,0.0,0.0,0.0,0.0,0.0,0.0,0.0,0.0,0.0,0.0,0.0,0.0,0.0,0.0,0.0,0.0,0.0,0.0,0.0,0.0,0.0,0.0,0.0,0.0,0.0,0.0,0.0,0.0,0.0,0.0,0.0,0.0,0.0,0.0,0.0,0.0,0.0,0.0,0.0,0.0,0.0,0.0,0.0,0.0,0.0,0.0,0.0,0.0,0.0,0.0,0.0,0.0,0.0,0.0,0.0,0.0,0.0,0.0,0.0,0.0,0.0,0.0,0.0,0.0,0.0,0.0,0.0,0.0,0.0,0.0,0.0,0.0,0.0,0.0,0.0,0.0,0.0,0.0,0.0,0.0,0.0,0.0,0.0,0.0,0.0,0.0,0.0,0.0,0.0,0.0,0.0,0.0,0.0,0.0,0.0,0.0,0.0,0.0,0.0,0.0,0.0,0.0,0.0,0.0,0.0,0.0,0.0,0.0,0.0,0.0,0.0,0.0,0.0,0.0,0.0,0.0,0.0,0.0,0.0,0.0,0.0,0.0,0.0,0.0,0.0,0.0,0.0,0.0,0.0,0.0,0.0,0.0,0.0,0.0,0.0,0.0,0.0,0.0,0.0,0.0,0.0,0.0,0.0,0.0,0.0,0.0,0.0,0.0,0.0,0.0,0.0,0.0,0.0,0.0,0.0,0.0,0.0,0.0,0.0,0.0,0.0,0.0,0.0,0.0,0.0,0.0,0.0,0.0,0.0,0.0,0.0,0.0,0.0,0.0,0.0,0.0,0.0,0.0,0.0,0.0,0.0,0.0,0.0,0.0,0.0,0.0,0.0,0.0,0.0,0.0,0.0,0.0,0.0,0.0,0.0,0.0,0.0,0.0,0.0,0.0,0.0,0.0,0.0,0.0,-0.0,0.0,0.0,0.0,0.0,0.0,0.0,0.0,0.0,0.0,0.0,0.0,0.0,0.0,0.0,0.0,0.0,0.0,0.0,0.0,0.0,0.0,0.0,0.0,0.0,0.0,0.0,0.0,0.0,0.0,0.0,0.0,0.0,0.0,0.0,0.0,0.0,0.0,0.0,0.0,0.0,0.0,0.0,0.0,0.0,0.0,0.0,0.0,0.0,0.0,0.0,0.0,0.0,0.0,0.0,0.0,0.0,0.0,0.0,0.0,0.0,0.0,0.0,0.0,0.0,0.0,0.0,0.0,0.0,0.0,0.0,0.0,0.0,0.0,0.0,0.0,0.0,0.0,0.0,0.0,0.0,0.0,0.0,0.0,0.0,0.0,0.0,0.0,0.0,0.0,0.0,0.0,0.0,0.0,0.0,0.0,0.0,0.0,0.0,0.0,-0.0,0.0,0.0,0.0,0.0,0.0,0.0,0.0,0.0,0.0,0.0,0.0,0.0,0.0,0.0,0.0,0.0,0.0,0.0,0.0,0.0,0.0,0.0,0.0,0.0,0.0,0.0,0.0,0.0,0.0,0.0,0.0,0.0,0.0,0.0,0.0,0.0,0.0,0.0,0.0,0.0,0.0,0.0,0.0,0.0,0.0,0.0,0.0,0.0,0.0,0.0,0.0,0.0,0.0,0.0,0.0,0.0,0.0,0.0,0.0,0.0,0.0,0.0,0.0,0.0,0.0,0.0,0.0,0.0,0.0,0.0,0.0,0.0,0.0,0.0,0.0,0.0,0.0,0.0,0.0,0.0,0.0,0.0,0.0,0.0,0.0,0.0,0.0,0.0,0.0,0.0,0.0,0.0,0.0,0.0,0.0,0.0,0.0,0.0,0.0,0.0,0.0,-0.0,0.0,0.0,0.0,0.0,0.0,0.0,0.0,0.0,0.0,0.0,0.0,0.0,0.0,0.0,0.0,0.0,0.0,0.0,0.0,0.0,0.0,0.0,0.0,0.0,0.0,0.0,0.0,0.0,0.0,0.0,0.0,0.0,0.0,0.0,0.0,0.0,0.0,0.0,0.0,0.0,0.0,0.0,0.0,0.0,0.0,0.0,0.0,0.0,0.0,0.0,0.0,0.0,0.0,0.0,0.0,0.0,0.0,0.0,0.0,0.0,0.0,0.0,0.0,0.0,0.0,0.0,0.0,0.0,0.0,0.0,0.0,0.0,0.0,0.0,0.0,0.0,0.0,0.0,0.0,0.0,0.0,0.0,0.0,0.0,0.0,0.0,0.0,0.0,0.0,0.0,0.0,0.0,0.0,0.0,0.0,0.0,0.0,0.0,0.0,-0.0,0.0,0.0,0.0,0.0,0.0,0.0,0.0,0.0,0.0,0.0,0.0,0.0,0.0,0.0,0.0,0.0,0.0,0.0,0.0,0.0,0.0,0.0,0.0,0.0,0.0,0.0,0.0,0.0,0.0,0.0,0.0,0.0,0.0,0.0,0.0,0.0,0.0,0.0,0.0,0.0,0.0,0.0,0.0,0.0,0.0,0.0,0.0,0.0,0.0,0.0,0.0,0.0,0.0,0.0,0.0,0.0,0.0,0.0,0.0,0.0,0.0,0.0,0.0,0.0,0.0,0.0,0.0,0.0,0.0,0.0,0.0,0.0,0.0,0.0,0.0,0.0,0.0,0.0,0.0,0.0,0.0,0.0,0.0,0.0,0.0,0.0,0.0,0.0,0.0,0.0,0.0,0.0,0.0,0.0,0.0,0.0,0.0,0.0,0.0,0.0,0.0,0.0,0.0,0.0,0.0,0.0,0.0,0.0,0.0,0.0,0.0,0.0,0.0,0.0,0.0,0.0,0.0,0.0,0.0,0.0,0.0,0.0,0.0,0.0,0.0,0.0,0.0,0.0,0.0,0.0,0.0,0.0,0.0,0.0,0.0,0.0,0.0,0.0,0.0,0.0,0.0,0.0,0.0,0.0,0.0,0.0,0.0,0.0,0.0,0.0,0.0,0.0,0.0,0.0,0.0,0.0,0.0,0.0,0.0,0.0,0.0,0.0,0.0,0.0,0.0,0.0,0.0,0.0,0.0,0.0,0.0,0.0,0.0,0.0,0.0,0.0,0.0,0.0,0.0,0.0,0.0,0.0,0.0,0.0,0.0,0.0,0.0,0.0,0.0,0.0,0.0,0.0,0.0,0.0,0.0,0.0,0.0,0.0,0.0,0.0,0.0,0.0,0.0,0.0,0.0,0.0,0.0,0.0,0.0,0.0,0.0,0.0,0.0,0.0,0.0,0.0,0.0,0.0,0.0,0.0,0.0,0.0,0.0,0.0,0.0,0.0,0.0,0.0,0.0,0.0,0.0,0.0,0.0,0.0,0.0,0.0,0.0,0.0,0.0,0.0,0.0,0.0,0.0,0.0,0.0,0.0,0.0,0.0,0.0,0.0,0.0,0.0,0.0,0.0,0.0,0.0,0.0,0.0,0.0,0.0,0.0,0.0,0.0,0.0,0.0,0.0,0.0,0.0,0.0,0.0,0.0,0.0,0.0,0.0,0.0,0.0,0.0,0.0,0.0,0.0,0.0,0.0,0.0,0.0,0.0,0.0,0.0,0.0,0.0,0.0,0.0,0.0,0.0,0.0,0.0,0.0,0.0,0.0,0.0,0.0,0.0,0.0,0.0,0.0,0.0,0.0,0.0,0.0,0.0,0.0,0.0,0.0,0.0,0.0,0.0,0.0,0.0,0.0,0.0,0.0,0.0,0.0,0.0,0.0,0.0,0.0,0.0,0.0,0.0,0.0,0.0,0.0,0.0,0.0,0.0,0.0,0.0,0.0,0.0,0.0,0.0,0.0,0.0,0.0,0.0,0.0,0.0,0.0,0.0,0.0,0.0,0.0,0.0,0.0,0.0,0.0,0.0,0.0,0.0,0.0,0.0,0.0,0.0,0.0,0.0,0.0,0.0,0.0,0.0,0.0,0.0,0.0,0.0,0.0,0.0,0.0,0.0,0.0,0.0,0.0,0.0,0.0,0.0,0.0,0.0,0.0,0.0,0.0,0.0,0.0,0.0,0.0,0.0,0.0,0.0,0.0,0.0,0.0,0.0,0.0,0.0,0.0,0.0,0.0,0.0,0.0,0.0,0.0,0.0,0.0,0.0,0.0,0.0,0.0,0.0,0.0,0.0,0.0,0.0,0.0,0.0,0.0,0.0,0.0,0.0,0.0,0.0,0.0,0.0,0.0,0.0,0.0,0.0,0.0,0.0,0.0,0.0,0.0,0.0,0.0,0.0,0.0,0.0,0.0,0.0,0.0,0.0,0.0,0.0,0.0,0.0,0.0,0.0,0.0,0.0,0.0,0.0,0.0,0.0,0.0,0.0,0.0,0.0,0.0,0.0,0.0,0.0,0.0,0.0,0.0,0.0,0.0,0.0,0.0,0.0,0.0,0.0,0.0,0.0,0.0,0.0,0.0,0.0,0.0,0.0,0.0,0.0,0.0,0.0,0.0,0.0,0.0,0.0,0.0,0.0,0.0,0.0,0.0,0.0,0.0,0.0,0.0,0.0,0.0,0.0,0.0,0.0,0.0,0.0,0.0,0.0,0.0,0.0,0.0,0.0,0.0,0.0,0.0,0.0,0.0,0.0,0.0,0.0,0.0,0.0,0.0,0.0,0.0,0.0,0.0,0.0,0.0,0.0,0.0,0.0,0.0,0.0,0.0,0.0,0.0,0.0,0.0,0.0,0.0,0.0,0.0,0.0,0.0,0.0,0.0,0.0,0.0,0.0,0.0,0.0,0.0,0.0,0.0,0.0,0.0,0.0,0.0,0.0,0.0,0.0,0.0,0.0,0.0,0.0,0.0,0.0,0.0,0.0,0.0,0.0,0.0,0.0,0.0,0.0,0.0,0.0,0.0,0.0,0.0,0.0,0.0,0.0,0.0,0.0,0.0,0.0,0.0,0.0,0.0,0.0,0.0,0.0,0.0,0.0,0.0,0.0,0.0,0.0,0.0,0.0,0.0,0.0,0.0,0.0,0.0,0.0,0.0,0.0,0.0,0.0,0.0,0.0,0.0,0.0,0.0,0.0,0.0,0.0,0.0,0.0,0.0,0.0,0.0,0.0,0.0,0.0,0.0,0.0,0.0,0.0,0.0,0.0,0.0,0.0,0.0,0.0,0.0,0.0,0.0,0.0,0.0,0.0,0.0,0.0,0.0,0.0,0.0,0.0,0.0,0.0,0.0,0.0,0.0,0.0,0.0,0.0,0.0,0.0,0.0,0.0,0.0,0.0,0.0,0.0,0.0,0.0,0.0,0.0,0.0,0.0,0.0,0.0,0.0,0.0,0.0,0.0,0.0,0.0,0.0,0.0,0.0,0.0,0.0,0.0,0.0,0.0,0.0,0.0,0.0,0.0,0.0,0.0,0.0,0.0,0.0,0.0,0.0,0.0,0.0,0.0,0.0,0.0,0.0,0.0,0.0,0.0,0.0,0.0,0.0,0.0,0.0,0.0,0.0,0.0,0.0,0.0,0.0,0.0,0.0,0.0,0.0,0.0,0.0,0.0,0.0,0.0,0.0,0.0,0.0,0.0,0.0,0.0,0.0,0.0,0.0,0.0,0.0,0.0,0.0,0.0,0.0,0.0,0.0,0.0,0.0,0.0,0.0,0.0,0.0,0.0,0.0,0.0,0.0,0.0,0.0,0.0,0.0,0.0,0.0,0.0,0.0,0.0,0.0,0.0,0.0,0.0,0.0,0.0,0.0,0.0,0.0,0.0,0.0,0.0,0.0,0.0,0.0,0.0,0.0,0.0,0.0,0.0,0.0,0.0,0.0,0.0,0.0,0.0,0.0,0.0,0.0,0.0,0.0,0.0,0.0,0.0,0.0,0.0,0.0,0.0,0.0,0.0,0.0,-0.0,0.0,0.0,0.0,0.0,0.0,0.0,0.0,0.0,0.0,0.0,0.0,0.0,0.0,0.0,0.0,0.0,0.0,0.0,0.0,0.0,0.0,0.0,0.0,0.0,0.0,0.0,0.0,0.0,0.0,0.0,0.0,0.0,0.0,0.0,0.0,0.0,0.0,0.0,0.0,0.0,0.0,0.0,0.0,0.0,0.0,0.0,0.0,0.0,0.0,0.0,0.0,0.0,0.0,0.0,0.0,0.0,0.0,0.0,0.0,0.0,0.0,0.0,0.0,0.0,0.0,0.0,0.0,0.0,0.0,0.0,0.0,0.0,0.0,0.0,0.0,0.0,0.0,0.0,0.0,0.0,0.0,0.0,0.0,0.0,0.0,0.0,0.0,0.0,0.0,0.0,0.0,0.0,0.0,0.0,0.0,0.0,0.0,0.0,0.0,-0.0,0.0,0.0,0.0,0.0,0.0,0.0,0.0,0.0,0.0,0.0,0.0,0.0,0.0,0.0,0.0,0.0,0.0,0.0,0.0,0.0,0.0,0.0,0.0,0.0,0.0,0.0,0.0,0.0,0.0,0.0,0.0,0.0,0.0,0.0,0.0,0.0,0.0,0.0,0.0,0.0,0.0,0.0,0.0,0.0,0.0,0.0,0.0,0.0,0.0,0.0,0.0,0.0,0.0,0.0,0.0,0.0,0.0,0.0,0.0,0.0,0.0,0.0,0.0,0.0,0.0,0.0,0.0,0.0,0.0,0.0,0.0,0.0,0.0,0.0,0.0,0.0,0.0,0.0,0.0,0.0,0.0,0.0,0.0,0.0,0.0,0.0,0.0,0.0,0.0,0.0,0.0,0.0,0.0,0.0,0.0,0.0,0.0,0.0,0.0,0.0,0.0,0.0,0.0,0.0,0.0,0.0,0.0,0.0,0.0,0.0,0.0,0.0,0.0,0.0,0.0,0.0,0.0,0.0,0.0,0.0,0.0,0.0,0.0,0.0,0.0,0.0,0.0,0.0,0.0,0.0,0.0,0.0,0.0,0.0,0.0,0.0,0.0,0.0,0.0,0.0,0.0,0.0,0.0,0.0,0.0,0.0,0.0,0.0,0.0,0.0,0.0,0.0,0.0,0.0,0.0,0.0,0.0,0.0,0.0,0.0,0.0,0.0,0.0,0.0,0.0,0.0,0.0,0.0,0.0,0.0,0.0,0.0,0.0,0.0,0.0,0.0,0.0,0.0,0.0,0.0,0.0,0.0,0.0,0.0,0.0,0.0,0.0,0.0,0.0,0.0,0.0,0.0,0.0,0.0,0.0,0.0,0.0,0.0,0.0,0.0,0.0,0.0,0.0,0.0,0.0,0.0,0.0,0.0,0.0,0.0,0.0,0.0,0.0,0.0,0.0,0.0,0.0,0.0,0.0,0.0,0.0,0.0,0.0,0.0,0.0,0.0,0.0,0.0,0.0,0.0,0.0,0.0,0.0,0.0,0.0,0.0,0.0,0.0,0.0,0.0,0.0,0.0,0.0,0.0,0.0,0.0,0.0,0.0,0.0,0.0,0.0,0.0,0.0,0.0,0.0,0.0,0.0,0.0,0.0,0.0,0.0,0.0,0.0,0.0,0.0,0.0,0.0,0.0,0.0,0.0,0.0,0.0,0.0,0.0,0.0,0.0,0.0,0.0,0.0,0.0,0.0,0.0,0.0,0.0,0.0,0.0,0.0,0.0,0.0,0.0,0.0,0.0,0.0,0.0,0.0,0.0,0.0,0.0,0.0,0.0,0.0,0.0,-0.0,0.0,0.0,0.0,0.0,0.0,0.0,0.0,0.0,0.0,0.0,0.0,0.0,0.0,0.0,0.0,0.0,0.0,0.0,0.0,0.0,0.0,0.0,0.0,0.0,0.0,0.0,0.0,0.0,0.0,0.0,0.0,0.0,0.0,0.0,0.0,0.0,0.0,0.0,0.0,0.0,0.0,0.0,0.0,0.0,0.0,0.0,0.0,0.0,0.0,0.0,0.0,0.0,0.0,0.0,0.0,0.0,0.0,0.0,0.0,0.0,0.0,0.0,0.0,0.0,0.0,0.0,0.0,0.0,0.0,0.0,0.0,0.0,0.0,0.0,0.0,0.0,0.0,0.0,0.0,0.0,0.0,0.0,0.0,0.0,0.0,0.0,0.0,0.0,0.0,0.0,0.0,0.0,0.0,0.0,0.0,0.0,0.0,0.0,0.0,0.0,0.0,-0.0,0.0,0.0,0.0,0.0,0.0,0.0,0.0,0.0,0.0,0.0,0.0,0.0,0.0,0.0,0.0,0.0,0.0,0.0,0.0,0.0,0.0,0.0,0.0,0.0,0.0,0.0,0.0,0.0,0.0,0.0,0.0,0.0,0.0,0.0,0.0,0.0,0.0,0.0,0.0,0.0,0.0,0.0,0.0,0.0,0.0,0.0,0.0,0.0,0.0,0.0,0.0,0.0,0.0,0.0,0.0,0.0,0.0,0.0,0.0,0.0,0.0,0.0,0.0,0.0,0.0,0.0,0.0,0.0,0.0,0.0,0.0,0.0,0.0,0.0,0.0,0.0,0.0,0.0,0.0,0.0,0.0,0.0,0.0,0.0,0.0,0.0,0.0,0.0,0.0,0.0,0.0,0.0,0.0,0.0,0.0,0.0,0.0,0.0,0.0,-0.0,0.0,0.0,0.0,0.0,0.0,0.0,0.0,0.0,0.0,0.0,0.0,0.0,0.0,0.0,0.0,0.0,0.0,0.0,0.0,0.0,0.0,0.0,0.0,0.0,0.0,0.0,0.0,0.0,0.0,0.0,0.0,0.0,0.0,0.0,0.0,0.0,0.0,0.0,0.0,0.0,0.0,0.0,0.0,0.0,0.0,0.0,0.0,0.0,0.0,0.0,0.0,0.0,0.0,0.0,0.0,0.0,0.0,0.0,0.0,0.0,0.0,0.0,0.0,0.0,0.0,0.0,0.0,0.0,0.0,0.0,0.0,0.0,0.0,0.0,0.0,0.0,0.0,0.0,0.0,0.0,0.0,0.0,0.0,0.0,0.0,0.0,0.0,0.0,0.0,0.0,0.0,0.0,0.0,0.0,0.0,0.0,0.0,0.0,0.0,0.0,0.0,0.0,0.0,0.0,0.0,0.0,0.0,0.0,0.0,0.0,0.0,0.0,0.0,0.0,0.0,0.0,0.0,0.0,0.0,0.0,0.0,0.0,0.0,0.0,0.0,0.0,0.0,0.0,0.0,0.0,0.0,0.0,0.0,0.0,0.0,0.0,0.0,0.0,0.0,0.0,0.0,0.0,0.0,0.0,0.0,0.0,0.0,0.0,0.0,0.0,0.0,0.0,0.0,0.0,0.0,0.0,0.0,0.0,0.0,0.0,0.0,0.0,0.0,0.0,0.0,0.0,0.0,0.0,0.0,0.0,0.0,0.0,0.0,0.0,0.0,0.0,0.0,0.0,0.0,0.0,0.0,0.0,0.0,0.0,0.0,0.0,0.0,0.0,0.0,0.0,0.0,0.0,0.0,0.0,0.0,0.0,0.0,0.0,0.0,0.0,0.0,0.0,0.0,0.0,0.0,0.0,0.0,0.0,0.0,0.0,0.0,0.0,0.0,0.0,0.0,0.0,0.0,0.0,0.0,0.0,0.0,0.0,0.0,0.0,0.0,0.0,0.0,0.0,0.0,0.0,0.0,0.0,0.0,0.0,0.0,0.0,0.0,0.0,0.0,0.0,0.0,0.0,0.0,0.0,0.0,0.0,0.0,0.0,0.0,0.0,0.0,0.0,0.0,0.0,0.0,0.0,0.0,0.0,0.0,0.0,0.0,0.0,0.0,0.0,0.0,0.0,0.0,0.0,0.0,0.0,0.0,0.0,0.0,0.0,0.0,0.0,0.0,0.0,0.0,0.0,0.0,0.0,0.0,0.0,0.0,0.0,0.0,0.0,0.0,0.0,0.0,0.0,0.0,0.0,0.0,0.0,0.0,0.0,0.0,0.0,0.0,0.0,0.0,-0.0,0.0,0.0,0.0,0.0,0.0,0.0,0.0,0.0,0.0,0.0,0.0,0.0,0.0,0.0,0.0,0.0,0.0,0.0,0.0,0.0,0.0,0.0,0.0,0.0,0.0,0.0,0.0,0.0,0.0,-0.0,0.0,0.0,0.0,0.0,0.0,0.0,0.0,0.0,0.0,0.0,0.0,0.0,0.0,0.0,0.0,0.0,0.0,0.0,0.0,0.0,0.0,0.0,0.0,0.0,0.0,0.0,0.0,0.0,0.0,0.0,0.0,0.0,0.0,0.0,0.0,0.0,0.0,0.0,0.0,0.0,0.0,0.0,0.0,0.0,0.0,0.0,0.0,0.0,0.0,0.0,0.0,0.0,0.0,0.0,0.0,0.0,0.0,0.0,0.0,0.0,0.0,0.0,0.0,0.0,0.0,0.0,0.0,0.0,0.0,-0.0,0.0,0.0,0.0,0.0,0.0,0.0,0.0,0.0,0.0,0.0,0.0,0.0,0.0,0.0,0.0,0.0,0.0,0.0,0.0,0.0,0.0,0.0,0.0,0.0,0.0,0.0,0.0,0.0,0.0,0.0,-0.0,0.0,0.0,0.0,0.0,0.0,0.0,0.0,0.0,0.0,0.0,0.0,0.0,0.0,0.0,0.0,0.0,0.0,0.0,0.0,0.0,0.0,0.0,0.0,0.0,0.0,0.0,0.0,0.0,0.0,0.0,0.0,0.0,0.0,0.0,0.0,0.0,0.0,0.0,0.0,0.0,0.0,0.0,0.0,0.0,0.0,0.0,0.0,0.0,0.0,0.0,0.0,0.0,0.0,0.0,0.0,0.0,0.0,0.0,0.0,0.0,0.0,0.0,0.0,0.0,0.0,0.0,0.0,0.0,0.0,0.0,0.0,0.0,0.0,0.0,0.0,0.0,0.0,0.0,0.0,0.0,0.0,0.0,0.0,0.0,0.0,0.0,0.0,0.0,0.0,0.0,0.0,0.0,0.0,0.0,0.0,0.0,0.0,0.0,0.0,0.0,0.0,0.0,0.0,0.0,0.0,0.0,0.0,0.0,0.0,0.0,0.0,0.0,0.0,0.0,0.0,0.0,0.0,0.0,0.0,0.0,0.0,0.0,0.0,0.0,0.0,0.0,0.0,0.0,0.0,0.0,0.0,0.0,0.0,0.0,0.0,0.0,0.0,0.0,0.0,0.0,0.0,0.0,0.0,0.0,0.0,0.0,0.0,0.0,0.0,0.0,0.0,0.0,0.0,0.0,0.0,0.0,0.0,0.0,0.0,0.0,0.0,0.0,0.0,0.0,0.0,0.0,0.0,0.0,0.0,0.0,-0.0,0.0,0.0,0.0,0.0,0.0,0.0,0.0,0.0,0.0,0.0,0.0,0.0,0.0,0.0,0.0,0.0,0.0,0.0,0.0,0.0,0.0,0.0,0.0,0.0,0.0,0.0,0.0,0.0,0.0,0.0,0.0,0.0,0.0,0.0,0.0,0.0,0.0,0.0,0.0,0.0,0.0,0.0,0.0,0.0,0.0,0.0,0.0,0.0,0.0,0.0,0.0,0.0,0.0,0.0,0.0,0.0,0.0,0.0,0.0,0.0,0.0,0.0,0.0,0.0,0.0,0.0,0.0,0.0,0.0,0.0,0.0,0.0,0.0,0.0,0.0,0.0,0.0,0.0,0.0,0.0,0.0,0.0,0.0,0.0,0.0,0.0,0.0,0.0,0.0,0.0,0.0,0.0,0.0,0.0,0.0,0.0,0.0,0.0,0.0,0.0,0.0,0.0,0.0,-0.0,0.0,-0.0,0.0,0.0,-0.0,-0.0,-0.0,-0.0,-0.0,0.0,-0.0,0.0,0.0,-0.0,0.0,-0.0,0.0,-0.0,-0.0,-0.0,0.0,0.0,-0.0,0.0,-0.0,-0.0,0.0,0.0,0.0,-0.0,0.0,0.0,0.0,0.0,-0.0,-0.0,0.0,-0.0,0.0,-0.0,0.0,-0.0,-0.0,-0.0,-0.0,-0.0,-0.0,-0.0,0.0,-0.0,0.0,0.0,-0.0,-0.0,-0.0,-0.0,-0.0,-0.0,0.0,-0.0,0.0,-0.0,-0.0,0.0,-0.0,0.0,-0.0,0.0,-0.0,-0.0,-0.0,-0.0,-0.0,0.0,-0.0,0.0,0.0,0.0,-0.0,-0.0,-0.0,-0.0,-0.0,-0.0,0.0,0.0,0.0,-0.0,-0.0,0.0,-0.0,-0.0,0.0,-0.0,-0.0,0.0,-0.0,0.0
