,0,1,2,3,4,5,6,7,8,9,10,11,12,13,14,15,16,17,18,19,20,21,22,23,24,25,26,27,28,29,30,31,32,33,34,35,36,37,38,39,40,41,42,43,44,45,46,47,48,49,50,51,52,53,54,55,56,57,58,59,60,61,62,63,64,65,66,67,68,69,70,71,72,73,74,75,76,77,78,79,80,81,82,83,84,85,86,87,88,89,90,91,92,93,94,95,96,97,98,99,100,101,102,103,104,105,106,107,108,109,110,111,112,113,114,115,116,117,118,119,120,121,122,123,124,125,126,127,128,129,130,131,132,133,134,135,136,137,138,139,140,141,142,143,144,145,146,147,148,149,150,151,152,153,154,155,156,157,158,159,160,161,162,163,164,165,166,167,168,169,170,171,172,173,174,175,176,177,178,179,180,181,182,183,184,185,186,187,188,189,190,191,192,193,194,195,196,197,198,199,200,201,202,203,204,205,206,207,208,209,210,211,212,213,214,215,216,217,218,219,220,221,222,223,224,225,226,227,228,229,230,231,232,233,234,235,236,237,238,239,240,241,242,243,244,245,246,247,248,249,250,251,252,253,254,255,256,257,258,259,260,261,262,263,264,265,266,267,268,269,270,271,272,273,274,275,276,277,278,279,280,281,282,283,284,285,286,287,288,289,290,291,292,293,294,295,296,297,298,299,300,301,302,303,304,305,306,307,308,309,310,311,312,313,314,315,316,317,318,319,320,321,322,323,324,325,326,327,328,329,330,331,332,333,334,335,336,337,338,339,340,341,342,343,344,345,346,347,348,349,350,351,352,353,354,355,356,357,358,359,360,361,362,363,364,365,366,367,368,369,370,371,372,373,374,375,376,377,378,379,380,381,382,383,384,385,386,387,388,389,390,391,392,393,394,395,396,397,398,399,400,401,402,403,404,405,406,407,408,409,410,411,412,413,414,415,416,417,418,419,420,421,422,423,424,425,426,427,428,429,430,431,432,433,434,435,436,437,438,439,440,441,442,443,444,445,446,447,448,449,450,451,452,453,454,455,456,457,458,459,460,461,462,463,464,465,466,467,468,469,470,471,472,473,474,475,476,477,478,479,480,481,482,483,484,485,486,487,488,489,490,491,492,493,494,495,496,497,498,499,500,501,502,503,504,505,506,507,508,509,510,511,512,513,514,515,516,517,518,519,520,521,522,523,524,525,526,527,528,529,530,531,532,533,534,535,536,537,538,539,540,541,542,543,544,545,546,547,548,549,550,551,552,553,554,555,556,557,558,559,560,561,562,563,564,565,566,567,568,569,570,571,572,573,574,575,576,577,578,579,580,581,582,583,584,585,586,587,588,589,590,591,592,593,594,595,596,597,598,599,600,601,602,603,604,605,606,607,608,609,610,611,612,613,614,615,616,617,618,619,620,621,622,623,624,625,626,627,628,629,630,631,632,633,634,635,636,637,638,639,640,641,642,643,644,645,646,647,648,649,650,651,652,653,654,655,656,657,658,659,660,661,662,663,664,665,666,667,668,669,670,671,672,673,674,675,676,677,678,679,680,681,682,683,684,685,686,687,688,689,690,691,692,693,694,695,696,697,698,699,700,701,702,703,704,705,706,707,708,709,710,711,712,713,714,715,716,717,718,719,720,721,722,723,724,725,726,727,728,729,730,731,732,733,734,735,736,737,738,739,740,741,742,743,744,745,746,747,748,749,750,751,752,753,754,755,756,757,758,759,760,761,762,763,764,765,766,767,768,769,770,771,772,773,774,775,776,777,778,779,780,781,782,783,784,785,786,787,788,789,790,791,792,793,794,795,796,797,798,799
fxi,-0.0,-0.0,-0.0,-0.0,-0.0,-0.0,-0.0,-0.0,-0.0,-0.0,-0.0,-0.0,-0.0,-0.0,-0.0,-0.0,-0.0,-0.0,-0.0,-0.0,-0.0,-0.0,-0.0,-0.0,-0.0,-0.0,-0.0,-0.0,-0.0,-0.0,-0.0,-0.0,-0.0,-0.0,-0.0,-0.0,-0.0,-0.0,-0.0,-0.0,-0.0,-0.0,-0.0,-0.0,-0.0,-0.0,-0.0,-0.0,-0.0,-0.0,-0.0,-0.0,-0.0,-0.0,-0.0,-0.0,-0.0,-0.0,-0.0,-0.0,-0.0,-0.0,-0.0,-0.0,-0.0,-0.0,-0.0,-0.0,-0.0,-0.0,-0.0,-0.0,-0.0,-0.0,-0.0,-0.0,-0.0,-0.0,-0.0,-0.0,-0.0,-0.0,-0.0,-0.0,-0.0,-0.0,-0.0,-0.0,-0.0,-0.0,-0.0,-0.0,-0.0,-0.0,-0.0,-0.0,-0.0,-0.0,-0.0,-0.0,-0.0,-0.0,-0.0,-0.0,-0.0,-0.0,-0.0,-0.0,-0.0,-0.0,-0.0,-0.0,-0.0,-0.0,-0.0,-0.0,-0.0,-0.0,-0.0,-0.0,-0.0,-0.0,-0.0,-0.0,-0.0,-0.0,-0.0,-0.0,-0.0,-0.0,-0.0,-0.0,-0.0,-0.0,-0.0,-0.0,-0.0,-0.0,-0.0,-0.0,-0.0,-0.0,-0.0,-0.0,-0.0,-0.0,-0.0,-0.0,-0.0,-0.0,-0.0,-0.0,-0.0,-0.0,-0.0,-0.0,-0.0,-0.0,-0.0,-0.0,-0.0,-0.0,-0.0,-0.0,-0.0,-0.0,-0.0,-0.0,-0.0,-0.0,-0.0,-0.0,-0.0,-0.0,-0.0,-0.0,-0.0,-0.0,-0.0,-0.0,-0.0,-0.0,-0.0,-0.0,-0.0,-0.0,-0.0,-0.0,-0.0,-0.0,-0.0,-0.0,-0.0,-0.0,-0.0,-0.0,-0.0,-0.0,-0.0,-0.0,-0.0,-0.0,-0.0,-0.0,-0.0,-0.0,-0.0,-0.0,-0.0,-0.0,-0.0,-0.0,-0.0,-0.0,-0.0,-0.0,-0.0,-0.0,-0.0,-0.0,-0.0,-0.0,-0.0,-0.0,-0.0,-0.0,-0.0,-0.0,-0.0,-0.0,-0.0,-0.0,-0.0,-0.0,-0.0,-0.0,-0.0,-0.0,-0.0,-0.0,-0.0,-0.0,-0.0,-0.0,-0.0,-0.0,-0.0,-0.0,-0.0,-0.0,-0.0,-0.0,-0.0,-0.0,-0.0,-0.0,-0.0,-0.0,-0.0,-0.0,-0.0,-0.0,-0.0,-0.0,-0.0,-0.0,-0.0,-0.0,-0.0,-0.0,-0.0,-0.0,-0.0,-0.0,-0.0,-0.0,-0.0,-0.0,-0.0,-0.0,-0.0,-0.0,-0.0,-0.0,-0.0,-0.0,-0.0,-0.0,-0.0,-0.0,-0.0,-0.0,-0.0,-0.0,-0.0,-0.0,-0.0,-0.0,-0.0,-0.0,-0.0,-0.0,-0.0,-0.0,-0.0,-0.0,-0.0,-0.0,-0.0,-0.0,-0.0,-0.0,-0.0,-0.0,-0.0,-0.0,-0.0,-0.0,-0.0,-0.0,-0.0,-0.0,-0.0,-0.0,-0.0,-0.0,-0.0,-0.0,-0.0,-0.0,-0.0,-0.0,-0.0,-0.0,-0.0,-0.0,-0.0,-0.0,-0.0,-0.0,-0.0,-0.0,-0.0,-0.0,-0.0,-0.0,-0.0,-0.0,-0.0,-0.0,-0.0,-0.0,-0.0,-0.0,-0.0,-0.0,-0.0,-0.0,-0.0,-0.0,-0.0,-0.0,-0.0,-0.0,-0.0,-0.0,-0.0,-0.0,-0.0,-0.0,-0.0,-0.0,-0.0,-0.0,-0.0,-0.0,-0.0,-0.0,-0.0,-0.0,-0.0,-0.0,-0.0,-0.0,-0.0,-0.0,-0.0,-0.0,-0.0,-0.0,-0.0,-0.0,-0.0,-0.0,-0.0,-0.0,-0.0,-0.0,-0.0,-0.0,-0.0,-0.0,-0.0,-0.0,-0.0,-0.0,-0.0,-0.0,-0.0,-0.0,-0.0,-0.0,-0.0,-0.0,-0.0,-0.0,-0.0,-0.0,-0.0,-0.0,-0.0,-0.0,-0.0,-0.0,-0.0,-0.0,-0.0,-0.0,-0.0,-0.0,-0.0,-0.0,-0.0,-0.0,-0.0,-0.0,-0.0,-0.0,-0.0,-0.0,-0.0,-0.0,-0.0,-0.0,-0.0,-0.0,-0.0,-0.0,-0.0,-0.0,-0.0,-0.0,-0.0,-0.0,-0.0,-0.0,-0.0,-0.0,-0.0,-0.0,-0.0,-0.0,-0.0,-0.0,-0.0,-0.0,-0.0,-0.0,-0.0,-0.0,-0.0,-0.0,-0.0,-0.0,-0.0,-0.0,-0.0,-0.0,-0.0,-0.0,-0.0,-0.0,-0.0,-0.0,-0.0,-0.0,-0.0,-0.0,-0.0,-0.0,-0.0,-0.0,-0.0,-0.0,-0.0,-0.0,-0.0,-0.0,-0.0,-0.0,-0.0,-0.0,-0.0,-0.0,-0.0,-0.0,-0.0,-0.0,-0.0,-0.0,-0.0,-0.0,-0.0,-0.0,-0.0,-0.0,-0.0,-0.0,-0.0,-0.0,-0.0,-0.0,-0.0,-0.0,-0.0,-0.0,-0.0,-0.0,-0.0,-0.0,-0.0,-0.0,-0.0,-0.0,-0.0,-0.0,-0.0,-0.0,-0.0,-0.0,-0.0,-0.0,-0.0,-0.0,-0.0,-0.0,-0.0,-0.0,-0.0,-0.0,-0.0,-0.0,-0.0,-0.0,-0.0,-0.0,-0.0,-0.0,-0.0,-0.0,-0.0,-0.0,-0.0,-0.0,-0.0,-0.0,-0.0,-0.0,-0.0,-0.0,-0.0,-0.0,-0.0,-0.0,-0.0,-0.0,-0.0,-0.0,-0.0,-0.0,-0.0,-0.0,-0.0,-0.0,-0.0,-0.0,-0.0,-0.0,-0.0,-0.0,-0.0,-0.0,-0.0,-0.0,-0.0,-0.0,-0.0,-0.0,-0.0,-0.0,-0.0,-0.0,-0.0,-0.0,-0.0,-0.0,-0.0,-0.0,-0.0,-0.0,-0.0,-0.0,-0.0,-0.0,-0.0,-0.0,-0.0,-0.0,-0.0,-0.0,-0.0,-0.0,-0.0,-0.0,-0.0,-0.0,-0.0,-0.0,-0.0,-0.0,-0.0,-0.0,-0.0,-0.0,-0.0,-0.0,-0.0,-0.0,-0.0,-0.0,-0.0,-0.0,-0.0,-0.0,-0.0,-0.0,-0.0,-0.0,-0.0,-0.0,-0.0,-0.0,-0.0,-0.0,-0.0,-0.0,-0.0,-0.0,-0.0,-0.0,-0.0,-0.0,-0.0,-0.0,-0.0,-0.0,-0.0,-0.0,-0.0,-0.0,-0.0,-0.0,-0.0,-0.0,-0.0,-0.0,-0.0,-0.0,-0.0,-0.0,-0.0,-0.0,-0.0,-0.0,-0.0,-0.0,-0.0,-0.0,-0.0,-0.0,-0.0,-0.0,-0.0,-0.0,-0.0,-0.0,-0.0,-0.0,-0.0,-0.0,-0.0,-0.0,-0.0,-0.0,-0.0,-0.0,-0.0,-0.0,-0.0,-0.0,-0.0,-0.0,-0.0,-0.0,-0.0,-0.0,-0.0,-0.0,-0.0,-0.0,-0.0,-0.0,-0.0,-0.0,-0.0,-0.0,-0.0,-0.0,-0.0,-0.0,-0.0,-0.0,-0.0,-0.0,-0.0,-0.0,-0.0,-0.0,-0.0,-0.0,-0.0,-0.0,-0.0,-0.0,-0.0,-0.0,-0.0,-0.0,-0.0,-0.0,-0.0,-0.0,-0.0,-0.0,-0.0,-0.0,-0.0,-0.0,-0.0,-0.0,-0.0,-0.0,-0.0,-0.0,-0.0,-0.0,-0.0,-0.0,-0.0,-0.0,-0.0,-0.0,-0.0,-0.0,-0.0,-0.0,-0.0,-0.0,-0.0,-0.0,-0.0,-0.0,-0.0,-0.0,-0.0,-0.0,-0.0,-0.0,-0.0,-0.0,-0.0,-0.0,-0.0,-0.0,-0.0,-0.0,-0.0,-0.0,-0.0,-0.0
fyi,0.0,0.0,0.0,0.0,0.0,0.0,0.0,0.0,0.0,0.0,0.0,0.0,0.0,0.0,0.0,0.0,0.0,0.0,0.0,0.0,0.0,0.0,0.0,0.0,0.0,0.0,0.0,0.0,0.0,0.0,0.0,0.0,0.0,0.0,0.0,0.0,0.0,0.0,0.0,0.0,0.0,0.0,0.0,0.0,0.0,0.0,0.0,0.0,0.0,0.0,0.0,0.0,0.0,0.0,0.0,0.0,0.0,0.0,0.0,0.0,0.0,0.0,0.0,0.0,0.0,0.0,0.0,0.0,0.0,0.0,0.0,0.0,0.0,0.0,0.0,0.0,0.0,0.0,0.0,0.0,0.0,0.0,0.0,0.0,0.0,0.0,0.0,0.0,0.0,0.0,0.0,0.0,0.0,0.0,0.0,0.0,0.0,0.0,0.0,0.0,0.0,0.0,0.0,0.0,0.0,0.0,0.0,0.0,0.0,0.0,0.0,0.0,0.0,0.0,0.0,0.0,0.0,0.0,0.0,0.0,0.0,0.0,0.0,0.0,0.0,0.0,0.0,0.0,0.0,0.0,0.0,0.0,0.0,0.0,0.0,0.0,0.0,0.0,0.0,0.0,0.0,0.0,0.0,0.0,0.0,0.0,0.0,0.0,0.0,0.0,0.0,0.0,0.0,0.0,0.0,0.0,0.0,0.0,0.0,0.0,0.0,0.0,0.0,0.0,0.0,0.0,0.0,0.0,0.0,0.0,0.0,0.0,0.0,0.0,0.0,0.0,0.0,0.0,0.0,0.0,0.0,0.0,0.0,0.0,0.0,0.0,0.0,0.0,0.0,0.0,0.0,0.0,0.0,0.0,0.0,0.0,0.0,0.0,0.0,0.0,0.0,0.0,0.0,0.0,0.0,0.0,0.0,0.0,0.0,0.0,0.0,0.0,0.0,0.0,0.0,0.0,0.0,0.0,0.0,0.0,0.0,0.0,0.0,0.0,0.0,0.0,0.0,0.0,0.0,0.0,0.0,0.0,0.0,0.0,0.0,0.0,0.0,0.0,0.0,0.0,0.0,0.0,0.0,0.0,0.0,0.0,0.0,0.0,0.0,0.0,0.0,0.0,0.0,0.0,0.0,0.0,0.0,0.0,0.0,0.0,0.0,0.0,0.0,0.0,0.0,0.0,0.0,0.0,0.0,0.0,0.0,0.0,0.0,0.0,0.0,0.0,0.0,0.0,0.0,0.0,0.0,0.0,0.0,0.0,0.0,0.0,0.0,0.0,0.0,0.0,0.0,0.0,0.0,0.0,0.0,0.0,0.0,0.0,0.0,0.0,0.0,0.0,0.0,0.0,0.0,0.0,0.0,0.0,0.0,0.0,0.0,0.0,0.0,0.0,0.0,0.0,0.0,0.0,0.0,0.0,0.0,0.0,0.0,0.0,0.0,0.0,0.0,0.0,0.0,0.0,0.0,0.0,0.0,0.0,0.0,0.0,0.0,0.0,0.0,0.0,0.0,0.0,0.0,0.0,0.0,0.0,0.0,0.0,0.0,0.0,0.0,0.0,0.0,0.0,0.0,0.0,0.0,0.0,0.0,0.0,0.0,0.0,0.0,0.0,0.0,0.0,0.0,0.0,0.0,0.0,0.0,0.0,0.0,0.0,0.0,0.0,0.0,0.0,0.0,0.0,0.0,0.0,0.0,0.0,0.0,0.0,0.0,0.0,0.0,0.0,0.0,0.0,0.0,0.0,0.0,0.0,0.0,0.0,0.0,0.0,0.0,0.0,0.0,0.0,0.0,0.0,0.0,0.0,0.0,0.0,0.0,0.0,0.0,0.0,0.0,0.0,0.0,0.0,0.0,0.0,0.0,0.0,0.0,0.0,0.0,0.0,0.0,0.0,0.0,0.0,0.0,0.0,0.0,0.0,0.0,0.0,0.0,0.0,0.0,0.0,0.0,0.0,0.0,0.0,0.0,0.0,0.0,0.0,0.0,0.0,0.0,0.0,0.0,0.0,0.0,0.0,0.0,0.0,0.0,0.0,0.0,0.0,0.0,0.0,0.0,0.0,0.0,0.0,0.0,0.0,0.0,0.0,0.0,0.0,0.0,0.0,0.0,0.0,0.0,0.0,0.0,0.0,0.0,0.0,0.0,0.0,0.0,0.0,0.0,0.0,0.0,0.0,0.0,0.0,0.0,0.0,0.0,0.0,0.0,0.0,0.0,0.0,0.0,0.0,0.0,0.0,0.0,0.0,0.0,0.0,0.0,0.0,0.0,0.0,0.0,0.0,0.0,0.0,0.0,0.0,0.0,0.0,0.0,0.0,0.0,0.0,0.0,0.0,0.0,0.0,0.0,0.0,0.0,0.0,0.0,0.0,0.0,0.0,0.0,0.0,0.0,0.0,0.0,0.0,0.0,0.0,0.0,0.0,0.0,0.0,0.0,0.0,0.0,0.0,0.0,0.0,0.0,0.0,0.0,0.0,0.0,0.0,0.0,0.0,0.0,0.0,0.0,0.0,0.0,0.0,0.0,0.0,0.0,0.0,0.0,0.0,0.0,0.0,0.0,0.0,0.0,0.0,0.0,0.0,0.0,0.0,0.0,0.0,0.0,0.0,0.0,0.0,0.0,0.0,0.0,0.0,0.0,0.0,0.0,0.0,0.0,0.0,0.0,0.0,0.0,0.0,0.0,0.0,0.0,0.0,0.0,0.0,0.0,0.0,0.0,0.0,0.0,0.0,0.0,0.0,0.0,0.0,0.0,0.0,0.0,0.0,0.0,0.0,0.0,0.0,0.0,0.0,0.0,0.0,0.0,0.0,0.0,0.0,0.0,0.0,0.0,0.0,0.0,0.0,0.0,0.0,0.0,0.0,0.0,0.0,0.0,0.0,0.0,0.0,0.0,0.0,0.0,0.0,0.0,0.0,0.0,0.0,0.0,0.0,0.0,0.0,0.0,0.0,0.0,0.0,0.0,0.0,0.0,0.0,0.0,0.0,0.0,0.0,0.0,0.0,0.0,0.0,0.0,0.0,0.0,0.0,0.0,0.0,0.0,0.0,0.0,0.0,0.0,0.0,0.0,0.0,0.0,0.0,0.0,0.0,0.0,0.0,0.0,0.0,0.0,0.0,0.0,0.0,0.0,0.0,0.0,0.0,0.0,0.0,0.0,0.0,0.0,0.0,0.0,0.0,0.0,0.0,0.0,0.0,0.0,0.0,0.0,0.0,0.0,0.0,0.0,0.0,0.0,0.0,0.0,0.0,0.0,0.0,0.0,0.0,0.0,0.0,0.0,0.0,0.0,0.0,0.0,0.0,0.0,0.0,0.0,0.0,0.0,0.0,0.0,0.0,0.0,0.0,0.0,0.0,0.0,0.0,0.0,0.0,0.0,0.0,0.0,0.0,0.0,0.0,0.0,0.0,0.0,0.0,0.0,0.0,0.0,0.0,0.0,0.0,0.0,0.0,0.0,0.0,0.0,0.0,0.0,0.0,0.0,0.0,0.0,0.0,0.0,0.0,0.0,0.0,0.0,0.0,0.0,0.0
fzi,0.19147710764445947,0.20113031952269012,0.21608129057585757,0.23287822253223567,0.24965938619288863,0.2654562566133336,0.2797957045113435,0.2924802016157173,0.30346610761989723,0.312795178009992,0.32055549997539856,0.32685898871261543,0.33182837277104227,0.3355897219659596,0.33826829013869997,0.3399864089722655,0.34086271814680913,0.3410123358621604,0.34054775935885573,0.33958038767855214,0.338222595174102,0.33659024467829113,0.3348053661809445,0.33299833426667647,0.33130803226822536,0.3298767529381621,0.3288329957922542,0.3282488258255398,0.3280432378542173,0.32789117856464145,0.03202419009539881,0.0156394773532611,-0.009768582357082778,-0.03918134210221069,-0.06993274976457542,-0.10058680531642494,-0.13038845833216328,-0.15895922766526382,-0.18612921953058503,-0.2118427237044216,-0.2361046455066571,-0.2589499447667549,-0.2804262149237502,-0.3005838367752176,-0.3194705237381754,-0.337128418491659,-0.3535926702921479,-0.3688908677844438,-0.3830429643123239,-0.3960614880315916,-0.4079519234400095,-0.4187132089344914,-0.4283383337019586,-0.43681504418850636,-0.444126692987993,-0.45025328503948003,-0.4551728013477714,-0.4588629137990665,-0.46130325126398475,-0.4624784465876246,-0.4623822997990601,-0.46102355912501025,-0.4584340885180609,-0.45468063002624604,-0.44988211120460164,-0.44423573610993117,-0.43805737476657214,-0.4318459547570228,-0.4263872871035801,-0.42292346834074124,0.16233965528431327,0.16326252691487753,0.16475706955611713,0.1665423785261737,0.16846737796015532,0.17045349236002494,0.1724601820180851,0.1744664947483443,0.17646141774798707,0.17843891210179663,0.18039544924897655,0.18232888980442397,0.18423808323888835,0.18612285292426733,0.18798418514172965,0.18982452328722843,0.19164811181303776,0.1934613534660059,0.1952731449514431,0.19709514071064405,0.19894185573156165,0.20083044262059957,0.202779837262824,0.20480870736133738,0.2069311545058099,0.20914820476571094,0.2114313632023368,0.21369096412831823,0.21571592279894958,0.21705414722418936,-8.99265205993288,-9.090689345852297,-9.2412726750008,-9.39749495048818,-9.520707244013465,-9.579360010595337,-9.547484224247455,-9.403059953954653,-9.126691111407126,-8.700740569918707,-8.108991904064169,-7.336876575063798,-6.372295433665386,-5.2070424127146,-3.838787940117527,-2.273489809502337,-0.5279723560768161,1.3677296212526926,3.3687899560463848,5.415357326765843,7.434201129393841,9.342599071584118,11.054570987880652,12.48928918042293,13.581286782971802,14.291993779330369,14.622126820679114,14.624448304435646,14.415979495570355,14.194014525513921,-3.981961169050919,-4.01226870535902,-4.060633704404609,-4.114505605524755,-4.167174600643193,-4.2155121045980195,-4.258283266721264,-4.295232446807859,-4.32659097483338,-4.352813984428394,-4.374440973850142,-4.392023599499225,-4.406090014067104,-4.417128930194394,-4.4255841348191325,-4.431854335149637,-4.436295527300217,-4.4392243678821615,-4.4409217504585285,-4.441636188049415,-4.441586821656529,-4.440965991821031,-4.43994137109803,-4.438657681186669,-4.437238034046459,-4.435784940673329,-4.4343810381596995,-4.433089597183425,-4.431954895655508,-4.431002587637522,-4.43024027179672,-4.429658590645886,-4.429233396669588,-4.428929840189085,-4.428709696603619,-4.4285437953185465,-4.4284316253342695,-4.428427053295309,-4.428654060504414,-4.4290902025895775,1.3178854193752159,1.314574310127682,1.309640845686772,1.3041596385187404,1.2986187675751353,1.29324439495349,1.288133351004035,1.283319081540867,1.278804791981429,1.2745803630862156,1.2706309077482274,1.2669409560935208,1.2634963365321568,1.2602848460539917,1.257296293198749,1.254522225888536,1.2519555108754048,1.2495898545225828,1.2474193182065392,1.245437869413763,1.2436390175621455,1.242015613247986,1.2405599462917962,1.23926437639102,1.2381228877227386,1.2371341811890488,1.2363071396405303,1.2356689802543315,1.2352728509870303,1.235143904079223,-1.103833789611599,-1.1246371163069853,-1.1609039672539438,-1.2033869984361445,-1.2420959005767145,-1.2680502516850538,-1.2740098301801481,-1.2546819832223264,-1.2066942012684194,-1.1284724337474472,-1.020088304760975,-0.8830997979061976,-0.7203907102737048,-0.5360047590049817,-0.33496604516460593,-0.1230764002538649,0.09331911617596234,0.3076051495181673,0.5132106628152542,0.7039640306111323,0.8744817869473991,1.020577064995905,1.1396643582174875,1.2311238008715009,1.2965669981413157,1.3399096971743347,1.3670884346920502,1.385122187599336,1.3999857407125091,1.4120512966128445,-1.6128605419944506,-1.635681336703783,-1.671552891841202,-1.7115759136413544,-1.751200832586619,-1.7883711664089788,-1.8222985626753143,-1.8528184408032757,-1.8800564963676152,-1.9042589923074047,-1.9257087270493685,-1.9446856095300973,-1.961450108312647,-1.9762380666345507,-1.989260826938903,-2.000707532473797,-2.010748042490718,-2.019535729700692,-2.027209865401801,-2.0338975145443783,-2.0397149663126584,-2.0447687676346504,-2.049156437883994,-2.052966939709222,-2.056280973317371,-2.0591711529727945,-2.0617021187235878,-2.063930634452845,-2.0659057271059282,-2.0676689319843717,-2.069254725738574,-2.07069125248654,-2.0720014735629775,-2.073204880712183,-2.074319854238638,-2.075366459750512,-2.076368502281184,-2.0773500621680796,-2.078310881989637,-2.0790668156023457,0.6049560881938305,0.6045478842961529,0.6040294965500834,0.6035503651487488,0.6031481056629673,0.6028242504739865,0.6025673435965473,0.6023624881279375,0.6021952384631959,0.602053088797561,0.6019258998881014,0.6018058705223268,0.6016873327649748,0.6015665008484916,0.601441231222509,0.6013108193592416,0.6011758417751025,0.6010380466620973,0.6009002930677525,0.6007665394743071,0.6006418820386443,0.6005326402597575,0.6004464815540587,0.6003925514812636,0.6003815190060777,0.6004252912389347,0.6005357532785638,0.6007206271342511,0.6009711015153698,0.601204326109837,0.09732081474567167,0.10222552027198617,0.10982740030044624,0.11836234215968489,0.12688904722938332,0.13492602826022448,0.14224210256224978,0.14874144805435208,0.15440057428088494,0.1592333874855285,0.16327171384494932,0.16655446657790662,0.1691217298333072,0.17101169702594632,0.17225931876298972,0.1728960316581265,0.17295023681191424,0.17244837385692335,0.17141654732415645,0.16988273616470906,0.16787966928393416,0.1654484842894135,0.16264329583361814,0.15953675826381186,0.1562265549227959,0.15284236414174757,0.14955194036122066,0.14656354957287476,0.144116747808539,0.14252289272712915,0.05632245380752465,0.04707396086189419,0.03274357481234347,0.016140657675009606,-0.001233954094686851,-0.018561990277248697,-0.035406552790846035,-0.051544192475034833,-0.06687157909050256,-0.08135252957231387,-0.09498756204857273,-0.1077962316378489,-0.11980683325015207,-0.13105040069490315,-0.14155723423172617,-0.15135492647169713,-0.1604672803448537,-0.16891376102218203,-0.1767092694111625,-0.18386411273851877,-0.1903841011539953,-0.19627073300677012,-0.20152145374927954,-0.20612998965680163,-0.21008677107170115,-0.21337947334416185,-0.21599371939555567,-0.21791400859933674,-0.21912496665146364,-0.21961305609431747,-0.21936895751059637,-0.21839094409040172,-0.21668975688851333,-0.21429579801355203,-0.21126999139971758,-0.20772060160186356,-0.20382999393382306,-0.19989849202409005,-0.1964171419895706,-0.19419030256005954,0.07798161539000148,0.07831379886033574,0.07886439253400113,0.07953488461203051,0.08027308711655223,0.08105309611084976,0.08186218774488907,0.08269400160745022,0.08354512528910618,0.08441346063233368,0.08529751534004504,0.08619617227869014,0.08710870176055607,0.08803489378711582,0.08897524603285945,0.08993117380593674,0.09090522273140778,0.09190126944729116,0.09292469161164263,0.0939824754998142,0.0950832023279986,0.09623680419036873,0.09745388877507821,0.09874426464159569,0.10011398962370777,0.10155968266008131,0.10305772624894871,0.10454376063989912,0.10587406689762702,0.10675018995016217,2.744535787661789,2.734592143959162,2.7196572212869796,2.703071995470964,2.6863370249593572,2.6700477363410755,2.654346967879974,2.639158408928779,2.6243056045786943,2.6095721809833776,2.5947313720098464,2.5795594938317663,2.563841108487395,2.5473700203510816,2.5299483490161947,2.5113849252375076,2.4914937630237546,2.4700931685438263,2.447006080132269,2.422062487574294,2.3951053341224906,2.3660023453776375,2.3346681239199825,2.301104295758705,2.2654718448684434,2.2282216523235547,2.1903317875185166,2.153742820919433,2.12215379702684,2.1023207260568597,-5.015080053428392,-5.104261970876905,-5.237239190202672,-5.367274425152573,-5.456953561406408,-5.478520481054147,-5.413500487899,-5.2516613705520285,-4.989783514960436,-4.630430156248622,-4.180787205244997,-3.651588205160806,-3.0561220826784847,-2.4093198434711667,-1.7269213293184293,-1.024729202312301,-0.31796158592624124,0.3792840485839406,1.0544453177280957,1.6967821749422,2.297538123311824,2.8499837147974176,3.349357206694549,3.792722293146653,4.178765905016917,4.50756009457109,4.780311270500533,4.9991180294018704,5.166756157617783,5.286506664924673,5.362040459513082,5.397371825922164,5.396892305470828,5.365496640682977,5.308812233291974,5.233541034729569,5.147913273114682,5.06222719145444,4.989375998555261,4.94523717450511,-1.5701815451739094,-1.5759224041030393,-1.5851573198797269,-1.596033488141984,-1.6075172998025664,-1.6190564991229621,-1.6303652567148674,-1.64130409219797,-1.6518137247912819,-1.6618786039980478,-1.6715069084457355,-1.6807197893140255,-1.6895458611325012,-1.6980187009830843,-1.7061760867582052,-1.7140602472572937,-1.7217186956404475,-1.7292053730416228,-1.736581883909821,-1.7439185760813416,-1.7512950848176843,-1.75879967315268,-1.7665261449365062,-1.7745660652471997,-1.7829920611839043,-1.7918242210216704,-1.8009643004243117,-1.8100673431763425,-1.8182932053741752,-1.8237856796156393,8.582891429772644,8.585052607511898,8.589695234884857,8.596188902338326,8.60391575509857,8.612545512238285,8.621930657493067,8.632019117037999,8.642798000539187,8.654260833427543,8.666389503938262,8.679144940528204,8.692462786479155,8.706251849362161,8.720394043950364,8.73474513713154,8.74913597619161,8.763374148547882,8.777246241050307,8.790521110233385,8.80295487085823,8.814298750512535,8.824311601230875,8.83277979887498,8.839548590651248,8.844570490080514,8.847977268116665,8.850174612896808,8.851931849385437,8.853827116838147,-44.07837202910923,-44.344362368938164,-44.62352425743302,-44.69011342020531,-44.37591149198124,-43.54724012789666,-42.0949432226771,-39.93296388705494,-37.005586096376646,-33.301301152212545,-28.86849331104895,-23.82575819559861,-18.359678254288156,-12.706428936042357,-7.119743147166446,-1.8336214746232145,2.9693921295693144,7.175910590332933,10.742699857160915,13.684343302273192,16.0543652860797,17.926451096660458,19.379839089815505,20.490018267999403,21.32394942000974,21.938380402105395,22.379961409489624,22.686251526582055,22.88706459326204,23.00585697463248,23.06101993151242,23.06703211858985,23.035477946163155,22.975962169090053,22.896959838210023,22.80663614391233,22.713646219854127,22.627851253761037,22.560686450218782,22.523771624348228,-5.891042557403125,-5.877434337260638,-5.857159068691544,-5.834477804753988,-5.811298000044189,-5.788513672639965,-5.76652616832871,-5.745498786709504,-5.7254823991970625,-5.706478348496603,-5.68846951960586,-5.671435031516012,-5.655356445568032,-5.640219603024889,-5.626014245630358,-5.612732547553605,-5.6003671430953545,-5.588908963094582,-5.578345067391638,-5.568656642528367,-5.55981740464631,-5.5517928183908225,-5.5445408682498964,-5.538015679790988,-5.53217620839132,-5.527003620445612,-5.522532755156135,-5.518902271564002,-5.516414720228568,-5.515347824141827,0.16928574216615289,0.16660721130119782,0.1626798191373382,0.15835809826876357,0.15391379159609642,0.14935042441720725,0.144556995597668,0.13938407503519556,0.13367963311429776,0.1273046946771501,0.12013894810115744,0.11208151194841776,0.10304953371269221,0.09297599505771359,0.08180742764670867,0.06950190938005107,0.05602756295593281,0.041361744804817135,0.025491166905339924,0.00841334149481554,-0.009859985328148468,-0.02929625765682431,-0.049830384323286125,-0.07134434179897653,-0.09363184080211795,-0.11633669368438859,-0.13884391077954206,-0.1600829787166731,-0.17817289997947228,-0.18969062546295845,0.09681761549495604,0.10202385516731738,0.11006153898233606,0.11884179682147078,0.12728277909081953,0.1348772677629313,0.14142046000051778,0.14686470307424315,0.15124242774800223,0.15462534195467015,0.1571029487386113,0.15877141300370567,0.1597279682991939,0.16006827021556091,0.15988529532842222,0.1592690309335012,0.15830655403624405,0.15708228909716127,0.15567833639579476,0.15417481765689445,0.15265021110826638,0.1511816618622106,0.14984525640829816,0.14871625103478436,0.14786923892279447,0.14737823440555076,0.14731663931161165,0.14775703300983878,0.14877068729947496,0.1504266337124136,0.1527899799784791,0.15591893730925221,0.1598595966825087,0.16463671964265814,0.17023738283205603,0.17658163255327963,0.1834691670619577,0.19048108394008523,0.19679792455735878,0.20088482253208895,0.028640008760589808,0.022047819050385442,0.011692500358094549,-0.0004333851911724196,-0.01324186405963701,-0.026124542792786087,-0.03874007986178185,-0.05089687039526325,-0.06248850313204457,-0.07345759899362747,-0.08377535773979616,-0.09342995875158522,-0.10242005014879396,-0.11075121905560081,-0.11843425024744647,-0.1254844928134844,-0.13192194493603893,-0.1377718302228459,-0.143065524260237,-0.14784171954124758,-0.15214769385420368,-0.15604045420514012,-0.15958732279977994,-0.16286512304941425,-0.16595633028191514,-0.16893901032926806,-0.17186435321309546,-0.17470946668481702,-0.17728230989882832,-0.17902510606734268,-0.0040120666056679966,-0.005373135881427515,-0.0074782511584317035,-0.009853767079107456,-0.012248737100662765,-0.014534288848835786,-0.016647819174977485,-0.018562349910553166,-0.020269727988761588,-0.02177131424991785,-0.023072802869137377,-0.024181356749977567,-0.025104063946855604,-0.025847163009984797,-0.02641572995344177,-0.026813657945240266,-0.027043841178056027,-0.02710852287691523,-0.027009798703602428,-0.026750289131314275,-0.026334012670758966,-0.025767508846001874,-0.02506127653441581,-0.02423160864145757,-0.02330291290081732,-0.022310600483024245,-0.021304562610112043,-0.020353223568122303,-0.0195474314390367,-0.019020700641675603,-0.038839071601103115,-0.03708235739742349,-0.03436519210356437,-0.0312065815509186,-0.02787687504542191,-0.024519899033748516,-0.021209989464296086,-0.017983443385446662,-0.014855750222068309,-0.011831203852580074,-0.008908304369469988,-0.006082800401145505,-0.0033493925607217534,-0.0007026714970379544,0.0018623831638251431,0.004350155611973605,0.006764290334103862,0.009107670041885285,0.011382439466615324,0.013590055258646316,0.015731351463273313,0.017806615738209075,0.019815674872916134,0.021757990240985237,0.023632765079582896,0.025439065966565977,0.027175960705335456,0.02884267347280911,0.030438755019531527,0.03196425935834668,0.03341990633839487,0.034807186873422324,0.03612832577232439,0.03738593921025313,0.03858207788107393,0.039716067356039275,0.04078001973118717,0.04174975098590039,0.042567103890917224,0.04309772485987651,0.006159640334999494,0.0062546510628749274,0.006391283854100038,0.006554137146622452,0.0067243801886434085,0.006881302949750534,0.007006588516105694,0.007085609325258702,0.007107438033926883,0.0070643208298406535,0.006950988517928636,0.006763969299981909,0.006500968288492004,0.006160332953641046,0.005740604249467651,0.005240146835149062,0.004656852553580393,0.00398791679867827,0.0032296977951773442,0.0023776863627062994,0.0014266432233398518,0.0003710117282480496,-0.0007941971016407479,-0.0020716912074476568,-0.003458710127233644,-0.004941179117622596,-0.006483001763626817,-0.008006298653413069,-0.009355090751967055,-0.010228797843012671
mxi,0.7813837158046226,0.7837738825537279,0.7880810214868283,0.7938629670098329,0.800647691224551,0.8080577648441043,0.8158078775745459,0.8236868176352949,0.8315399404407557,0.839255153474916,0.8467522462469859,0.8539748631577453,0.8608844510921188,0.8674556599786456,0.8736728119675519,0.879527160018938,0.8850147309271463,0.8901345970597703,0.8948874496586186,0.8992743580108211,0.9032955908402869,0.9069493459939721,0.9102301697521469,0.913126728146608,0.9156183851891484,0.9176696656261143,0.91922105592581,0.9201730665060595,0.9203605759516194,0.9194891189672987,-0.9716364478943547,-0.9746192204724906,-0.9796949319330679,-0.9866210526779042,-0.9949197239328029,-1.0041746766020978,-1.0140562990761808,-1.0243108939209975,-1.0347438467301728,-1.0452049572508244,-1.055577020509368,-1.0657672962293674,-1.0757012273600566,-1.085317835819005,-1.0945663502948975,-1.10340373794471,-1.1117929037054495,-1.1197013891299434,-1.1271004521244734,-1.1339644446594868,-1.1402704314094372,-1.1459980113151111,-1.1511293183850348,-1.1556491891813891,-1.1595454934607936,-1.1628096321505836,-1.1654372138390556,-1.167428927706979,-1.1687916376975558,-1.169539729945118,-1.1696967530146871,-1.169297397594189,-1.168389866346839,-1.167038678176839,-1.1653279135041519,-1.1633647762720312,-1.1612829485993252,-1.1592438202191335,-1.1574293372890292,-1.1559904076876641,-0.2482858593006636,-0.24710272605606232,-0.24570625330632634,-0.24412993582031817,-0.24241253851166888,-0.2405865182953688,-0.23867807085779713,-0.2367085661287618,-0.23469586365671802,-0.23265527341463432,-0.23060020602342135,-0.22854259531606136,-0.22649316581436896,-0.22446160018412264,-0.2224566471252052,-0.22048619998072017,-0.2185573702684529,-0.21667657777219684,-0.2148496795582271,-0.2130821644787182,-0.21137944791898455,-0.20974731489196596,-0.20819257956114612,-0.20672405693537144,-0.2053539761909886,-0.20409998860999679,-0.2029878761736299,-0.20205460412309417,-0.20134958587049367,-0.20091548609658805,-8.146857466909267,-8.148970638484585,-8.144259665799993,-8.12368756904165,-8.076243062910905,-7.9912778131043325,-7.859056730020541,-7.670884722540663,-7.419107199583053,-7.09712323293256,-6.699474655093184,-6.222043865129763,-5.662375069439122,-5.020117531541956,-4.297569293826456,-3.500273257418826,-2.6375852732871294,-1.7231009099138532,-0.7748029270885581,0.18521327030239831,1.1315537934725342,2.036939047671609,2.8741882317994225,3.618650032550022,4.250858329557104,4.759102168779492,5.1414928784910785,5.40687540066034,5.573525974612366,5.661370790275839,3.4688044844577632,3.4540504749933802,3.429450066173942,3.397459764673769,3.360258164026604,3.3195138527102586,3.276468275083502,3.2320431944211805,3.1869267477039216,3.1416366043367674,3.096565116697377,3.0520114412783528,3.008204463202702,2.965319276102136,2.9234891440369495,2.882814283608184,2.8433683954830116,2.8052035931103063,2.7683541835026233,2.7328396225941987,2.698666877987357,2.66583237154682,2.6343236351892116,2.6041207907494623,2.575197955459707,2.547524677909081,2.5210675262905866,2.4957919840324223,2.471664862917848,2.44865752875112,2.4267503615799306,2.4059390576759903,2.386243642665086,2.3677214155295268,2.350485449414151,2.3347305050911693,2.320767411300629,2.309060627045225,2.3002390989622796,2.2948413717993184,0.26020584744030906,0.2579405108610491,0.25608703207669503,0.2545720910987459,0.2533077931136063,0.2522237452657521,0.25126690187903744,0.2503977951470402,0.24958686220488513,0.24881160883385256,0.24805455921823683,0.24730181970146692,0.2465420951962285,0.24576603499560168,0.24496582064147177,0.24413493701060407,0.24326808956859658,0.24236124762106837,0.2414118076477063,0.24041888331105055,0.23938374230094128,0.2383104251150261,0.2372065987522336,0.236084718939352,0.23496359273684853,0.23387042676737124,0.2328433408245083,0.23193375754904255,0.2312060753571974,0.23071568376544693,2.6936494760784484,2.694273139747871,2.6913807122372404,2.6827307363189874,2.6656777980041753,2.637695014299773,2.5966532096092223,2.540971871727109,2.469692301516652,2.382503744100248,2.2797391047839355,2.1623490541279438,2.031858777007976,1.8903090430286014,1.7401819490157067,1.5843112412905924,1.4257773634793125,1.2677881775552038,1.1135475952913367,0.9661160739547086,0.8282690319333454,0.7023616947383857,0.5902116940941653,0.49301394665918963,0.4113059716526237,0.3450055776147707,0.2935451341205493,0.25611587003301395,0.23197627355492045,0.22017230247543296,-2.1911003830627465,-2.1870384789734914,-2.1766157809100832,-2.161163028596121,-2.1419297863184568,-2.119890255585517,-2.0957859283082243,-2.0701864079318284,-2.043537514111634,-2.016195343072944,-1.9884495819144092,-1.960539355830548,-1.9326640657526184,-1.9049909170910908,-1.8776602769457114,-1.8507896082963597,-1.8244764689513673,-1.7988008912838893,-1.7738273471692523,-1.7496064308858266,-1.7261763477910819,-1.7035642694559598,-1.681787601171969,-1.6608552019855622,-1.640768598933679,-1.621523245747813,-1.6031098926405676,-1.5855161603169705,-1.5687284517107898,-1.5527343948349603,-1.5375260987954746,-1.5231046325493516,-1.5094863172210928,-1.4967116653786654,-1.4848580850421662,-1.4740576385908426,-1.4645206316158603,-1.45656156898783,-1.4506073340245988,-1.4470261327211436,-0.1807384573723656,-0.1794976781525417,-0.17873460545066067,-0.17836592525171469,-0.17828775161429355,-0.1784153167099669,-0.17868355571150918,-0.17904312727716043,-0.179456363183351,-0.17989409649262011,-0.1803333462699399,-0.18075567852247776,-0.1811460665306086,-0.1814921130145608,-0.18178353488682708,-0.1820118417634613,-0.1821701620742764,-0.18225318731248796,-0.18225721752703272,-0.18218030108926486,-0.1820224702193678,-0.18178608154364273,-0.1814762784071,-0.18110159806312476,-0.18067474869292166,-0.1802135655585979,-0.17974208414868742,-0.17929136393292966,-0.1788987264026931,-0.1785964521301877,-0.4940258324805704,-0.4954739722577308,-0.49796380276900365,-0.501256710236337,-0.5051048559130749,-0.5093109648902363,-0.513725276629863,-0.5182352501286154,-0.5227560387800487,-0.5272230855259714,-0.5315866404953695,-0.5358077726730457,-0.5398554915849161,-0.543704687056092,-0.5473346768467131,-0.5507282137001326,-0.5538708468187856,-0.5567505617491904,-0.5593576401025828,-0.5616846880068564,-0.5637267794288263,-0.5654816448678162,-0.5669498009509937,-0.5681344483646811,-0.5690408364508386,-0.5696745307942273,-0.5700375057488607,-0.5701194531110403,-0.5698799085037649,-0.569185086254933,0.6356360723375616,0.6373734663370101,0.6401949198748298,0.6439859836424944,0.6484897988150848,0.6534795278101484,0.6587746205154268,0.6642361023880881,0.6697578301248903,0.6752586211539082,0.6806760064374302,0.6859614875640396,0.6910769895407185,0.695992219011508,0.7006826971515459,0.7051282945832469,0.7093121429013998,0.7132198326470522,0.7168388335145792,0.7201580914692975,0.7231677712908962,0.7258591233708458,0.7282244614913793,0.7302572446007431,0.7319522608689581,0.7333059170097531,0.734316640357088,0.7349854058164453,0.7353164048851628,0.7353178797480151,0.7350031522185798,0.7343918849207629,0.7335116195459399,0.7323996404113995,0.7311051990028421,0.729692068547493,0.7282411648365308,0.726852091368019,0.7256396309202389,0.7247010510705243,0.164857739968725,0.16412970152335138,0.16330563717774016,0.1624007961167644,0.1614307968783022,0.16040848019408838,0.15934424867138208,0.15824675680272282,0.15712345562948382,0.1559809589279575,0.1548252712637903,0.15366192210764762,0.1524960404892104,0.15133239526621844,0.15017541909715026,0.14902922996345058,0.1478976617070047,0.1467843146696115,0.14569263880293448,0.14462606480837126,0.14358820440868092,0.14258314941469008,0.14161591170573473,0.14069306314578478,0.13982365436968514,0.13902050323910675,0.13830190721204416,0.13769352587101524,0.13722900823028827,0.13693738013803824,1.8350414745957497,1.8387523846995215,1.8444728317715722,1.8518960617865368,1.8606723955136921,1.870550068279016,1.8813634365265628,1.8930094635814356,1.9054272521210933,1.9185829153409806,1.9324587912485356,1.9470457551669114,1.9623376018026804,1.9783267347504392,1.9950006080209945,2.0123385041515647,2.0303083165473836,2.048863039740475,2.0679366668746937,2.0874391470408185,2.1072499621845253,2.127209730947385,2.147109019898153,2.166673231255892,2.1855420699829295,2.2032418721103184,2.219149879359179,2.2324551108270043,2.242147166720997,2.247235561957467,4.047304876378178,4.033578581434199,4.002980696269901,3.9489496020207184,3.8640953423713853,3.7419544519693773,3.57776753308724,3.368795869153999,3.1143648574579146,2.815748570167486,2.4759581450009733,2.099471593377203,1.691929593913315,1.2598154327573923,0.8101341341026824,0.3501041122259494,-0.11312675096787927,-0.5727304515861391,-1.0224057962312685,-1.456537923764003,-1.8703085602253111,-2.2597582837609167,-2.6218048848919295,-2.9542241372025586,-3.2556007918967254,-3.525258337103793,-3.76317607914325,-3.9699015370742217,-4.1464651536328745,-4.294303067765938,-4.41519227751931,-4.5112009850353445,-4.584655186874983,-4.638120414877626,-4.674394425767922,-4.696501486421624,-4.707669502835749,-4.711251371130757,-4.710513058585349,-4.708032486225349,-1.1005312140793322,-1.096156553333806,-1.0905504835059148,-1.0839363840972709,-1.076570454177208,-1.0686653770482941,-1.060388460660075,-1.0518702714949946,-1.0432133992883053,-1.0344993990933418,-1.0257939202595274,-1.0171504032315468,-1.008612727587721,-1.000217120617613,-0.9919935618875151,-0.9839668627498703,-0.9761575620698544,-0.9685827587785631,-0.9612569968596212,-0.9541933292399118,-0.9474047159727146,-0.9409059634438819,-0.9347164913840569,-0.9288643289102385,-0.9233918857070407,-0.9183641594736329,-0.913879904005169,-0.9100844868985112,-0.9071765447999542,-0.9053312893187284,-2.0456831373198163,-2.0507893617280697,-2.05891169736144,-2.0695188443906734,-2.081992852786545,-2.0958644188238544,-2.1108074636177854,-2.1266075821302337,-2.1431319722625695,-2.1603061252597193,-2.178096662294756,-2.196498842545253,-2.2155273838219216,-2.235209540121893,-2.2555796497621756,-2.2766745654481184,-2.298529506927288,-2.321173949446468,-2.344627185407596,-2.3688931765902126,-2.3939542488734773,-2.419763065437998,-2.4462321400089806,-2.4732199164319297,-2.5005121720829706,-2.527797342372608,-2.554634889715345,-2.580419403477336,-2.60435991681193,-2.625599095096277,-16.715183716877178,-16.659536900136246,-16.544248850508822,-16.335547236053714,-15.993903589575638,-15.483516239213856,-14.774708276008312,-13.845707309702448,-12.684936908670352,-11.29395878015103,-9.690374997296317,-7.909409934762664,-6.002784367102777,-4.034142387656544,-2.0715619997394015,-0.17895361589722825,1.5913087431493977,3.2027104657188943,4.6353262469329195,5.883675835688251,6.95307876731826,7.855806193598482,8.607833404691206,9.22647397386973,9.728845320077482,10.13098230867638,10.44740361025353,10.690970913071965,10.8729259969071,11.003029440081463,11.089753836631587,11.14050470495448,11.16185574955486,11.159793512245045,11.139970551929792,11.107965081557964,11.069533423055532,11.03079529974822,10.998154318982323,10.976721730796541,1.2122204112700459,1.2000867351342421,1.1883385644499143,1.1769294370161525,1.1658162600280413,1.1549721175035401,1.1443816449902506,1.1340360499377482,1.1239295220060654,1.1140569576453032,1.1044126431661567,1.094989596902881,1.0857793586144524,1.0767720942264596,1.0679569385655192,1.059322544505882,1.0508578412100888,1.0425530384903965,1.034400947196838,1.0263987320385581,1.0185502650905747,1.0108693282089334,1.0033840138749444,0.9961428062592788,0.9892229651386284,0.982741873809287,0.9768715599357547,0.9718536718204982,0.968001287785631,0.9655831495348597,0.5104654135090607,0.5107936072598589,0.510718800246738,0.5102119688928992,0.5092419083946753,0.5077680337454398,0.5057470989963964,0.5031386586152022,0.49990847030124286,0.49603034388113443,0.49148700992077465,0.4862704261964197,0.4803818051281823,0.47383155309395164,0.4666392567689073,0.4588338227329576,0.45045386798143205,0.44154846771973233,0.43217839196560526,0.42241800723240885,0.41235808767546445,0.4021098780760646,0.39181088453636015,0.3816330315143812,0.37179396877505155,0.362572219704246,0.35432583005319174,0.3475085244332661,0.3426581834427367,0.3401640379900961,-0.30755910212146986,-0.3068156507770361,-0.30457511423802686,-0.30116225054883117,-0.29689893265297584,-0.29203527097148374,-0.28675702581859497,-0.28120053797576894,-0.27546558094796936,-0.26962496603310626,-0.26373145603108306,-0.25782270837242827,-0.25192483441447067,-0.24605500023352,-0.2402233651255834,-0.23443456056414647,-0.22868884886597662,-0.22298305762928727,-0.21731135806856372,-0.21166593702653813,-0.2060376011434233,-0.20041634495631655,-0.19479191136970897,-0.18915437234119814,-0.18349475934673798,-0.17780577756061788,-0.17208264552813368,-0.1663241140823235,-0.16053373720357733,-0.15472149536546276,-0.14890591362546246,-0.14311687709897392,-0.13739943197332316,-0.13181897376207452,-0.1264683534460911,-0.12147749370785554,-0.11702578843710754,-0.11335532844628737,-0.11077386939781064,-0.10956587808366614,-0.17265473605654869,-0.17380805391000465,-0.17641284685134195,-0.1802273676261219,-0.1849278460783772,-0.19024331881847978,-0.19596103763643047,-0.20191601807959447,-0.2079795001587268,-0.21404970482765062,-0.22004499782807585,-0.22589899567907779,-0.2315571159293608,-0.2369741722441745,-0.24211271895260378,-0.24694193303148815,-0.25143688197375713,-0.2555780676328645,-0.25935116220014454,-0.26274686687969684,-0.2657608268551144,-0.26839352817146,-0.27065008052503625,-0.2725397514198016,-0.2740750567292176,-0.27527013255940425,-0.27613804673520903,-0.276686898783177,-0.2769158988608109,-0.2768256405876617,-0.15521146266834052,-0.15559654730934147,-0.15624321528719598,-0.15709613161581837,-0.1580934697925458,-0.15918540064006015,-0.1603338310982556,-0.16150993476672504,-0.1626917528881764,-0.16386231074724567,-0.16500822444633556,-0.16611869667007007,-0.1671848049446325,-0.1681990075589681,-0.16915481282790612,-0.17004657330675776,-0.17086937809402247,-0.17161902422689845,-0.1722920532177561,-0.17288584142132102,-0.17339873316266274,-0.17383020289804385,-0.17418102568048077,-0.1744534204790673,-0.17465110150451757,-0.17477910954526976,-0.17484316348936346,-0.17484786083154713,-0.1747924475505389,-0.1746540412487878,0.06337929047008828,0.06369870817145173,0.06421948003023381,0.0649283236742404,0.06578279513871799,0.06674516850604384,0.06778561543535933,0.06888138231177443,0.07001519870393569,0.07117386028294437,0.0723471225411716,0.07352687802620039,0.07470655533314563,0.07588068301488793,0.077044573789955,0.07819409609397354,0.0793255092650682,0.08043534551344766,0.08152032676896948,0.08257730801445184,0.08360324119140028,0.08459515549847207,0.08555015109346797,0.08646540398747327,0.08733818036113927,0.08816585866717475,0.08894595769723335,0.08967616822801538,0.09035438481306368,0.09097873258352784,0.09154758132381069,0.09205953529990207,0.09251338207781945,0.09290797707327414,0.09324203466306358,0.09351380100396511,0.09372062528236125,0.0938587036790004,0.0939239796319562,0.09392363571319073,0.10934438221727483,0.10927025357416476,0.10912233841817454,0.10891671403215852,0.10865982587420397,0.10835443143740209,0.10800167052292498,0.10760219449718322,0.10715671943208438,0.10666628425358704,0.10613234733630783,0.10555679787997985,0.10494192608183495,0.10429037879627945,0.10360511769656133,0.10288939174262302,0.10214673339288671,0.1013809875827425,0.10059638385219927,0.09979766499680265,0.09899029069234677,0.09818074210824301,0.09737696426881959,0.09658899699726975,0.09582986071487576,0.09511676882319153,0.09447269263237601,0.09392800257971845,0.09352072785899446,0.0932845235602131
myi,-1.8343145223275883,-1.815980594091485,-1.7961331130009341,-1.7742506677771246,-1.7502473155346934,-1.724223626185477,-1.6963600628376412,-1.6668661933688753,-1.6359561209214988,-1.6038364829371474,-1.570700764160918,-1.5367268567906365,-1.5020763109736563,-1.466894458780935,-1.4313109702215336,-1.3954405938527863,-1.3593839350596362,-1.323228174964516,-1.2870476542996059,-1.2509042499470553,-1.214847462221421,-1.178914110669247,-1.1431275064821875,-1.107495934238358,-1.0720102480722744,-1.0366404007271228,-1.0013309843107692,-0.9659964772293108,-0.9305230460684726,-0.8947803216662322,1.1840501617343762,1.187958641345233,1.1897863532161352,1.1885226328751628,1.1838377454058957,1.1756896068719698,1.164170582245788,1.149431827440523,1.1316468207456012,1.1109935266030888,1.0876459698035745,1.0617706209199653,1.0335252614712012,1.00305911123872,0.9705135739789466,0.9360232597952844,0.8997171043788763,0.8617194928671701,0.8221513433754435,0.7811311304102109,0.7387758412069765,0.6952018638146669,0.6505258074720786,0.6048652549171436,0.5583394435617279,0.5110698681522763,0.46318079152636216,0.41479964188786056,0.3660572637630253,0.3170879738672383,0.26802934974456605,0.219021643342451,0.1702066546386618,0.12172580465264105,0.07371697775343478,0.026309382606818588,-0.020384953378432158,-0.06628590727150652,-0.11137186404283028,-0.1557376806978965,-0.7094190356758929,-0.6939316485333435,-0.6783086862895047,-0.662490546562509,-0.6464546288355066,-0.6301937326189524,-0.613707153271033,-0.5969968281488036,-0.5800656975753959,-0.5629170405624428,-0.5455542362861863,-0.5279806967794407,-0.5101998506420724,-0.49221512068290885,-0.47402986863661223,-0.455647294241353,-0.4370702823040613,-0.41830119365008933,-0.39934159624067966,-0.38019193264080364,-0.36085112069462966,-0.34131608756041487,-0.3215812470827828,-0.301637954411035,-0.2814740272439593,-0.2610735521728671,-0.24041749238241295,-0.2194864149901541,-0.19826832625629365,-0.17678391028650253,-1.8034255769753145,-2.7119199961131244,-3.637324464221706,-4.5865481574029445,-5.560585630144033,-6.555892869031823,-7.565433151512252,-8.579416316787501,-9.585749836371065,-10.570279431327776,-11.516895425073642,-12.407578221408528,-13.222456721251092,-13.939957956376333,-14.53713163930803,-14.990234307845467,-15.275646980571423,-15.371170194522733,-15.25768615018319,-14.92110105358671,-14.354392132419946,-13.559501562394189,-12.548764166343176,-11.345540835854877,-9.983753630926685,-8.506061210817052,-6.960447534755417,-5.394982794701946,-3.850706800052876,-2.3520765581059777,13.178793691880514,12.794435994844207,12.403933988415929,12.005914547209727,11.600462732860706,11.188254146489498,10.770143732913084,10.346996674996376,9.919618131971674,9.488728130465574,9.054956813895842,8.618848637801221,8.180870062998537,7.741418166867376,7.300828998045745,6.8593851955108995,6.417322730332295,5.974836788859832,5.532086883135662,5.089201296593387,4.646280973870432,4.203402954481078,3.760623438333397,3.3179805591771014,2.875496931308362,2.4331820259392316,1.9910344262858644,1.5490440036827522,1.1071940512704828,0.6654634036199809,0.2238285586113875,-0.21773420345442673,-0.6592467488958391,-1.1007271919333448,-1.5421884505826142,-1.9836378595607016,-2.4250792004951904,-2.866519866287149,-3.30799230065125,-3.749590604474065,-3.5447692787024607,-3.4125954251663586,-3.2809213629960823,-3.149889363793818,-3.0195178242531426,-2.8897834832969806,-2.7606480316969737,-2.632069773488496,-2.5040082591348707,-2.376425932408708,-2.2492884517662155,-2.1225644579187986,-1.9962251431956677,-1.870243787266494,-1.7445953322463517,-1.619256027037725,-1.4942031502986808,-1.3694148128203167,-1.2448698367214774,-1.1205477077208457,-0.996428595753784,-0.8724934360889023,-0.7487240557470756,-0.6251033111791173,-0.5016151624114258,-0.37824451839247786,-0.25497646209210245,-0.1317940211277886,-0.008671639147891597,0.11443719040013889,-3.606230756263699,-3.7216886408673417,-3.840696387698131,-3.9652676716964947,-4.096193536859801,-4.232954841562503,-4.373915953407277,-4.516583007182817,-4.65786040498736,-4.794285914139948,-4.922241197712964,-5.038139691327473,-5.138594600357948,-5.220568994122225,-5.281508536993858,-5.319455766695152,-5.333143236043895,-5.322061422060443,-5.286496189944501,-5.227529881918315,-5.146999882581667,-5.047408891080806,-4.93178223654553,-4.803469625707123,-4.665892209982189,-4.522242162265059,-4.37515433926103,-4.226400827963573,-4.076722791478801,-3.926272263241401,5.97615428781728,5.824362131451835,5.668318553207541,5.506952343884677,5.340251665265043,5.1686067240388525,4.992525178668814,4.812519541979441,4.629064383643026,4.4425836100697325,4.253450256373469,4.061991022723632,3.8684920969440952,3.673204802157059,3.476350531538479,3.2781248532871996,3.078700846873655,2.878231794578312,2.6768533623435147,2.474685391314111,2.2718334014340087,2.0683898876236952,1.8644354704995294,1.6600399480430639,1.4552632822219778,1.2501565447931284,1.0447628386179701,0.8391182042522587,0.6332525154276709,0.4271903600828182,0.22095189485301603,0.014553647989771434,-0.19199077478060644,-0.39867016018928325,-0.6054754692253255,-0.8124001644724785,-1.0194415227126967,-1.2266035856674762,-1.4339041828642252,-1.6413801228808893,-1.786096028105618,-1.725633742707302,-1.665251648300199,-1.6049462777981773,-1.544703030788078,-1.4845078887143046,-1.4243492574190952,-1.364218307385002,-1.3041086917833198,-1.2440161167285169,-1.183937908215949,-1.1238726267491774,-1.0638197405767622,-1.0037793540733064,-0.943751982721615,-0.8837383654194966,-0.8237393050502959,-0.7637555291681721,-0.7037875631973876,-0.6438356087305408,-0.5838994190397813,-0.5239781624658093,-0.46407026188369116,-0.4041731937251001,-0.3442832224985608,-0.28439503501248,-0.22450120884735725,-0.1645914583166075,-0.1046511379963988,-0.04466166464052179,-0.9049365744747035,-0.8954999976605933,-0.8852797311836866,-0.8740147155305706,-0.8616646868509719,-0.848282098550655,-0.833957656643797,-0.8187951405379081,-0.8028997551367176,-0.786372882410955,-0.7693099746090226,-0.7518000062235419,-0.733925690025881,-0.715764046222501,-0.6973871062056451,-0.6788626293947493,-0.6602547592787857,-0.6416245655078647,-0.6230304239030602,-0.6045281806639409,-0.5861710326102028,-0.5680090313695239,-0.5500880833479584,-0.5324482637814612,-0.5151211851331183,-0.4981260403492769,-0.481463829663042,-0.4651089552567953,-0.44899989246020766,-0.43302043946451363,0.5469658580105374,0.5527168384540389,0.5573152098823897,0.5601850875332133,0.5611342158569244,0.5601340127041681,0.5572340252379959,0.5525189916572941,0.5460877834140412,0.538042842582449,0.5284849944180365,0.5175110594954777,0.5052129477242993,0.49167753733680186,0.4769869638271462,0.4612191149053677,0.4444482201901234,0.42674547534729657,0.40817966857653376,0.3888177928727341,0.36872563587132845,0.34796834335577387,0.3266109542991522,0.3047189055484125,0.2823585033584237,0.2595973571221748,0.23650476776033003,0.21315205906953594,0.18961283434684262,0.16596313183177358,0.14228143920319525,0.1186485063839271,0.09514686133731587,0.07185987377495451,0.0488701031073937,0.026256456219492463,0.004089253778644775,-0.017578704088940356,-0.03872897575825718,-0.059415868946928185,-0.35623779661288424,-0.34887758150576076,-0.34146528165586076,-0.33397898396151504,-0.32640951510325067,-0.3187527880236374,-0.3110066251844472,-0.30316951374748236,-0.29524014280417,-0.287217262092736,-0.2790996621159376,-0.2708861876625295,-0.26257574578214804,-0.25416729151748674,-0.24565978472704542,-0.2370521156079093,-0.22834299802689584,-0.21953082999348883,-0.21061352032026992,-0.2015882803357174,-0.19245138014887608,-0.1831978715771001,-0.17382128688982412,-0.1643133389912954,-0.15466368587254387,-0.1448599072783452,-0.13488803590923126,-0.1247345027594946,-0.1143914390726195,-0.10387315927681584,0.7802791509775631,1.0533113195417059,1.3248708209288225,1.5944933966864028,1.8621287005580598,2.12786119051043,2.391809165319728,2.6540820538814387,2.9147640378510005,3.173908906100678,3.4315397011187088,3.6876501990909674,3.942206874335625,4.19515074392757,4.446398841312202,4.695845234198259,4.943361576548341,5.18879721828489,5.431978912437444,5.672710176437704,5.910770399003468,6.145913862133511,6.377869019957416,6.606338747692007,6.8310030822449335,7.051527781285131,7.267586263312523,7.478913156983026,7.6854363555160035,7.887633559390338,-0.058885522994813755,-0.5804621762473516,-1.1173131675636796,-1.6746274264114618,-2.2515675540694247,-2.84268874141344,-3.4393049760687973,-4.030716543083599,-4.605228758186058,-5.150977949782828,-5.656589125217579,-6.111687568083653,-6.5072814024106265,-6.8360279072485355,-7.092393896399699,-7.272719807116118,-7.37519787139172,-7.39977630309113,-7.348003208334376,-7.222825363222,-7.028357693144244,-6.76963901041654,-6.452388296155732,-6.082773688316593,-5.667203613035781,-5.212146470261359,-4.723982243952378,-4.208886577745034,-3.672745378487889,-3.121095924423571,-2.5590887119137733,-1.9914627423613638,-1.422525424999094,-0.8561264784880223,-0.2956128114765306,0.2562520822143597,0.7974254137559456,1.326806826805523,1.8445704386286934,2.352656201544562,5.545499330766248,5.39222167338221,5.238095164017864,5.082752248695215,4.926071450468498,4.768039619390265,4.608691407835522,4.448081141031935,4.2862695700407585,4.123317643684231,3.959283676942732,3.7942221547177724,3.6281832852009757,3.461212845600585,3.293352079491342,3.124637515733866,2.9551006351973683,2.7847673388803287,2.613657183317173,2.441782354680072,2.2691463583089444,2.0957424143068693,1.9215515865225825,1.7465407633389987,1.5706608208008674,1.3938457997059004,1.216015083026491,1.0370837508341992,0.8569925352025507,0.6758084213808218,-1.8903973512868788,-1.0352027294649133,-0.17992202882760466,0.6758542077636776,1.5323503247914232,2.3896874521542486,3.2479473730963946,4.107199697741635,4.96751319224586,5.828959123397908,6.69161079539208,7.5555413017928,8.420820509415535,9.287511774406084,10.155668622867779,11.025331492593068,11.896524561247134,12.76925265785303,13.643498246628042,14.519218485946112,15.396342398603338,16.274768254847004,17.154361384474214,18.034952838344907,18.916339694555063,19.798288474583387,20.680544740167534,21.56285392381733,22.445016863433466,23.32695217852006,21.99496857908008,17.54260931266913,13.031414137494266,8.456944793394541,3.842356519085115,-0.7700064947075589,-5.322573500709041,-9.744755610707216,-13.954720983869265,-17.86223295761556,-21.373786478068723,-24.400524204724206,-26.868148398119956,-28.726688137343444,-29.95733642090636,-30.57415358335129,-30.62010859101065,-30.15884891047608,-29.264767539087188,-28.013928351956565,-26.47744979138224,-24.717753229804657,-22.787205068878393,-20.728348065040336,-18.574970638033847,-16.35348695175344,-14.084321464459208,-11.783151272782561,-9.461954340536977,-7.129860862432906,-4.793826524866745,-2.459152693798387,-0.12987698855431518,2.1909477494882594,4.501075569892237,6.798989004180839,9.083929157347939,11.35605388338945,13.616761598642142,15.86912756990705,15.710562075686994,15.120166385961738,14.531761497212301,13.94594441388017,13.362821085985615,12.782335200786292,12.204369290521754,11.628788906563386,11.055459834081375,10.484254130505178,9.915051316669633,9.347737627379502,8.782204630555498,8.218347805552185,7.656065332776961,7.095257191879682,6.535824596585371,5.977669767375119,5.420696035053879,4.864808266768705,4.309913603417044,3.7559224835113127,3.202749889584993,2.650316661981833,2.0985505143048613,1.5473859236681164,0.9967609212019397,0.4466064622306476,-0.10318565433112781,-0.6528287794091625,0.907035044590959,0.9248095049623117,0.9422205634819534,0.9591581279847787,0.9756215458349402,0.9916286619562698,1.0071864436845885,1.0222815197582804,1.0368790348203447,1.050924569704648,1.0643469960459697,1.0770613698696252,1.0889715178069537,1.099972210096098,1.1099509188335333,1.1187892021177959,1.126363769513432,1.1325472886437637,1.1372089962187601,1.1402151862650953,1.1414296722903146,1.1407143719751502,1.137930269071262,1.1329392221449552,1.1256075292589003,1.1158131055461809,1.1034601480527044,1.088510565565599,1.071049967191101,1.0514736286833255,-1.001210581086582,-0.9934329350255524,-0.984692728804589,-0.9747580564065856,-0.9636448267605147,-0.951466671595881,-0.9383695040007751,-0.9245037276616586,-0.9100124004472718,-0.8950265723204893,-0.879663854337764,-0.8640284099367364,-0.8482115201194347,-0.8322923284365515,-0.8163385894073372,-0.8004073485487879,-0.7845455308080318,-0.7687904357972002,-0.7531701462586398,-0.7377038586585059,-0.7224021439262742,-0.7072671455205182,-0.6922927205072256,-0.6774645282483789,-0.6627600706588055,-0.6481486872414735,-0.6335915080835548,-0.6190413678373261,-0.6044426847829527,-0.5897313117626481,-0.5748343728628242,-0.5596701157642201,-0.5441478455080642,-0.5281680829642141,-0.5116232608644964,-0.49439965048486556,-0.47638210192369,-0.45746543432773024,-0.43758228954261824,-0.4167789550723242,0.8690028746573262,0.8729869993044588,0.8761168218363196,0.8779754938513804,0.8784144938852592,0.8774023664088872,0.8749649872649456,0.871156065885998,0.8660426769893093,0.8596979165115499,0.8521971423106152,0.8436160431390931,0.8340296439091617,0.8235117767275142,0.8121347619539847,0.7999691546352778,0.7870834693424058,0.7735438254309202,0.7594134680862226,0.7447521250614386,0.729615159502714,0.7140524793498457,0.6981071698206733,0.6818138390099762,0.6651967349381493,0.6482678731153442,0.6310258639364577,0.6134574157539419,0.59554625752682,0.5773099001228061,0.20080328161256666,0.20041551103568978,0.19982041722726507,0.19894357680369268,0.197770740895443,0.19631273670376004,0.19459090795038492,0.19263033801350105,0.19045673696008691,0.18809506025797873,0.18556897959402363,0.18290077567608876,0.1801114364039762,0.1772208480244899,0.1742480193839242,0.1712113059877538,0.16812861374597787,0.1650175680538979,0.16189563533390583,0.15878018268972482,0.15568845735238312,0.1526374608624934,0.1496436824388212,0.14672263969247012,0.14388814936849315,0.14115120810925674,0.13851830595434933,0.13598884348331808,0.13355175088796045,0.13117825812450512,-0.10155126487305655,-0.10556115950283029,-0.10935934912374279,-0.1128360372838344,-0.11595297944957395,-0.11870145629380602,-0.12108643603203006,-0.12311874297722625,-0.12481132999887734,-0.12617748323148703,-0.12722999547459324,-0.12798082845577596,-0.1284410224878343,-0.12862072848123773,-0.12852929697160675,-0.12817539001281375,-0.12756709834610547,-0.1267120550787979,-0.1256175417647114,-0.12429058516934788,-0.12273804413126754,-0.1209666863613279,-0.11898325504549234,-0.11679452489400433,-0.11440734690580712,-0.11182868061578688,-0.109065612019279,-0.10612535472375839,-0.10301523123864342,-0.09974263079945445,-0.0963149399689911,-0.09273944308664284,-0.08902319260492675,-0.0851728572374526,-0.08119457454097301,-0.07709387948656854,-0.07287587993197775,-0.06854614215953703,-0.06411310945058091,-0.059597073282557034,0.12346439921518026,0.12437124979311776,0.12527239227980402,0.1261785893822278,0.12709637558426579,0.12802863552307286,0.12897490665636724,0.12993216614302128,0.1308955427370364,0.1318588949975208,0.13281524763006303,0.13375710383307648,0.1346766546399607,0.13556590443342031,0.13641672841812635,0.1372208743987926,0.13796991823842575,0.13865517995535015,0.13926760573575336,0.1397976203316773,0.14023495491436222,0.1405684585005389,0.14078590887187659,0.14087385635619398,0.14081757178283993,0.14060125425422143,0.14020884501707087,0.13962628527974985,0.13884715024780903,0.13788878669623728
mzi,-0.0,-0.0,-0.0,-0.0,-0.0,-0.0,-0.0,-0.0,-0.0,-0.0,-0.0,-0.0,-0.0,-0.0,-0.0,-0.0,-0.0,-0.0,-0.0,-0.0,-0.0,-0.0,-0.0,-0.0,-0.0,-0.0,-0.0,-0.0,-0.0,-0.0,-0.0,-0.0,-0.0,-0.0,-0.0,-0.0,-0.0,-0.0,-0.0,-0.0,-0.0,-0.0,-0.0,-0.0,-0.0,-0.0,-0.0,-0.0,-0.0,-0.0,-0.0,-0.0,-0.0,-0.0,-0.0,-0.0,-0.0,-0.0,-0.0,-0.0,-0.0,-0.0,-0.0,-0.0,-0.0,-0.0,-0.0,-0.0,-0.0,-0.0,-0.0,-0.0,-0.0,-0.0,-0.0,-0.0,-0.0,-0.0,-0.0,-0.0,-0.0,-0.0,-0.0,-0.0,-0.0,-0.0,-0.0,-0.0,-0.0,-0.0,-0.0,-0.0,-0.0,-0.0,-0.0,-0.0,-0.0,-0.0,-0.0,-0.0,-0.0,-0.0,-0.0,-0.0,-0.0,-0.0,-0.0,-0.0,-0.0,-0.0,-0.0,-0.0,-0.0,-0.0,-0.0,-0.0,-0.0,-0.0,-0.0,-0.0,-0.0,-0.0,-0.0,-0.0,-0.0,-0.0,-0.0,-0.0,-0.0,-0.0,-0.0,-0.0,-0.0,-0.0,-0.0,-0.0,-0.0,-0.0,-0.0,-0.0,-0.0,-0.0,-0.0,-0.0,-0.0,-0.0,-0.0,-0.0,-0.0,-0.0,-0.0,-0.0,-0.0,-0.0,-0.0,-0.0,-0.0,-0.0,-0.0,-0.0,-0.0,-0.0,-0.0,-0.0,-0.0,-0.0,-0.0,-0.0,-0.0,-0.0,-0.0,-0.0,-0.0,-0.0,-0.0,-0.0,-0.0,-0.0,-0.0,-0.0,-0.0,-0.0,-0.0,-0.0,-0.0,-0.0,-0.0,-0.0,-0.0,-0.0,-0.0,-0.0,-0.0,-0.0,-0.0,-0.0,-0.0,-0.0,-0.0,-0.0,-0.0,-0.0,-0.0,-0.0,-0.0,-0.0,-0.0,-0.0,-0.0,-0.0,-0.0,-0.0,-0.0,-0.0,-0.0,-0.0,-0.0,-0.0,-0.0,-0.0,-0.0,-0.0,-0.0,-0.0,-0.0,-0.0,-0.0,-0.0,-0.0,-0.0,-0.0,-0.0,-0.0,-0.0,-0.0,-0.0,-0.0,-0.0,-0.0,-0.0,-0.0,-0.0,-0.0,-0.0,-0.0,-0.0,-0.0,-0.0,-0.0,-0.0,-0.0,-0.0,-0.0,-0.0,-0.0,-0.0,-0.0,-0.0,-0.0,-0.0,-0.0,-0.0,-0.0,-0.0,-0.0,-0.0,-0.0,-0.0,-0.0,-0.0,-0.0,-0.0,-0.0,-0.0,-0.0,-0.0,-0.0,-0.0,-0.0,-0.0,-0.0,-0.0,-0.0,-0.0,-0.0,-0.0,-0.0,-0.0,-0.0,-0.0,-0.0,-0.0,-0.0,-0.0,-0.0,-0.0,-0.0,-0.0,-0.0,-0.0,-0.0,-0.0,-0.0,-0.0,-0.0,-0.0,-0.0,-0.0,-0.0,-0.0,-0.0,-0.0,-0.0,-0.0,-0.0,-0.0,-0.0,-0.0,-0.0,-0.0,-0.0,-0.0,-0.0,-0.0,-0.0,-0.0,-0.0,-0.0,-0.0,-0.0,-0.0,-0.0,-0.0,-0.0,-0.0,-0.0,-0.0,-0.0,-0.0,-0.0,-0.0,-0.0,-0.0,-0.0,-0.0,-0.0,-0.0,-0.0,-0.0,-0.0,-0.0,-0.0,-0.0,-0.0,-0.0,-0.0,-0.0,-0.0,-0.0,-0.0,-0.0,-0.0,-0.0,-0.0,-0.0,-0.0,-0.0,-0.0,-0.0,-0.0,-0.0,-0.0,-0.0,-0.0,-0.0,-0.0,-0.0,-0.0,-0.0,-0.0,-0.0,-0.0,-0.0,-0.0,-0.0,-0.0,-0.0,-0.0,-0.0,-0.0,-0.0,-0.0,-0.0,-0.0,-0.0,-0.0,-0.0,-0.0,-0.0,-0.0,-0.0,-0.0,-0.0,-0.0,-0.0,-0.0,-0.0,-0.0,-0.0,-0.0,-0.0,-0.0,-0.0,-0.0,-0.0,-0.0,-0.0,-0.0,-0.0,-0.0,-0.0,-0.0,-0.0,-0.0,-0.0,-0.0,-0.0,-0.0,-0.0,-0.0,-0.0,-0.0,-0.0,-0.0,-0.0,-0.0,-0.0,-0.0,-0.0,-0.0,-0.0,-0.0,-0.0,-0.0,-0.0,-0.0,-0.0,-0.0,-0.0,-0.0,-0.0,-0.0,-0.0,-0.0,-0.0,-0.0,-0.0,-0.0,-0.0,-0.0,-0.0,-0.0,-0.0,-0.0,-0.0,-0.0,-0.0,-0.0,-0.0,-0.0,-0.0,-0.0,-0.0,-0.0,-0.0,-0.0,-0.0,-0.0,-0.0,-0.0,-0.0,-0.0,-0.0,-0.0,-0.0,-0.0,-0.0,-0.0,-0.0,-0.0,-0.0,-0.0,-0.0,-0.0,-0.0,-0.0,-0.0,-0.0,-0.0,-0.0,-0.0,-0.0,-0.0,-0.0,-0.0,-0.0,-0.0,-0.0,-0.0,-0.0,-0.0,-0.0,-0.0,-0.0,-0.0,-0.0,-0.0,-0.0,-0.0,-0.0,-0.0,-0.0,-0.0,-0.0,-0.0,-0.0,-0.0,-0.0,-0.0,-0.0,-0.0,-0.0,-0.0,-0.0,-0.0,-0.0,-0.0,-0.0,-0.0,-0.0,-0.0,-0.0,-0.0,-0.0,-0.0,-0.0,-0.0,-0.0,-0.0,-0.0,-0.0,-0.0,-0.0,-0.0,-0.0,-0.0,-0.0,-0.0,-0.0,-0.0,-0.0,-0.0,-0.0,-0.0,-0.0,-0.0,-0.0,-0.0,-0.0,-0.0,-0.0,-0.0,-0.0,-0.0,-0.0,-0.0,-0.0,-0.0,-0.0,-0.0,-0.0,-0.0,-0.0,-0.0,-0.0,-0.0,-0.0,-0.0,-0.0,-0.0,-0.0,-0.0,-0.0,-0.0,-0.0,-0.0,-0.0,-0.0,-0.0,-0.0,-0.0,-0.0,-0.0,-0.0,-0.0,-0.0,-0.0,-0.0,-0.0,-0.0,-0.0,-0.0,-0.0,-0.0,-0.0,-0.0,-0.0,-0.0,-0.0,-0.0,-0.0,-0.0,-0.0,-0.0,-0.0,-0.0,-0.0,-0.0,-0.0,-0.0,-0.0,-0.0,-0.0,-0.0,-0.0,-0.0,-0.0,-0.0,-0.0,-0.0,-0.0,-0.0,-0.0,-0.0,-0.0,-0.0,-0.0,-0.0,-0.0,-0.0,-0.0,-0.0,-0.0,-0.0,-0.0,-0.0,-0.0,-0.0,-0.0,-0.0,-0.0,-0.0,-0.0,-0.0,-0.0,-0.0,-0.0,-0.0,-0.0,-0.0,-0.0,-0.0,-0.0,-0.0,-0.0,-0.0,-0.0,-0.0,-0.0,-0.0,-0.0,-0.0,-0.0,-0.0,-0.0,-0.0,-0.0,-0.0,-0.0,-0.0,-0.0,-0.0,-0.0,-0.0,-0.0,-0.0,-0.0,-0.0,-0.0,-0.0,-0.0,-0.0,-0.0,-0.0,-0.0,-0.0,-0.0,-0.0,-0.0,-0.0,-0.0,-0.0,-0.0,-0.0,-0.0,-0.0,-0.0,-0.0,-0.0,-0.0,-0.0,-0.0,-0.0,-0.0,-0.0,-0.0,-0.0,-0.0,-0.0,-0.0,-0.0,-0.0,-0.0,-0.0,-0.0,-0.0,-0.0,-0.0,-0.0,-0.0,-0.0,-0.0,-0.0,-0.0,-0.0,-0.0,-0.0,-0.0,-0.0,-0.0,-0.0,-0.0,-0.0,-0.0,-0.0,-0.0,-0.0,-0.0,-0.0,-0.0,-0.0,-0.0,-0.0,-0.0,-0.0,-0.0,-0.0,-0.0,-0.0,-0.0,-0.0,-0.0,-0.0,-0.0,-0.0,-0.0,-0.0,-0.0,-0.0,-0.0,-0.0,-0.0,-0.0,-0.0,-0.0,-0.0,-0.0,-0.0,-0.0,-0.0,-0.0,-0.0,-0.0,-0.0,-0.0,-0.0,-0.0,-0.0,-0.0,-0.0
fxj,0.0,0.0,0.0,0.0,0.0,0.0,0.0,0.0,0.0,0.0,0.0,0.0,0.0,0.0,0.0,0.0,0.0,0.0,0.0,0.0,0.0,0.0,0.0,0.0,0.0,0.0,0.0,0.0,0.0,0.0,0.0,0.0,0.0,0.0,0.0,0.0,0.0,0.0,0.0,0.0,0.0,0.0,0.0,0.0,0.0,0.0,0.0,0.0,0.0,0.0,0.0,0.0,0.0,0.0,0.0,0.0,0.0,0.0,0.0,0.0,0.0,0.0,0.0,0.0,0.0,0.0,0.0,0.0,0.0,0.0,0.0,0.0,0.0,0.0,0.0,0.0,0.0,0.0,0.0,0.0,0.0,0.0,0.0,0.0,0.0,0.0,0.0,0.0,0.0,0.0,0.0,0.0,0.0,0.0,0.0,0.0,0.0,0.0,0.0,0.0,0.0,0.0,0.0,0.0,0.0,0.0,0.0,0.0,0.0,0.0,0.0,0.0,0.0,0.0,0.0,0.0,0.0,0.0,0.0,0.0,0.0,0.0,0.0,0.0,0.0,0.0,0.0,0.0,0.0,0.0,0.0,0.0,0.0,0.0,0.0,0.0,0.0,0.0,0.0,0.0,0.0,0.0,0.0,0.0,0.0,0.0,0.0,0.0,0.0,0.0,0.0,0.0,0.0,0.0,0.0,0.0,0.0,0.0,0.0,0.0,0.0,0.0,0.0,0.0,0.0,0.0,0.0,0.0,0.0,0.0,0.0,0.0,0.0,0.0,0.0,0.0,0.0,0.0,0.0,0.0,0.0,0.0,0.0,0.0,0.0,0.0,0.0,0.0,0.0,0.0,0.0,0.0,0.0,0.0,0.0,0.0,0.0,0.0,0.0,0.0,0.0,0.0,0.0,0.0,0.0,0.0,0.0,0.0,0.0,0.0,0.0,0.0,0.0,0.0,0.0,0.0,0.0,0.0,0.0,0.0,0.0,0.0,0.0,0.0,0.0,0.0,0.0,0.0,0.0,0.0,0.0,0.0,0.0,0.0,0.0,0.0,0.0,0.0,0.0,0.0,0.0,0.0,0.0,0.0,0.0,0.0,0.0,0.0,0.0,0.0,0.0,0.0,0.0,0.0,0.0,0.0,0.0,0.0,0.0,0.0,0.0,0.0,0.0,0.0,0.0,0.0,0.0,0.0,0.0,0.0,0.0,0.0,0.0,0.0,0.0,0.0,0.0,0.0,0.0,0.0,0.0,0.0,0.0,0.0,0.0,0.0,0.0,0.0,0.0,0.0,0.0,0.0,0.0,0.0,0.0,0.0,0.0,0.0,0.0,0.0,0.0,0.0,0.0,0.0,0.0,0.0,0.0,0.0,0.0,0.0,0.0,0.0,0.0,0.0,0.0,0.0,0.0,0.0,0.0,0.0,0.0,0.0,0.0,0.0,0.0,0.0,0.0,0.0,0.0,0.0,0.0,0.0,0.0,0.0,0.0,0.0,0.0,0.0,0.0,0.0,0.0,0.0,0.0,0.0,0.0,0.0,0.0,0.0,0.0,0.0,0.0,0.0,0.0,0.0,0.0,0.0,0.0,0.0,0.0,0.0,0.0,0.0,0.0,0.0,0.0,0.0,0.0,0.0,0.0,0.0,0.0,0.0,0.0,0.0,0.0,0.0,0.0,0.0,0.0,0.0,0.0,0.0,0.0,0.0,0.0,0.0,0.0,0.0,0.0,0.0,0.0,0.0,0.0,0.0,0.0,0.0,0.0,0.0,0.0,0.0,0.0,0.0,0.0,0.0,0.0,0.0,0.0,0.0,0.0,0.0,0.0,0.0,0.0,0.0,0.0,0.0,0.0,0.0,0.0,0.0,0.0,0.0,0.0,0.0,0.0,0.0,0.0,0.0,0.0,0.0,0.0,0.0,0.0,0.0,0.0,0.0,0.0,0.0,0.0,0.0,0.0,0.0,0.0,0.0,0.0,0.0,0.0,0.0,0.0,0.0,0.0,0.0,0.0,0.0,0.0,0.0,0.0,0.0,0.0,0.0,0.0,0.0,0.0,0.0,0.0,0.0,0.0,0.0,0.0,0.0,0.0,0.0,0.0,0.0,0.0,0.0,0.0,0.0,0.0,0.0,0.0,0.0,0.0,0.0,0.0,0.0,0.0,0.0,0.0,0.0,0.0,0.0,0.0,0.0,0.0,0.0,0.0,0.0,0.0,0.0,0.0,0.0,0.0,0.0,0.0,0.0,0.0,0.0,0.0,0.0,0.0,0.0,0.0,0.0,0.0,0.0,0.0,0.0,0.0,0.0,0.0,0.0,0.0,0.0,0.0,0.0,0.0,0.0,0.0,0.0,0.0,0.0,0.0,0.0,0.0,0.0,0.0,0.0,0.0,0.0,0.0,0.0,0.0,0.0,0.0,0.0,0.0,0.0,0.0,0.0,0.0,0.0,0.0,0.0,0.0,0.0,0.0,0.0,0.0,0.0,0.0,0.0,0.0,0.0,0.0,0.0,0.0,0.0,0.0,0.0,0.0,0.0,0.0,0.0,0.0,0.0,0.0,0.0,0.0,0.0,0.0,0.0,0.0,0.0,0.0,0.0,0.0,0.0,0.0,0.0,0.0,0.0,0.0,0.0,0.0,0.0,0.0,0.0,0.0,0.0,0.0,0.0,0.0,0.0,0.0,0.0,0.0,0.0,0.0,0.0,0.0,0.0,0.0,0.0,0.0,0.0,0.0,0.0,0.0,0.0,0.0,0.0,0.0,0.0,0.0,0.0,0.0,0.0,0.0,0.0,0.0,0.0,0.0,0.0,0.0,0.0,0.0,0.0,0.0,0.0,0.0,0.0,0.0,0.0,0.0,0.0,0.0,0.0,0.0,0.0,0.0,0.0,0.0,0.0,0.0,0.0,0.0,0.0,0.0,0.0,0.0,0.0,0.0,0.0,0.0,0.0,0.0,0.0,0.0,0.0,0.0,0.0,0.0,0.0,0.0,0.0,0.0,0.0,0.0,0.0,0.0,0.0,0.0,0.0,0.0,0.0,0.0,0.0,0.0,0.0,0.0,0.0,0.0,0.0,0.0,0.0,0.0,0.0,0.0,0.0,0.0,0.0,0.0,0.0,0.0,0.0,0.0,0.0,0.0,0.0,0.0,0.0,0.0,0.0,0.0,0.0,0.0,0.0,0.0,0.0,0.0,0.0,0.0,0.0,0.0,0.0,0.0,0.0,0.0,0.0,0.0,0.0,0.0,0.0,0.0,0.0,0.0,0.0,0.0,0.0,0.0,0.0,0.0,0.0,0.0,0.0,0.0,0.0,0.0,0.0,0.0,0.0,0.0,0.0,0.0,0.0,0.0,0.0,0.0,0.0,0.0,0.0,0.0,0.0,0.0,0.0,0.0,0.0,0.0,0.0,0.0,0.0,0.0,0.0,0.0,0.0,0.0,0.0,0.0,0.0,0.0,0.0,0.0,0.0,0.0,0.0,0.0,0.0,0.0,0.0,0.0,0.0,0.0,0.0,0.0,0.0,0.0,0.0,0.0,0.0
fyj,-0.0,-0.0,-0.0,-0.0,-0.0,-0.0,-0.0,-0.0,-0.0,-0.0,-0.0,-0.0,-0.0,-0.0,-0.0,-0.0,-0.0,-0.0,-0.0,-0.0,-0.0,-0.0,-0.0,-0.0,-0.0,-0.0,-0.0,-0.0,-0.0,-0.0,-0.0,-0.0,-0.0,-0.0,-0.0,-0.0,-0.0,-0.0,-0.0,-0.0,-0.0,-0.0,-0.0,-0.0,-0.0,-0.0,-0.0,-0.0,-0.0,-0.0,-0.0,-0.0,-0.0,-0.0,-0.0,-0.0,-0.0,-0.0,-0.0,-0.0,-0.0,-0.0,-0.0,-0.0,-0.0,-0.0,-0.0,-0.0,-0.0,-0.0,-0.0,-0.0,-0.0,-0.0,-0.0,-0.0,-0.0,-0.0,-0.0,-0.0,-0.0,-0.0,-0.0,-0.0,-0.0,-0.0,-0.0,-0.0,-0.0,-0.0,-0.0,-0.0,-0.0,-0.0,-0.0,-0.0,-0.0,-0.0,-0.0,-0.0,-0.0,-0.0,-0.0,-0.0,-0.0,-0.0,-0.0,-0.0,-0.0,-0.0,-0.0,-0.0,-0.0,-0.0,-0.0,-0.0,-0.0,-0.0,-0.0,-0.0,-0.0,-0.0,-0.0,-0.0,-0.0,-0.0,-0.0,-0.0,-0.0,-0.0,-0.0,-0.0,-0.0,-0.0,-0.0,-0.0,-0.0,-0.0,-0.0,-0.0,-0.0,-0.0,-0.0,-0.0,-0.0,-0.0,-0.0,-0.0,-0.0,-0.0,-0.0,-0.0,-0.0,-0.0,-0.0,-0.0,-0.0,-0.0,-0.0,-0.0,-0.0,-0.0,-0.0,-0.0,-0.0,-0.0,-0.0,-0.0,-0.0,-0.0,-0.0,-0.0,-0.0,-0.0,-0.0,-0.0,-0.0,-0.0,-0.0,-0.0,-0.0,-0.0,-0.0,-0.0,-0.0,-0.0,-0.0,-0.0,-0.0,-0.0,-0.0,-0.0,-0.0,-0.0,-0.0,-0.0,-0.0,-0.0,-0.0,-0.0,-0.0,-0.0,-0.0,-0.0,-0.0,-0.0,-0.0,-0.0,-0.0,-0.0,-0.0,-0.0,-0.0,-0.0,-0.0,-0.0,-0.0,-0.0,-0.0,-0.0,-0.0,-0.0,-0.0,-0.0,-0.0,-0.0,-0.0,-0.0,-0.0,-0.0,-0.0,-0.0,-0.0,-0.0,-0.0,-0.0,-0.0,-0.0,-0.0,-0.0,-0.0,-0.0,-0.0,-0.0,-0.0,-0.0,-0.0,-0.0,-0.0,-0.0,-0.0,-0.0,-0.0,-0.0,-0.0,-0.0,-0.0,-0.0,-0.0,-0.0,-0.0,-0.0,-0.0,-0.0,-0.0,-0.0,-0.0,-0.0,-0.0,-0.0,-0.0,-0.0,-0.0,-0.0,-0.0,-0.0,-0.0,-0.0,-0.0,-0.0,-0.0,-0.0,-0.0,-0.0,-0.0,-0.0,-0.0,-0.0,-0.0,-0.0,-0.0,-0.0,-0.0,-0.0,-0.0,-0.0,-0.0,-0.0,-0.0,-0.0,-0.0,-0.0,-0.0,-0.0,-0.0,-0.0,-0.0,-0.0,-0.0,-0.0,-0.0,-0.0,-0.0,-0.0,-0.0,-0.0,-0.0,-0.0,-0.0,-0.0,-0.0,-0.0,-0.0,-0.0,-0.0,-0.0,-0.0,-0.0,-0.0,-0.0,-0.0,-0.0,-0.0,-0.0,-0.0,-0.0,-0.0,-0.0,-0.0,-0.0,-0.0,-0.0,-0.0,-0.0,-0.0,-0.0,-0.0,-0.0,-0.0,-0.0,-0.0,-0.0,-0.0,-0.0,-0.0,-0.0,-0.0,-0.0,-0.0,-0.0,-0.0,-0.0,-0.0,-0.0,-0.0,-0.0,-0.0,-0.0,-0.0,-0.0,-0.0,-0.0,-0.0,-0.0,-0.0,-0.0,-0.0,-0.0,-0.0,-0.0,-0.0,-0.0,-0.0,-0.0,-0.0,-0.0,-0.0,-0.0,-0.0,-0.0,-0.0,-0.0,-0.0,-0.0,-0.0,-0.0,-0.0,-0.0,-0.0,-0.0,-0.0,-0.0,-0.0,-0.0,-0.0,-0.0,-0.0,-0.0,-0.0,-0.0,-0.0,-0.0,-0.0,-0.0,-0.0,-0.0,-0.0,-0.0,-0.0,-0.0,-0.0,-0.0,-0.0,-0.0,-0.0,-0.0,-0.0,-0.0,-0.0,-0.0,-0.0,-0.0,-0.0,-0.0,-0.0,-0.0,-0.0,-0.0,-0.0,-0.0,-0.0,-0.0,-0.0,-0.0,-0.0,-0.0,-0.0,-0.0,-0.0,-0.0,-0.0,-0.0,-0.0,-0.0,-0.0,-0.0,-0.0,-0.0,-0.0,-0.0,-0.0,-0.0,-0.0,-0.0,-0.0,-0.0,-0.0,-0.0,-0.0,-0.0,-0.0,-0.0,-0.0,-0.0,-0.0,-0.0,-0.0,-0.0,-0.0,-0.0,-0.0,-0.0,-0.0,-0.0,-0.0,-0.0,-0.0,-0.0,-0.0,-0.0,-0.0,-0.0,-0.0,-0.0,-0.0,-0.0,-0.0,-0.0,-0.0,-0.0,-0.0,-0.0,-0.0,-0.0,-0.0,-0.0,-0.0,-0.0,-0.0,-0.0,-0.0,-0.0,-0.0,-0.0,-0.0,-0.0,-0.0,-0.0,-0.0,-0.0,-0.0,-0.0,-0.0,-0.0,-0.0,-0.0,-0.0,-0.0,-0.0,-0.0,-0.0,-0.0,-0.0,-0.0,-0.0,-0.0,-0.0,-0.0,-0.0,-0.0,-0.0,-0.0,-0.0,-0.0,-0.0,-0.0,-0.0,-0.0,-0.0,-0.0,-0.0,-0.0,-0.0,-0.0,-0.0,-0.0,-0.0,-0.0,-0.0,-0.0,-0.0,-0.0,-0.0,-0.0,-0.0,-0.0,-0.0,-0.0,-0.0,-0.0,-0.0,-0.0,-0.0,-0.0,-0.0,-0.0,-0.0,-0.0,-0.0,-0.0,-0.0,-0.0,-0.0,-0.0,-0.0,-0.0,-0.0,-0.0,-0.0,-0.0,-0.0,-0.0,-0.0,-0.0,-0.0,-0.0,-0.0,-0.0,-0.0,-0.0,-0.0,-0.0,-0.0,-0.0,-0.0,-0.0,-0.0,-0.0,-0.0,-0.0,-0.0,-0.0,-0.0,-0.0,-0.0,-0.0,-0.0,-0.0,-0.0,-0.0,-0.0,-0.0,-0.0,-0.0,-0.0,-0.0,-0.0,-0.0,-0.0,-0.0,-0.0,-0.0,-0.0,-0.0,-0.0,-0.0,-0.0,-0.0,-0.0,-0.0,-0.0,-0.0,-0.0,-0.0,-0.0,-0.0,-0.0,-0.0,-0.0,-0.0,-0.0,-0.0,-0.0,-0.0,-0.0,-0.0,-0.0,-0.0,-0.0,-0.0,-0.0,-0.0,-0.0,-0.0,-0.0,-0.0,-0.0,-0.0,-0.0,-0.0,-0.0,-0.0,-0.0,-0.0,-0.0,-0.0,-0.0,-0.0,-0.0,-0.0,-0.0,-0.0,-0.0,-0.0,-0.0,-0.0,-0.0,-0.0,-0.0,-0.0,-0.0,-0.0,-0.0,-0.0,-0.0,-0.0,-0.0,-0.0,-0.0,-0.0,-0.0,-0.0,-0.0,-0.0,-0.0,-0.0,-0.0,-0.0,-0.0,-0.0,-0.0,-0.0,-0.0,-0.0,-0.0,-0.0,-0.0,-0.0,-0.0,-0.0,-0.0,-0.0,-0.0,-0.0,-0.0,-0.0,-0.0,-0.0,-0.0,-0.0,-0.0,-0.0,-0.0,-0.0,-0.0,-0.0,-0.0,-0.0,-0.0,-0.0,-0.0,-0.0,-0.0,-0.0,-0.0,-0.0,-0.0,-0.0,-0.0,-0.0,-0.0,-0.0,-0.0,-0.0,-0.0,-0.0,-0.0,-0.0,-0.0,-0.0,-0.0,-0.0,-0.0,-0.0,-0.0,-0.0,-0.0,-0.0,-0.0,-0.0,-0.0,-0.0,-0.0,-0.0,-0.0,-0.0,-0.0,-0.0,-0.0,-0.0,-0.0,-0.0,-0.0,-0.0,-0.0,-0.0,-0.0,-0.0,-0.0,-0.0,-0.0,-0.0,-0.0,-0.0,-0.0,-0.0,-0.0,-0.0,-0.0,-0.0
fzj,0.19147710764445947,0.20113031952269012,0.21608129057585757,0.23287822253223567,0.24965938619288863,0.2654562566133336,0.2797957045113435,0.2924802016157173,0.30346610761989723,0.312795178009992,0.32055549997539856,0.32685898871261543,0.33182837277104227,0.3355897219659596,0.33826829013869997,0.3399864089722655,0.34086271814680913,0.3410123358621604,0.34054775935885573,0.33958038767855214,0.338222595174102,0.33659024467829113,0.3348053661809445,0.33299833426667647,0.33130803226822536,0.3298767529381621,0.3288329957922542,0.3282488258255398,0.3280432378542173,0.32789117856464145,0.03202419009539881,0.0156394773532611,-0.009768582357082778,-0.03918134210221069,-0.06993274976457542,-0.10058680531642494,-0.13038845833216328,-0.15895922766526382,-0.18612921953058503,-0.2118427237044216,-0.2361046455066571,-0.2589499447667549,-0.2804262149237502,-0.3005838367752176,-0.3194705237381754,-0.337128418491659,-0.3535926702921479,-0.3688908677844438,-0.3830429643123239,-0.3960614880315916,-0.4079519234400095,-0.4187132089344914,-0.4283383337019586,-0.43681504418850636,-0.444126692987993,-0.45025328503948003,-0.4551728013477714,-0.4588629137990665,-0.46130325126398475,-0.4624784465876246,-0.4623822997990601,-0.46102355912501025,-0.4584340885180609,-0.45468063002624604,-0.44988211120460164,-0.44423573610993117,-0.43805737476657214,-0.4318459547570228,-0.4263872871035801,-0.42292346834074124,0.16233965528431327,0.16326252691487753,0.16475706955611713,0.1665423785261737,0.16846737796015532,0.17045349236002494,0.1724601820180851,0.1744664947483443,0.17646141774798707,0.17843891210179663,0.18039544924897655,0.18232888980442397,0.18423808323888835,0.18612285292426733,0.18798418514172965,0.18982452328722843,0.19164811181303776,0.1934613534660059,0.1952731449514431,0.19709514071064405,0.19894185573156165,0.20083044262059957,0.202779837262824,0.20480870736133738,0.2069311545058099,0.20914820476571094,0.2114313632023368,0.21369096412831823,0.21571592279894958,0.21705414722418936,-8.99265205993288,-9.090689345852297,-9.2412726750008,-9.39749495048818,-9.520707244013465,-9.579360010595337,-9.547484224247455,-9.403059953954653,-9.126691111407126,-8.700740569918707,-8.108991904064169,-7.336876575063798,-6.372295433665386,-5.2070424127146,-3.838787940117527,-2.273489809502337,-0.5279723560768161,1.3677296212526926,3.3687899560463848,5.415357326765843,7.434201129393841,9.342599071584118,11.054570987880652,12.48928918042293,13.581286782971802,14.291993779330369,14.622126820679114,14.624448304435646,14.415979495570355,14.194014525513921,-3.981961169050919,-4.01226870535902,-4.060633704404609,-4.114505605524755,-4.167174600643193,-4.2155121045980195,-4.258283266721264,-4.295232446807859,-4.32659097483338,-4.352813984428394,-4.374440973850142,-4.392023599499225,-4.406090014067104,-4.417128930194394,-4.4255841348191325,-4.431854335149637,-4.436295527300217,-4.4392243678821615,-4.4409217504585285,-4.441636188049415,-4.441586821656529,-4.440965991821031,-4.43994137109803,-4.438657681186669,-4.437238034046459,-4.435784940673329,-4.4343810381596995,-4.433089597183425,-4.431954895655508,-4.431002587637522,-4.43024027179672,-4.429658590645886,-4.429233396669588,-4.428929840189085,-4.428709696603619,-4.4285437953185465,-4.4284316253342695,-4.428427053295309,-4.428654060504414,-4.4290902025895775,1.3178854193752159,1.314574310127682,1.309640845686772,1.3041596385187404,1.2986187675751353,1.29324439495349,1.288133351004035,1.283319081540867,1.278804791981429,1.2745803630862156,1.2706309077482274,1.2669409560935208,1.2634963365321568,1.2602848460539917,1.257296293198749,1.254522225888536,1.2519555108754048,1.2495898545225828,1.2474193182065392,1.245437869413763,1.2436390175621455,1.242015613247986,1.2405599462917962,1.23926437639102,1.2381228877227386,1.2371341811890488,1.2363071396405303,1.2356689802543315,1.2352728509870303,1.235143904079223,-1.103833789611599,-1.1246371163069853,-1.1609039672539438,-1.2033869984361445,-1.2420959005767145,-1.2680502516850538,-1.2740098301801481,-1.2546819832223264,-1.2066942012684194,-1.1284724337474472,-1.020088304760975,-0.8830997979061976,-0.7203907102737048,-0.5360047590049817,-0.33496604516460593,-0.1230764002538649,0.09331911617596234,0.3076051495181673,0.5132106628152542,0.7039640306111323,0.8744817869473991,1.020577064995905,1.1396643582174875,1.2311238008715009,1.2965669981413157,1.3399096971743347,1.3670884346920502,1.385122187599336,1.3999857407125091,1.4120512966128445,-1.6128605419944506,-1.635681336703783,-1.671552891841202,-1.7115759136413544,-1.751200832586619,-1.7883711664089788,-1.8222985626753143,-1.8528184408032757,-1.8800564963676152,-1.9042589923074047,-1.9257087270493685,-1.9446856095300973,-1.961450108312647,-1.9762380666345507,-1.989260826938903,-2.000707532473797,-2.010748042490718,-2.019535729700692,-2.027209865401801,-2.0338975145443783,-2.0397149663126584,-2.0447687676346504,-2.049156437883994,-2.052966939709222,-2.056280973317371,-2.0591711529727945,-2.0617021187235878,-2.063930634452845,-2.0659057271059282,-2.0676689319843717,-2.069254725738574,-2.07069125248654,-2.0720014735629775,-2.073204880712183,-2.074319854238638,-2.075366459750512,-2.076368502281184,-2.0773500621680796,-2.078310881989637,-2.0790668156023457,0.6049560881938305,0.6045478842961529,0.6040294965500834,0.6035503651487488,0.6031481056629673,0.6028242504739865,0.6025673435965473,0.6023624881279375,0.6021952384631959,0.602053088797561,0.6019258998881014,0.6018058705223268,0.6016873327649748,0.6015665008484916,0.601441231222509,0.6013108193592416,0.6011758417751025,0.6010380466620973,0.6009002930677525,0.6007665394743071,0.6006418820386443,0.6005326402597575,0.6004464815540587,0.6003925514812636,0.6003815190060777,0.6004252912389347,0.6005357532785638,0.6007206271342511,0.6009711015153698,0.601204326109837,0.09732081474567167,0.10222552027198617,0.10982740030044624,0.11836234215968489,0.12688904722938332,0.13492602826022448,0.14224210256224978,0.14874144805435208,0.15440057428088494,0.1592333874855285,0.16327171384494932,0.16655446657790662,0.1691217298333072,0.17101169702594632,0.17225931876298972,0.1728960316581265,0.17295023681191424,0.17244837385692335,0.17141654732415645,0.16988273616470906,0.16787966928393416,0.1654484842894135,0.16264329583361814,0.15953675826381186,0.1562265549227959,0.15284236414174757,0.14955194036122066,0.14656354957287476,0.144116747808539,0.14252289272712915,0.05632245380752465,0.04707396086189419,0.03274357481234347,0.016140657675009606,-0.001233954094686851,-0.018561990277248697,-0.035406552790846035,-0.051544192475034833,-0.06687157909050256,-0.08135252957231387,-0.09498756204857273,-0.1077962316378489,-0.11980683325015207,-0.13105040069490315,-0.14155723423172617,-0.15135492647169713,-0.1604672803448537,-0.16891376102218203,-0.1767092694111625,-0.18386411273851877,-0.1903841011539953,-0.19627073300677012,-0.20152145374927954,-0.20612998965680163,-0.21008677107170115,-0.21337947334416185,-0.21599371939555567,-0.21791400859933674,-0.21912496665146364,-0.21961305609431747,-0.21936895751059637,-0.21839094409040172,-0.21668975688851333,-0.21429579801355203,-0.21126999139971758,-0.20772060160186356,-0.20382999393382306,-0.19989849202409005,-0.1964171419895706,-0.19419030256005954,0.07798161539000148,0.07831379886033574,0.07886439253400113,0.07953488461203051,0.08027308711655223,0.08105309611084976,0.08186218774488907,0.08269400160745022,0.08354512528910618,0.08441346063233368,0.08529751534004504,0.08619617227869014,0.08710870176055607,0.08803489378711582,0.08897524603285945,0.08993117380593674,0.09090522273140778,0.09190126944729116,0.09292469161164263,0.0939824754998142,0.0950832023279986,0.09623680419036873,0.09745388877507821,0.09874426464159569,0.10011398962370777,0.10155968266008131,0.10305772624894871,0.10454376063989912,0.10587406689762702,0.10675018995016217,2.744535787661789,2.734592143959162,2.7196572212869796,2.703071995470964,2.6863370249593572,2.6700477363410755,2.654346967879974,2.639158408928779,2.6243056045786943,2.6095721809833776,2.5947313720098464,2.5795594938317663,2.563841108487395,2.5473700203510816,2.5299483490161947,2.5113849252375076,2.4914937630237546,2.4700931685438263,2.447006080132269,2.422062487574294,2.3951053341224906,2.3660023453776375,2.3346681239199825,2.301104295758705,2.2654718448684434,2.2282216523235547,2.1903317875185166,2.153742820919433,2.12215379702684,2.1023207260568597,-5.015080053428392,-5.104261970876905,-5.237239190202672,-5.367274425152573,-5.456953561406408,-5.478520481054147,-5.413500487899,-5.2516613705520285,-4.989783514960436,-4.630430156248622,-4.180787205244997,-3.651588205160806,-3.0561220826784847,-2.4093198434711667,-1.7269213293184293,-1.024729202312301,-0.31796158592624124,0.3792840485839406,1.0544453177280957,1.6967821749422,2.297538123311824,2.8499837147974176,3.349357206694549,3.792722293146653,4.178765905016917,4.50756009457109,4.780311270500533,4.9991180294018704,5.166756157617783,5.286506664924673,5.362040459513082,5.397371825922164,5.396892305470828,5.365496640682977,5.308812233291974,5.233541034729569,5.147913273114682,5.06222719145444,4.989375998555261,4.94523717450511,-1.5701815451739094,-1.5759224041030393,-1.5851573198797269,-1.596033488141984,-1.6075172998025664,-1.6190564991229621,-1.6303652567148674,-1.64130409219797,-1.6518137247912819,-1.6618786039980478,-1.6715069084457355,-1.6807197893140255,-1.6895458611325012,-1.6980187009830843,-1.7061760867582052,-1.7140602472572937,-1.7217186956404475,-1.7292053730416228,-1.736581883909821,-1.7439185760813416,-1.7512950848176843,-1.75879967315268,-1.7665261449365062,-1.7745660652471997,-1.7829920611839043,-1.7918242210216704,-1.8009643004243117,-1.8100673431763425,-1.8182932053741752,-1.8237856796156393,8.582891429772644,8.585052607511898,8.589695234884857,8.596188902338326,8.60391575509857,8.612545512238285,8.621930657493067,8.632019117037999,8.642798000539187,8.654260833427543,8.666389503938262,8.679144940528204,8.692462786479155,8.706251849362161,8.720394043950364,8.73474513713154,8.74913597619161,8.763374148547882,8.777246241050307,8.790521110233385,8.80295487085823,8.814298750512535,8.824311601230875,8.83277979887498,8.839548590651248,8.844570490080514,8.847977268116665,8.850174612896808,8.851931849385437,8.853827116838147,-44.07837202910923,-44.344362368938164,-44.62352425743302,-44.69011342020531,-44.37591149198124,-43.54724012789666,-42.0949432226771,-39.93296388705494,-37.005586096376646,-33.301301152212545,-28.86849331104895,-23.82575819559861,-18.359678254288156,-12.706428936042357,-7.119743147166446,-1.8336214746232145,2.9693921295693144,7.175910590332933,10.742699857160915,13.684343302273192,16.0543652860797,17.926451096660458,19.379839089815505,20.490018267999403,21.32394942000974,21.938380402105395,22.379961409489624,22.686251526582055,22.88706459326204,23.00585697463248,23.06101993151242,23.06703211858985,23.035477946163155,22.975962169090053,22.896959838210023,22.80663614391233,22.713646219854127,22.627851253761037,22.560686450218782,22.523771624348228,-5.891042557403125,-5.877434337260638,-5.857159068691544,-5.834477804753988,-5.811298000044189,-5.788513672639965,-5.76652616832871,-5.745498786709504,-5.7254823991970625,-5.706478348496603,-5.68846951960586,-5.671435031516012,-5.655356445568032,-5.640219603024889,-5.626014245630358,-5.612732547553605,-5.6003671430953545,-5.588908963094582,-5.578345067391638,-5.568656642528367,-5.55981740464631,-5.5517928183908225,-5.5445408682498964,-5.538015679790988,-5.53217620839132,-5.527003620445612,-5.522532755156135,-5.518902271564002,-5.516414720228568,-5.515347824141827,0.16928574216615289,0.16660721130119782,0.1626798191373382,0.15835809826876357,0.15391379159609642,0.14935042441720725,0.144556995597668,0.13938407503519556,0.13367963311429776,0.1273046946771501,0.12013894810115744,0.11208151194841776,0.10304953371269221,0.09297599505771359,0.08180742764670867,0.06950190938005107,0.05602756295593281,0.041361744804817135,0.025491166905339924,0.00841334149481554,-0.009859985328148468,-0.02929625765682431,-0.049830384323286125,-0.07134434179897653,-0.09363184080211795,-0.11633669368438859,-0.13884391077954206,-0.1600829787166731,-0.17817289997947228,-0.18969062546295845,0.09681761549495604,0.10202385516731738,0.11006153898233606,0.11884179682147078,0.12728277909081953,0.1348772677629313,0.14142046000051778,0.14686470307424315,0.15124242774800223,0.15462534195467015,0.1571029487386113,0.15877141300370567,0.1597279682991939,0.16006827021556091,0.15988529532842222,0.1592690309335012,0.15830655403624405,0.15708228909716127,0.15567833639579476,0.15417481765689445,0.15265021110826638,0.1511816618622106,0.14984525640829816,0.14871625103478436,0.14786923892279447,0.14737823440555076,0.14731663931161165,0.14775703300983878,0.14877068729947496,0.1504266337124136,0.1527899799784791,0.15591893730925221,0.1598595966825087,0.16463671964265814,0.17023738283205603,0.17658163255327963,0.1834691670619577,0.19048108394008523,0.19679792455735878,0.20088482253208895,0.028640008760589808,0.022047819050385442,0.011692500358094549,-0.0004333851911724196,-0.01324186405963701,-0.026124542792786087,-0.03874007986178185,-0.05089687039526325,-0.06248850313204457,-0.07345759899362747,-0.08377535773979616,-0.09342995875158522,-0.10242005014879396,-0.11075121905560081,-0.11843425024744647,-0.1254844928134844,-0.13192194493603893,-0.1377718302228459,-0.143065524260237,-0.14784171954124758,-0.15214769385420368,-0.15604045420514012,-0.15958732279977994,-0.16286512304941425,-0.16595633028191514,-0.16893901032926806,-0.17186435321309546,-0.17470946668481702,-0.17728230989882832,-0.17902510606734268,-0.0040120666056679966,-0.005373135881427515,-0.0074782511584317035,-0.009853767079107456,-0.012248737100662765,-0.014534288848835786,-0.016647819174977485,-0.018562349910553166,-0.020269727988761588,-0.02177131424991785,-0.023072802869137377,-0.024181356749977567,-0.025104063946855604,-0.025847163009984797,-0.02641572995344177,-0.026813657945240266,-0.027043841178056027,-0.02710852287691523,-0.027009798703602428,-0.026750289131314275,-0.026334012670758966,-0.025767508846001874,-0.02506127653441581,-0.02423160864145757,-0.02330291290081732,-0.022310600483024245,-0.021304562610112043,-0.020353223568122303,-0.0195474314390367,-0.019020700641675603,-0.038839071601103115,-0.03708235739742349,-0.03436519210356437,-0.0312065815509186,-0.02787687504542191,-0.024519899033748516,-0.021209989464296086,-0.017983443385446662,-0.014855750222068309,-0.011831203852580074,-0.008908304369469988,-0.006082800401145505,-0.0033493925607217534,-0.0007026714970379544,0.0018623831638251431,0.004350155611973605,0.006764290334103862,0.009107670041885285,0.011382439466615324,0.013590055258646316,0.015731351463273313,0.017806615738209075,0.019815674872916134,0.021757990240985237,0.023632765079582896,0.025439065966565977,0.027175960705335456,0.02884267347280911,0.030438755019531527,0.03196425935834668,0.03341990633839487,0.034807186873422324,0.03612832577232439,0.03738593921025313,0.03858207788107393,0.039716067356039275,0.04078001973118717,0.04174975098590039,0.042567103890917224,0.04309772485987651,0.006159640334999494,0.0062546510628749274,0.006391283854100038,0.006554137146622452,0.0067243801886434085,0.006881302949750534,0.007006588516105694,0.007085609325258702,0.007107438033926883,0.0070643208298406535,0.006950988517928636,0.006763969299981909,0.006500968288492004,0.006160332953641046,0.005740604249467651,0.005240146835149062,0.004656852553580393,0.00398791679867827,0.0032296977951773442,0.0023776863627062994,0.0014266432233398518,0.0003710117282480496,-0.0007941971016407479,-0.0020716912074476568,-0.003458710127233644,-0.004941179117622596,-0.006483001763626817,-0.008006298653413069,-0.009355090751967055,-0.010228797843012671
mxj,0.7813837158046226,0.7837738825537279,0.7880810214868283,0.7938629670098329,0.800647691224551,0.8080577648441043,0.8158078775745459,0.8236868176352949,0.8315399404407557,0.839255153474916,0.8467522462469859,0.8539748631577453,0.8608844510921188,0.8674556599786456,0.8736728119675519,0.879527160018938,0.8850147309271463,0.8901345970597703,0.8948874496586186,0.8992743580108211,0.9032955908402869,0.9069493459939721,0.9102301697521469,0.913126728146608,0.9156183851891484,0.9176696656261143,0.91922105592581,0.9201730665060595,0.9203605759516194,0.9194891189672987,-0.9716364478943547,-0.9746192204724906,-0.9796949319330679,-0.9866210526779042,-0.9949197239328029,-1.0041746766020978,-1.0140562990761808,-1.0243108939209975,-1.0347438467301728,-1.0452049572508244,-1.055577020509368,-1.0657672962293674,-1.0757012273600566,-1.085317835819005,-1.0945663502948975,-1.10340373794471,-1.1117929037054495,-1.1197013891299434,-1.1271004521244734,-1.1339644446594868,-1.1402704314094372,-1.1459980113151111,-1.1511293183850348,-1.1556491891813891,-1.1595454934607936,-1.1628096321505836,-1.1654372138390556,-1.167428927706979,-1.1687916376975558,-1.169539729945118,-1.1696967530146871,-1.169297397594189,-1.168389866346839,-1.167038678176839,-1.1653279135041519,-1.1633647762720312,-1.1612829485993252,-1.1592438202191335,-1.1574293372890292,-1.1559904076876641,-0.2482858593006636,-0.24710272605606232,-0.24570625330632634,-0.24412993582031817,-0.24241253851166888,-0.2405865182953688,-0.23867807085779713,-0.2367085661287618,-0.23469586365671802,-0.23265527341463432,-0.23060020602342135,-0.22854259531606136,-0.22649316581436896,-0.22446160018412264,-0.2224566471252052,-0.22048619998072017,-0.2185573702684529,-0.21667657777219684,-0.2148496795582271,-0.2130821644787182,-0.21137944791898455,-0.20974731489196596,-0.20819257956114612,-0.20672405693537144,-0.2053539761909886,-0.20409998860999679,-0.2029878761736299,-0.20205460412309417,-0.20134958587049367,-0.20091548609658805,-8.146857466909267,-8.148970638484585,-8.144259665799993,-8.12368756904165,-8.076243062910905,-7.9912778131043325,-7.859056730020541,-7.670884722540663,-7.419107199583053,-7.09712323293256,-6.699474655093184,-6.222043865129763,-5.662375069439122,-5.020117531541956,-4.297569293826456,-3.500273257418826,-2.6375852732871294,-1.7231009099138532,-0.7748029270885581,0.18521327030239831,1.1315537934725342,2.036939047671609,2.8741882317994225,3.618650032550022,4.250858329557104,4.759102168779492,5.1414928784910785,5.40687540066034,5.573525974612366,5.661370790275839,3.4688044844577632,3.4540504749933802,3.429450066173942,3.397459764673769,3.360258164026604,3.3195138527102586,3.276468275083502,3.2320431944211805,3.1869267477039216,3.1416366043367674,3.096565116697377,3.0520114412783528,3.008204463202702,2.965319276102136,2.9234891440369495,2.882814283608184,2.8433683954830116,2.8052035931103063,2.7683541835026233,2.7328396225941987,2.698666877987357,2.66583237154682,2.6343236351892116,2.6041207907494623,2.575197955459707,2.547524677909081,2.5210675262905866,2.4957919840324223,2.471664862917848,2.44865752875112,2.4267503615799306,2.4059390576759903,2.386243642665086,2.3677214155295268,2.350485449414151,2.3347305050911693,2.320767411300629,2.309060627045225,2.3002390989622796,2.2948413717993184,0.26020584744030906,0.2579405108610491,0.25608703207669503,0.2545720910987459,0.2533077931136063,0.2522237452657521,0.25126690187903744,0.2503977951470402,0.24958686220488513,0.24881160883385256,0.24805455921823683,0.24730181970146692,0.2465420951962285,0.24576603499560168,0.24496582064147177,0.24413493701060407,0.24326808956859658,0.24236124762106837,0.2414118076477063,0.24041888331105055,0.23938374230094128,0.2383104251150261,0.2372065987522336,0.236084718939352,0.23496359273684853,0.23387042676737124,0.2328433408245083,0.23193375754904255,0.2312060753571974,0.23071568376544693,2.6936494760784484,2.694273139747871,2.6913807122372404,2.6827307363189874,2.6656777980041753,2.637695014299773,2.5966532096092223,2.540971871727109,2.469692301516652,2.382503744100248,2.2797391047839355,2.1623490541279438,2.031858777007976,1.8903090430286014,1.7401819490157067,1.5843112412905924,1.4257773634793125,1.2677881775552038,1.1135475952913367,0.9661160739547086,0.8282690319333454,0.7023616947383857,0.5902116940941653,0.49301394665918963,0.4113059716526237,0.3450055776147707,0.2935451341205493,0.25611587003301395,0.23197627355492045,0.22017230247543296,-2.1911003830627465,-2.1870384789734914,-2.1766157809100832,-2.161163028596121,-2.1419297863184568,-2.119890255585517,-2.0957859283082243,-2.0701864079318284,-2.043537514111634,-2.016195343072944,-1.9884495819144092,-1.960539355830548,-1.9326640657526184,-1.9049909170910908,-1.8776602769457114,-1.8507896082963597,-1.8244764689513673,-1.7988008912838893,-1.7738273471692523,-1.7496064308858266,-1.7261763477910819,-1.7035642694559598,-1.681787601171969,-1.6608552019855622,-1.640768598933679,-1.621523245747813,-1.6031098926405676,-1.5855161603169705,-1.5687284517107898,-1.5527343948349603,-1.5375260987954746,-1.5231046325493516,-1.5094863172210928,-1.4967116653786654,-1.4848580850421662,-1.4740576385908426,-1.4645206316158603,-1.45656156898783,-1.4506073340245988,-1.4470261327211436,-0.1807384573723656,-0.1794976781525417,-0.17873460545066067,-0.17836592525171469,-0.17828775161429355,-0.1784153167099669,-0.17868355571150918,-0.17904312727716043,-0.179456363183351,-0.17989409649262011,-0.1803333462699399,-0.18075567852247776,-0.1811460665306086,-0.1814921130145608,-0.18178353488682708,-0.1820118417634613,-0.1821701620742764,-0.18225318731248796,-0.18225721752703272,-0.18218030108926486,-0.1820224702193678,-0.18178608154364273,-0.1814762784071,-0.18110159806312476,-0.18067474869292166,-0.1802135655585979,-0.17974208414868742,-0.17929136393292966,-0.1788987264026931,-0.1785964521301877,-0.4940258324805704,-0.4954739722577308,-0.49796380276900365,-0.501256710236337,-0.5051048559130749,-0.5093109648902363,-0.513725276629863,-0.5182352501286154,-0.5227560387800487,-0.5272230855259714,-0.5315866404953695,-0.5358077726730457,-0.5398554915849161,-0.543704687056092,-0.5473346768467131,-0.5507282137001326,-0.5538708468187856,-0.5567505617491904,-0.5593576401025828,-0.5616846880068564,-0.5637267794288263,-0.5654816448678162,-0.5669498009509937,-0.5681344483646811,-0.5690408364508386,-0.5696745307942273,-0.5700375057488607,-0.5701194531110403,-0.5698799085037649,-0.569185086254933,0.6356360723375616,0.6373734663370101,0.6401949198748298,0.6439859836424944,0.6484897988150848,0.6534795278101484,0.6587746205154268,0.6642361023880881,0.6697578301248903,0.6752586211539082,0.6806760064374302,0.6859614875640396,0.6910769895407185,0.695992219011508,0.7006826971515459,0.7051282945832469,0.7093121429013998,0.7132198326470522,0.7168388335145792,0.7201580914692975,0.7231677712908962,0.7258591233708458,0.7282244614913793,0.7302572446007431,0.7319522608689581,0.7333059170097531,0.734316640357088,0.7349854058164453,0.7353164048851628,0.7353178797480151,0.7350031522185798,0.7343918849207629,0.7335116195459399,0.7323996404113995,0.7311051990028421,0.729692068547493,0.7282411648365308,0.726852091368019,0.7256396309202389,0.7247010510705243,0.164857739968725,0.16412970152335138,0.16330563717774016,0.1624007961167644,0.1614307968783022,0.16040848019408838,0.15934424867138208,0.15824675680272282,0.15712345562948382,0.1559809589279575,0.1548252712637903,0.15366192210764762,0.1524960404892104,0.15133239526621844,0.15017541909715026,0.14902922996345058,0.1478976617070047,0.1467843146696115,0.14569263880293448,0.14462606480837126,0.14358820440868092,0.14258314941469008,0.14161591170573473,0.14069306314578478,0.13982365436968514,0.13902050323910675,0.13830190721204416,0.13769352587101524,0.13722900823028827,0.13693738013803824,1.8350414745957497,1.8387523846995215,1.8444728317715722,1.8518960617865368,1.8606723955136921,1.870550068279016,1.8813634365265628,1.8930094635814356,1.9054272521210933,1.9185829153409806,1.9324587912485356,1.9470457551669114,1.9623376018026804,1.9783267347504392,1.9950006080209945,2.0123385041515647,2.0303083165473836,2.048863039740475,2.0679366668746937,2.0874391470408185,2.1072499621845253,2.127209730947385,2.147109019898153,2.166673231255892,2.1855420699829295,2.2032418721103184,2.219149879359179,2.2324551108270043,2.242147166720997,2.247235561957467,4.047304876378178,4.033578581434199,4.002980696269901,3.9489496020207184,3.8640953423713853,3.7419544519693773,3.57776753308724,3.368795869153999,3.1143648574579146,2.815748570167486,2.4759581450009733,2.099471593377203,1.691929593913315,1.2598154327573923,0.8101341341026824,0.3501041122259494,-0.11312675096787927,-0.5727304515861391,-1.0224057962312685,-1.456537923764003,-1.8703085602253111,-2.2597582837609167,-2.6218048848919295,-2.9542241372025586,-3.2556007918967254,-3.525258337103793,-3.76317607914325,-3.9699015370742217,-4.1464651536328745,-4.294303067765938,-4.41519227751931,-4.5112009850353445,-4.584655186874983,-4.638120414877626,-4.674394425767922,-4.696501486421624,-4.707669502835749,-4.711251371130757,-4.710513058585349,-4.708032486225349,-1.1005312140793322,-1.096156553333806,-1.0905504835059148,-1.0839363840972709,-1.076570454177208,-1.0686653770482941,-1.060388460660075,-1.0518702714949946,-1.0432133992883053,-1.0344993990933418,-1.0257939202595274,-1.0171504032315468,-1.008612727587721,-1.000217120617613,-0.9919935618875151,-0.9839668627498703,-0.9761575620698544,-0.9685827587785631,-0.9612569968596212,-0.9541933292399118,-0.9474047159727146,-0.9409059634438819,-0.9347164913840569,-0.9288643289102385,-0.9233918857070407,-0.9183641594736329,-0.913879904005169,-0.9100844868985112,-0.9071765447999542,-0.9053312893187284,-2.0456831373198163,-2.0507893617280697,-2.05891169736144,-2.0695188443906734,-2.081992852786545,-2.0958644188238544,-2.1108074636177854,-2.1266075821302337,-2.1431319722625695,-2.1603061252597193,-2.178096662294756,-2.196498842545253,-2.2155273838219216,-2.235209540121893,-2.2555796497621756,-2.2766745654481184,-2.298529506927288,-2.321173949446468,-2.344627185407596,-2.3688931765902126,-2.3939542488734773,-2.419763065437998,-2.4462321400089806,-2.4732199164319297,-2.5005121720829706,-2.527797342372608,-2.554634889715345,-2.580419403477336,-2.60435991681193,-2.625599095096277,-16.715183716877178,-16.659536900136246,-16.544248850508822,-16.335547236053714,-15.993903589575638,-15.483516239213856,-14.774708276008312,-13.845707309702448,-12.684936908670352,-11.29395878015103,-9.690374997296317,-7.909409934762664,-6.002784367102777,-4.034142387656544,-2.0715619997394015,-0.17895361589722825,1.5913087431493977,3.2027104657188943,4.6353262469329195,5.883675835688251,6.95307876731826,7.855806193598482,8.607833404691206,9.22647397386973,9.728845320077482,10.13098230867638,10.44740361025353,10.690970913071965,10.8729259969071,11.003029440081463,11.089753836631587,11.14050470495448,11.16185574955486,11.159793512245045,11.139970551929792,11.107965081557964,11.069533423055532,11.03079529974822,10.998154318982323,10.976721730796541,1.2122204112700459,1.2000867351342421,1.1883385644499143,1.1769294370161525,1.1658162600280413,1.1549721175035401,1.1443816449902506,1.1340360499377482,1.1239295220060654,1.1140569576453032,1.1044126431661567,1.094989596902881,1.0857793586144524,1.0767720942264596,1.0679569385655192,1.059322544505882,1.0508578412100888,1.0425530384903965,1.034400947196838,1.0263987320385581,1.0185502650905747,1.0108693282089334,1.0033840138749444,0.9961428062592788,0.9892229651386284,0.982741873809287,0.9768715599357547,0.9718536718204982,0.968001287785631,0.9655831495348597,0.5104654135090607,0.5107936072598589,0.510718800246738,0.5102119688928992,0.5092419083946753,0.5077680337454398,0.5057470989963964,0.5031386586152022,0.49990847030124286,0.49603034388113443,0.49148700992077465,0.4862704261964197,0.4803818051281823,0.47383155309395164,0.4666392567689073,0.4588338227329576,0.45045386798143205,0.44154846771973233,0.43217839196560526,0.42241800723240885,0.41235808767546445,0.4021098780760646,0.39181088453636015,0.3816330315143812,0.37179396877505155,0.362572219704246,0.35432583005319174,0.3475085244332661,0.3426581834427367,0.3401640379900961,-0.30755910212146986,-0.3068156507770361,-0.30457511423802686,-0.30116225054883117,-0.29689893265297584,-0.29203527097148374,-0.28675702581859497,-0.28120053797576894,-0.27546558094796936,-0.26962496603310626,-0.26373145603108306,-0.25782270837242827,-0.25192483441447067,-0.24605500023352,-0.2402233651255834,-0.23443456056414647,-0.22868884886597662,-0.22298305762928727,-0.21731135806856372,-0.21166593702653813,-0.2060376011434233,-0.20041634495631655,-0.19479191136970897,-0.18915437234119814,-0.18349475934673798,-0.17780577756061788,-0.17208264552813368,-0.1663241140823235,-0.16053373720357733,-0.15472149536546276,-0.14890591362546246,-0.14311687709897392,-0.13739943197332316,-0.13181897376207452,-0.1264683534460911,-0.12147749370785554,-0.11702578843710754,-0.11335532844628737,-0.11077386939781064,-0.10956587808366614,-0.17265473605654869,-0.17380805391000465,-0.17641284685134195,-0.1802273676261219,-0.1849278460783772,-0.19024331881847978,-0.19596103763643047,-0.20191601807959447,-0.2079795001587268,-0.21404970482765062,-0.22004499782807585,-0.22589899567907779,-0.2315571159293608,-0.2369741722441745,-0.24211271895260378,-0.24694193303148815,-0.25143688197375713,-0.2555780676328645,-0.25935116220014454,-0.26274686687969684,-0.2657608268551144,-0.26839352817146,-0.27065008052503625,-0.2725397514198016,-0.2740750567292176,-0.27527013255940425,-0.27613804673520903,-0.276686898783177,-0.2769158988608109,-0.2768256405876617,-0.15521146266834052,-0.15559654730934147,-0.15624321528719598,-0.15709613161581837,-0.1580934697925458,-0.15918540064006015,-0.1603338310982556,-0.16150993476672504,-0.1626917528881764,-0.16386231074724567,-0.16500822444633556,-0.16611869667007007,-0.1671848049446325,-0.1681990075589681,-0.16915481282790612,-0.17004657330675776,-0.17086937809402247,-0.17161902422689845,-0.1722920532177561,-0.17288584142132102,-0.17339873316266274,-0.17383020289804385,-0.17418102568048077,-0.1744534204790673,-0.17465110150451757,-0.17477910954526976,-0.17484316348936346,-0.17484786083154713,-0.1747924475505389,-0.1746540412487878,0.06337929047008828,0.06369870817145173,0.06421948003023381,0.0649283236742404,0.06578279513871799,0.06674516850604384,0.06778561543535933,0.06888138231177443,0.07001519870393569,0.07117386028294437,0.0723471225411716,0.07352687802620039,0.07470655533314563,0.07588068301488793,0.077044573789955,0.07819409609397354,0.0793255092650682,0.08043534551344766,0.08152032676896948,0.08257730801445184,0.08360324119140028,0.08459515549847207,0.08555015109346797,0.08646540398747327,0.08733818036113927,0.08816585866717475,0.08894595769723335,0.08967616822801538,0.09035438481306368,0.09097873258352784,0.09154758132381069,0.09205953529990207,0.09251338207781945,0.09290797707327414,0.09324203466306358,0.09351380100396511,0.09372062528236125,0.0938587036790004,0.0939239796319562,0.09392363571319073,0.10934438221727483,0.10927025357416476,0.10912233841817454,0.10891671403215852,0.10865982587420397,0.10835443143740209,0.10800167052292498,0.10760219449718322,0.10715671943208438,0.10666628425358704,0.10613234733630783,0.10555679787997985,0.10494192608183495,0.10429037879627945,0.10360511769656133,0.10288939174262302,0.10214673339288671,0.1013809875827425,0.10059638385219927,0.09979766499680265,0.09899029069234677,0.09818074210824301,0.09737696426881959,0.09658899699726975,0.09582986071487576,0.09511676882319153,0.09447269263237601,0.09392800257971845,0.09352072785899446,0.0932845235602131
myj,-1.815166811563131,-1.7958675621391365,-1.774524983943337,-1.7509628455240147,-1.7252813769154045,-1.69767800052405,-1.6683804923865608,-1.6376181732073505,-1.605609510159546,-1.5725569651361297,-1.5386452141632816,-1.5040409579194218,-1.4688934736964043,-1.433335486584467,-1.3974841412075634,-1.3614419529555803,-1.3252976632446263,-1.2891269413783775,-1.2529928783637843,-1.2169462111794473,-1.181025202704106,-1.1452550862012032,-1.1096469698641727,-1.0741961008117755,-1.0388794448455485,-1.0036527254333976,-0.9684476847314301,-0.9331715946468933,-0.8977187222830452,-0.861991203809751,1.187252580743916,1.1895225890804966,1.188809494980461,1.1846044986649105,1.1768444704294154,1.1656309263402846,1.151131736412843,1.133535904673856,1.113033898792466,1.0898092542325344,1.0640355052531092,1.0358756264434632,1.0054826399788155,0.9730007275609154,0.9385665216052121,0.902310417946099,0.864357837349486,0.8248304060886795,0.7838470469443273,0.7415249816067728,0.6979806488627638,0.653330542920969,0.6076919741018401,0.5611837504984436,0.5139267742626856,0.46604453964825154,0.41766351139143865,0.368913350507988,0.3199269386366339,0.27084012920852274,0.22179111976450372,0.17291928742997698,0.12436324578673918,0.07625774164999655,0.028728766632937663,-0.01811419100422995,-0.0641906908550709,-0.10947050274722869,-0.15401059275315987,-0.19803002753197774,-0.6931850701474787,-0.6776053958418302,-0.6618329793339157,-0.6458363087098888,-0.6296078910394414,-0.6131483833829208,-0.5964611350692408,-0.5795501786739727,-0.5624195558006626,-0.5450731493521914,-0.5275146913613575,-0.5097478077989157,-0.4917760423182047,-0.4736028353905053,-0.4552314501225103,-0.4366648419125676,-0.41790547112269394,-0.39895505830348377,-0.379814281745535,-0.3604824185697346,-0.34095693512153247,-0.32123304329838476,-0.3013032633564414,-0.2811570836749411,-0.26078091179334706,-0.24015873169627255,-0.21927435606218282,-0.1981173185773244,-0.17669673397639585,-0.15507849556408004,-2.702690782968375,-3.6209889306978766,-4.5614517317218315,-5.526297652451376,-6.512656354545356,-7.513828870090947,-8.520181573937634,-9.519722312183603,-10.498418947510913,-11.440353488319488,-12.327794615480002,-13.141265878914282,-13.859686264617551,-14.46066219764785,-14.921010433317448,-15.217583288799343,-15.328444216174546,-15.234397232397384,-14.920807154576892,-14.379565320911809,-13.61097201948047,-12.625241655235413,-11.443307067554088,-10.096611917813107,-8.6256249526283,-7.076861832884106,-5.498234852687233,-3.9325379642582448,-2.4091088504962954,-0.9326751055543809,12.780597574975332,12.393209124307987,11.997870617975423,11.594463986657729,11.1837452727965,10.766702936030129,10.344315406239673,9.917473430317045,9.486959034487484,9.053446732022707,8.617512716511925,8.179646277850594,7.740261061592236,7.299705273848012,6.858270584564684,6.416199761995827,5.973693177601106,5.530914352072287,5.087994708089269,4.645037677787684,4.202122291704939,3.759306355299998,3.316629301224623,2.874114791059583,2.431773127904762,1.989603531870216,1.5475963224681095,1.1057350439637048,0.6639985617047159,0.22236314485621733,-0.2191954685677615,-0.6607000625183446,-1.1021700885627297,-1.5436201759522987,-1.9850594202431466,-2.4264922390923402,-2.8679223630288107,-3.3093625716169868,-3.750857706701538,-4.19249962473296,-3.4129807367650074,-3.2811379941535677,-3.1499572784273084,-3.0194733999419157,-2.8896559474957115,-2.760459043801575,-2.6318346965963997,-2.503737865334813,-2.3761277799367093,-2.2489678960998845,-2.1222253609914645,-1.9958703623096063,-1.8698755095425321,-1.7442153026610967,-1.6188657029265876,-1.4938038044489161,-1.3690075992108746,-1.2444558273679291,-1.1201279049008335,-0.996003920779529,-0.8720646939976291,-0.7482918747639786,-0.6246680611180864,-0.5011768735399045,-0.37780287363924003,-0.2545311002734678,-0.13134574812812616,-0.00822712310234408,0.11485564595079722,0.23795158080807255,-3.716614135224745,-3.834152352497995,-3.9567867844234,-4.08560637154028,-4.220403126917688,-4.359759866731679,-4.5013169364259795,-4.642051205504572,-4.778529825114333,-4.907133157514295,-5.0242500281893285,-5.126449671117513,-5.210633671385509,-5.274169470022819,-5.315005141510376,-5.331763406720196,-5.323811324426373,-5.2913009071093455,-5.235175123663197,-5.157133478857418,-5.059551703886854,-4.94535118458154,-4.817815800723423,-4.680357245620314,-4.536235510167899,-4.388251192547841,-4.238445495792519,-4.087888609203219,-3.9367242174076296,-3.7850671335802986,5.814868233617858,5.660793997781354,5.501163264023262,5.335794752520485,5.165131582005813,4.9897696073980455,4.8102953224016005,4.62723769789892,4.441058734005992,4.252157710840038,4.060879383668379,3.867522461770278,3.6723470861128504,3.4755809954936225,3.2774244488452258,3.078054100039706,2.877626042624584,2.676278221608328,2.4741323758030944,2.2712956398598863,2.067861904803138,1.8639130108597328,1.659519826710465,1.454743254072227,1.2496351848896552,1.0442394294950361,0.8385926267453101,0.6327251408070822,0.42666194271691893,0.2204234668847107,0.014026422278902828,-0.19251547725886553,-0.39919092213645513,-0.6059906482606436,-0.8129074546491779,-1.0199368104477458,-1.2270783729408379,-1.4343385918843978,-1.641735271063169,-1.8492868044410926,-1.7256004192862235,-1.665178954277721,-1.6048486986452701,-1.5445912412832286,-1.4843882202218524,-1.424225463666886,-1.3640925230594405,-1.3039820585723731,-1.24388916793702,-1.1838108078487721,-1.123745318227101,-1.063692039696873,-1.003651007299953,-0.943622703988467,-0.8836078595996053,-0.8236072834836392,-0.7636217208728411,-0.7036517245019205,-0.6436975338906485,-0.5837589547831143,-0.5238352308358074,-0.4639248984398847,-0.40402561372832935,-0.3441339385769595,-0.28424507059793314,-0.2243525058885325,-0.1644476335195293,-0.10451939560317669,-0.04455402784488882,0.015458767970450538,-0.8952044930001364,-0.8852774456333918,-0.8742969911536278,-0.8621784813145652,-0.8489757821280364,-0.8347894957246496,-0.8197334463875734,-0.803920995732426,-0.7874596977086412,-0.7704495436623482,-0.7529828032243628,-0.7351445595657538,-0.7170135170427034,-0.6986628765199705,-0.6801611743292284,-0.6615730262289699,-0.6429597355975414,-0.6243797281222321,-0.6058887691707682,-0.5875399070474003,-0.5693830656818939,-0.551464182940542,-0.5338237537645831,-0.5164945879550942,-0.4994985296408032,-0.48284180393511633,-0.4665086356269583,-0.4504526002995135,-0.43458821767934097,-0.4187681501917879,0.5525981033912899,0.5574242345401927,0.5605895673636496,0.5617991533006759,0.5610108204474855,0.5582778136764546,0.5536933699589071,0.5473645724097409,0.5394006255050847,0.5299075896252141,0.5189862382131238,0.5067314363316839,0.49323226439930146,0.4785724972673968,0.46283124040392565,0.44608362225820564,0.4284014921555076,0.40985409924507277,0.39050874163550287,0.37043138159883693,0.3496872257558863,0.3283412700550876,0.30645880892422284,0.28410590658261015,0.26134982625134384,0.23825940978778704,0.2149053958208249,0.19136065820959658,0.1677003376816799,0.14400182622236102,0.12034454345209156,0.09680941197488124,0.07347788564847235,0.050430293973597884,0.027743103967431182,0.005484396059330265,-0.01629374561477448,-0.0375685532913792,-0.058370689957207844,-0.07883489920292774,-0.34843963507389475,-0.3410462016197293,-0.3335788424024777,-0.3260254955003319,-0.318382206391604,-0.31064747841254814,-0.3028204064099729,-0.2949001135867224,-0.2868856302752505,-0.2787759160295131,-0.27056991058191127,-0.2622665704346563,-0.2538648756061277,-0.24536380213875425,-0.23676226012377355,-0.22805899822730824,-0.21925247575374396,-0.21034070304874586,-0.2013210511591268,-0.19219003278574753,-0.1829430599160311,-0.1735741911580977,-0.1640758980123458,-0.1544389125271195,-0.14465228691017984,-0.13470393901231859,-0.12458226328433142,-0.11428012669551357,-0.10380403238286107,-0.09319814028179962,1.054732729743705,1.3267705339376334,1.5968365430575204,1.8648005962336356,2.13076240305395,2.394865964144401,2.6572438621071797,2.917997894774544,3.177194598308688,3.4348661241979244,3.691012838318329,3.9456061484734164,4.1985909851841825,4.449887745963679,4.699393676214186,4.9469837267211005,5.19251095285108,5.435806535139363,5.676679520450307,5.9149164251948605,6.150280932415626,6.382514096671457,6.611335832350505,6.836449177266786,7.057550266732505,7.2743499465173045,7.486619442064693,7.694287439075197,7.897651735218801,8.09786563199603,-0.5603935283375563,-1.0908883733349057,-1.641037086583765,-2.211354868927174,-2.7972629102100655,-3.3905407895194912,-3.9806550248581516,-4.5558826801384384,-5.104207109680829,-5.614020965405871,-6.074667845740805,-6.476846388600279,-6.812893610679566,-7.0769598915967435,-7.265086029330632,-7.375192727348804,-7.406994029984162,-7.361847898232554,-7.242558676563021,-7.053147145727053,-6.798603880813971,-6.48464063893789,-6.117452575485004,-5.703501459001927,-5.249327022534089,-4.76139046080425,-4.245951116902688,-3.708974774805938,-3.156069762727384,-2.592445257932013,-2.022884665962465,-1.4517255597693293,-0.8828361944515564,-0.31957681441917885,0.23526841185139347,0.7796061856872711,1.3122167410674592,1.8330295459509216,2.343508038484231,2.8471799189949962,5.38848117624903,5.234629432971815,5.0795794320298455,4.923148899881198,4.765319720488378,4.606133969477696,4.445654882164263,4.283950731812183,4.121088197561221,3.957129783285609,3.7921329860978403,3.626150175786279,3.4592286990878165,3.291410975501549,3.1227344708154305,2.9532314910088644,2.782928765632505,2.611846801575666,2.4399989949258725,2.2673904970724834,2.0940168498273124,1.9198624469918286,1.7448989720294321,1.5690841568143696,1.392361614682045,1.2146633776036424,1.0359186529841509,0.8560770165166787,0.6751632146650763,0.49342985341930046,-1.032108208309694,-0.1766974687138827,0.6790474946606082,1.5354730979975102,2.392741900301644,3.250942003378441,4.110140438845065,4.9704016094456165,5.831792992300507,6.694385206741572,7.558249745785361,8.423455795847985,9.290066788063086,10.158136959345029,11.027708027261724,11.898806006303857,12.771438158869387,13.645590072707819,14.521222870732345,15.398270596971997,16.276637885689524,17.156198129898257,18.03679254459712,18.918230818232587,19.800294553620006,20.68274552359162,21.56534246697902,22.44787138510719,23.330210048371782,24.212334890204204,17.587131376169282,13.108173075775085,8.569061711751601,3.9879334513752838,-0.5952346301110083,-5.12473050749395,-9.532067822981844,-13.738051999411255,-17.655279593507657,-21.19236307283427,-24.260635809176165,-26.78310002428043,-28.704116223550955,-29.997331030946953,-30.66931073562955,-30.75751573082016,-30.323169378058083,-29.44125785144206,-28.19049755337619,-26.645494021729974,-24.872013262778637,-22.92510812013643,-20.84922115990048,-18.679346238237486,-16.442575696029962,-14.159648911539989,-11.846325323507699,-9.514526120125083,-7.173247881213683,-4.82927516496602,-2.4877245317129564,-0.15244948194231256,2.1736708060616365,4.4885439663958095,6.790771553709419,9.079652618574073,11.355293779332897,13.618839008765917,15.872830243663884,18.121504732341805,15.121457819947068,14.532422952235493,13.946045590343374,13.362496633405044,12.781691285981651,12.203483833523023,11.627716673689065,11.054239027892436,10.482911594162942,9.913606295654972,9.346204364707773,8.780594124226809,8.216668985997785,7.654325845250241,7.093463908215199,6.533983937125413,5.975787882276563,5.418778871066934,4.862861528314625,4.307942602515141,3.753931862951049,3.2007432016725943,2.6482958027595487,2.09651509400328,1.5453328934659112,0.99468556162401,0.4445076456870538,-0.10528376492584357,-0.6548271263538936,-1.2043635618233282,0.9239636188075693,0.9414702260924059,0.9584885453956815,0.974993937811746,0.9910129249946067,1.00656370439782,1.0216421432442644,1.0362199272618682,1.0502469981317972,1.0636550391723176,1.0763608908561082,1.088269521064376,1.0992764711782002,1.1092698096018694,1.1181316615983405,1.12573939305571,1.131966525808707,1.1366834631239726,1.139758112909135,1.141056520414736,1.1404436737575452,1.1377847462092632,1.1329472306389334,1.125804787964853,1.1162443451785862,1.1041794361779012,1.089575756974682,1.0725022676939773,1.053232677193165,1.0325045661370424,-0.9915288195370664,-0.9832305495088178,-0.9736865749063668,-0.962873876724359,-0.9509165488513531,-0.9379789448195197,-0.9242274580008143,-0.9098172573543479,-0.8948881576724261,-0.8795640381250678,-0.8639535594639938,-0.8481512686364567,-0.8322387232896062,-0.8162855014152228,-0.8003500598742903,-0.7844804454549603,-0.7687148754044983,-0.7530822068878251,-0.7376023126192877,-0.7222863768928391,-0.7071371228153112,-0.6921489793345472,-0.6773081948665549,-0.662592903144855,-0.6479731467665033,-0.6334108638011458,-0.6188598441523254,-0.6042656645362285,-0.5895656160531644,-0.5746886483916569,-0.5595553748649991,-0.5440782220332494,-0.5281618858396655,-0.5117044109998687,-0.4945995225812112,-0.47674148722944665,-0.4580351852174829,-0.438417325933699,-0.4179024970868994,-0.3966904728191203,0.8718668755334136,0.8751917812094661,0.8772860718721631,0.8779321553322461,0.8770903074791931,0.8747899121295859,0.8710909792787334,0.8660663788464262,0.8597938266760821,0.8523521566121417,0.8438196065366128,0.8342730472638209,0.8237876388940322,0.8124366548219086,0.8002913369292628,0.7874207053539521,0.7738912748486655,0.7597666424085219,0.7451069156601307,0.7299679531072343,0.7144003901171914,0.6984484339294568,0.6821484375407181,0.6655273267049324,0.6486011019097759,0.6313739720824287,0.6138394286151652,0.595986469085517,0.5778180265369173,0.5594073895160818,0.20040207495199702,0.19987819744754276,0.19907259211142048,0.19795820009579046,0.19654586718538525,0.19485930781888783,0.19292612603287296,0.19077410302243436,0.1884297641611994,0.18591792883300684,0.18326169930715253,0.18048264000110237,0.17760103000928495,0.17463613172348857,0.17160644638856581,0.16852994019319567,0.16542422962815806,0.16230671576620637,0.15919465546356548,0.1561051537766076,0.15305505608530723,0.15006070997789323,0.14713755478537394,0.14429947882831584,0.14155785807841426,0.13892014806095432,0.1363878496933424,0.13395352112650727,0.13159700774405536,0.1292761880603388,-0.1054351720331681,-0.10926939524256696,-0.11279586833410349,-0.11595669543893905,-0.11874066695411045,-0.1211534461971695,-0.12320743497845399,-0.12491708731576523,-0.1262969050210785,-0.1273606036167223,-0.1281208259115516,-0.12858910849588767,-0.12877596174388373,-0.12869099563090458,-0.12834305865524698,-0.12774037445166186,-0.12689066931267234,-0.125801288074598,-0.12447929781799871,-0.12293157964344914,-0.12116490898492316,-0.11918602478758089,-0.11700168755822915,-0.11461872586991717,-0.11204407039784314,-0.10928477401908765,-0.10634801594871135,-0.10324108737646043,-0.0999713557366988,-0.09654620486358567,-0.09297294933514877,-0.08925872439931481,-0.08541036002769431,-0.08143426331643866,-0.07733636675286704,-0.0731222727509575,-0.06879787795886472,-0.06437116706092638,-0.05985639906149309,-0.055287300796569294,0.12408036324868466,0.12499671489940312,0.12591152066520905,0.12683400309688153,0.12776881360311165,0.12871676581805502,0.12967556550798776,0.13064072707551588,0.13160628654043194,0.13256532708048496,0.1335103464818559,0.13443350076308036,0.13532675146878148,0.13618193772879295,0.1369907888430788,0.13774488908229898,0.13843560349376105,0.1390539716352066,0.1395905755152711,0.1400353889679451,0.1403776192367161,0.14060555967334665,0.14070648916172956,0.1406666872354876,0.14047170077013504,0.14010713634246486,0.13956054484070535,0.13882565541439718,0.13791164117260912,0.13686590691193512
mzj,0.0,0.0,0.0,0.0,0.0,0.0,0.0,0.0,0.0,0.0,0.0,0.0,0.0,0.0,0.0,0.0,0.0,0.0,0.0,0.0,0.0,0.0,0.0,0.0,0.0,0.0,0.0,0.0,0.0,0.0,0.0,0.0,0.0,0.0,0.0,0.0,0.0,0.0,0.0,0.0,0.0,0.0,0.0,0.0,0.0,0.0,0.0,0.0,0.0,0.0,0.0,0.0,0.0,0.0,0.0,0.0,0.0,0.0,0.0,0.0,0.0,0.0,0.0,0.0,0.0,0.0,0.0,0.0,0.0,0.0,0.0,0.0,0.0,0.0,0.0,0.0,0.0,0.0,0.0,0.0,0.0,0.0,0.0,0.0,0.0,0.0,0.0,0.0,0.0,0.0,0.0,0.0,0.0,0.0,0.0,0.0,0.0,0.0,0.0,0.0,0.0,0.0,0.0,0.0,0.0,0.0,0.0,0.0,0.0,0.0,0.0,0.0,0.0,0.0,0.0,0.0,0.0,0.0,0.0,0.0,0.0,0.0,0.0,0.0,0.0,0.0,0.0,0.0,0.0,0.0,0.0,0.0,0.0,0.0,0.0,0.0,0.0,0.0,0.0,0.0,0.0,0.0,0.0,0.0,0.0,0.0,0.0,0.0,0.0,0.0,0.0,0.0,0.0,0.0,0.0,0.0,0.0,0.0,0.0,0.0,0.0,0.0,0.0,0.0,0.0,0.0,0.0,0.0,0.0,0.0,0.0,0.0,0.0,0.0,0.0,0.0,0.0,0.0,0.0,0.0,0.0,0.0,0.0,0.0,0.0,0.0,0.0,0.0,0.0,0.0,0.0,0.0,0.0,0.0,0.0,0.0,0.0,0.0,0.0,0.0,0.0,0.0,0.0,0.0,0.0,0.0,0.0,0.0,0.0,0.0,0.0,0.0,0.0,0.0,0.0,0.0,0.0,0.0,0.0,0.0,0.0,0.0,0.0,0.0,0.0,0.0,0.0,0.0,0.0,0.0,0.0,0.0,0.0,0.0,0.0,0.0,0.0,0.0,0.0,0.0,0.0,0.0,0.0,0.0,0.0,0.0,0.0,0.0,0.0,0.0,0.0,0.0,0.0,0.0,0.0,0.0,0.0,0.0,0.0,0.0,0.0,0.0,0.0,0.0,0.0,0.0,0.0,0.0,0.0,0.0,0.0,0.0,0.0,0.0,0.0,0.0,0.0,0.0,0.0,0.0,0.0,0.0,0.0,0.0,0.0,0.0,0.0,0.0,0.0,0.0,0.0,0.0,0.0,0.0,0.0,0.0,0.0,0.0,0.0,0.0,0.0,0.0,0.0,0.0,0.0,0.0,0.0,0.0,0.0,0.0,0.0,0.0,0.0,0.0,0.0,0.0,0.0,0.0,0.0,0.0,0.0,0.0,0.0,0.0,0.0,0.0,0.0,0.0,0.0,0.0,0.0,0.0,0.0,0.0,0.0,0.0,0.0,0.0,0.0,0.0,0.0,0.0,0.0,0.0,0.0,0.0,0.0,0.0,0.0,0.0,0.0,0.0,0.0,0.0,0.0,0.0,0.0,0.0,0.0,0.0,0.0,0.0,0.0,0.0,0.0,0.0,0.0,0.0,0.0,0.0,0.0,0.0,0.0,0.0,0.0,0.0,0.0,0.0,0.0,0.0,0.0,0.0,0.0,0.0,0.0,0.0,0.0,0.0,0.0,0.0,0.0,0.0,0.0,0.0,0.0,0.0,0.0,0.0,0.0,0.0,0.0,0.0,0.0,0.0,0.0,0.0,0.0,0.0,0.0,0.0,0.0,0.0,0.0,0.0,0.0,0.0,0.0,0.0,0.0,0.0,0.0,0.0,0.0,0.0,0.0,0.0,0.0,0.0,0.0,0.0,0.0,0.0,0.0,0.0,0.0,0.0,0.0,0.0,0.0,0.0,0.0,0.0,0.0,0.0,0.0,0.0,0.0,0.0,0.0,0.0,0.0,0.0,0.0,0.0,0.0,0.0,0.0,0.0,0.0,0.0,0.0,0.0,0.0,0.0,0.0,0.0,0.0,0.0,0.0,0.0,0.0,0.0,0.0,0.0,0.0,0.0,0.0,0.0,0.0,0.0,0.0,0.0,0.0,0.0,0.0,0.0,0.0,0.0,0.0,0.0,0.0,0.0,0.0,0.0,0.0,0.0,0.0,0.0,0.0,0.0,0.0,0.0,0.0,0.0,0.0,0.0,0.0,0.0,0.0,0.0,0.0,0.0,0.0,0.0,0.0,0.0,0.0,0.0,0.0,0.0,0.0,0.0,0.0,0.0,0.0,0.0,0.0,0.0,0.0,0.0,0.0,0.0,0.0,0.0,0.0,0.0,0.0,0.0,0.0,0.0,0.0,0.0,0.0,0.0,0.0,0.0,0.0,0.0,0.0,0.0,0.0,0.0,0.0,0.0,0.0,0.0,0.0,0.0,0.0,0.0,0.0,0.0,0.0,0.0,0.0,0.0,0.0,0.0,0.0,0.0,0.0,0.0,0.0,0.0,0.0,0.0,0.0,0.0,0.0,0.0,0.0,0.0,0.0,0.0,0.0,0.0,0.0,0.0,0.0,0.0,0.0,0.0,0.0,0.0,0.0,0.0,0.0,0.0,0.0,0.0,0.0,0.0,0.0,0.0,0.0,0.0,0.0,0.0,0.0,0.0,0.0,0.0,0.0,0.0,0.0,0.0,0.0,0.0,0.0,0.0,0.0,0.0,0.0,0.0,0.0,0.0,0.0,0.0,0.0,0.0,0.0,0.0,0.0,0.0,0.0,0.0,0.0,0.0,0.0,0.0,0.0,0.0,0.0,0.0,0.0,0.0,0.0,0.0,0.0,0.0,0.0,0.0,0.0,0.0,0.0,0.0,0.0,0.0,0.0,0.0,0.0,0.0,0.0,0.0,0.0,0.0,0.0,0.0,0.0,0.0,0.0,0.0,0.0,0.0,0.0,0.0,0.0,0.0,0.0,0.0,0.0,0.0,0.0,0.0,0.0,0.0,0.0,0.0,0.0,0.0,0.0,0.0,0.0,0.0,0.0,0.0,0.0,0.0,0.0,0.0,0.0,0.0,0.0,0.0,0.0,0.0,0.0,0.0,0.0,0.0,0.0,0.0,0.0,0.0,0.0,0.0,0.0,0.0,0.0,0.0,0.0,0.0,0.0,0.0,0.0,0.0,0.0,0.0,0.0,0.0,0.0,0.0,0.0,0.0,0.0,0.0,0.0,0.0,0.0,0.0,0.0,0.0,0.0,0.0,0.0,0.0,0.0,0.0,0.0,0.0,0.0,0.0,0.0,0.0,0.0,0.0,0.0,0.0,0.0,0.0,0.0,0.0,0.0,0.0,0.0,0.0,0.0,0.0,0.0,0.0,0.0,0.0,0.0,0.0,0.0,0.0,0.0,0.0,0.0,0.0,0.0,0.0,0.0,0.0,0.0,0.0,0.0,0.0,0.0,0.0,0.0,0.0,0.0,0.0,0.0,0.0,0.0,0.0,0.0,0.0
L,0.1,0.1,0.10000000000000003,0.09999999999999998,0.09999999999999998,0.10000000000000009,0.09999999999999998,0.09999999999999998,0.09999999999999998,0.09999999999999998,0.10000000000000009,0.10000000000000009,0.09999999999999987,0.10000000000000009,0.09999999999999987,0.10000000000000009,0.10000000000000009,0.09999999999999987,0.10000000000000009,0.09999999999999987,0.10000000000000009,0.10000000000000009,0.10000000000000009,0.10000000000000009,0.09999999999999964,0.10000000000000009,0.10000000000000009,0.10000000000000009,0.10000000000000009,0.09999999999999964,0.10000000000000009,0.10000000000000009,0.10000000000000009,0.10000000000000009,0.09999999999999964,0.10000000000000009,0.10000000000000009,0.10000000000000009,0.10000000000000009,0.09999999999999964,0.10000000000000053,0.09999999999999964,0.09999999999999964,0.10000000000000053,0.09999999999999964,0.10000000000000053,0.09999999999999964,0.10000000000000053,0.09999999999999964,0.09999999999999964,0.10000000000000053,0.09999999999999964,0.10000000000000053,0.09999999999999964,0.09999999999999964,0.10000000000000053,0.09999999999999964,0.10000000000000053,0.09999999999999964,0.09999999999999964,0.10000000000000053,0.09999999999999964,0.10000000000000053,0.09999999999999964,0.09999999999999964,0.10000000000000053,0.09999999999999964,0.10000000000000053,0.09999999999999964,0.09999999999999964,0.10000000000000053,0.09999999999999964,0.10000000000000053,0.09999999999999964,0.09999999999999964,0.10000000000000053,0.09999999999999964,0.10000000000000053,0.09999999999999964,0.09999999999999964,0.09999999999999964,0.10000000000000142,0.09999999999999964,0.09999999999999964,0.09999999999999964,0.09999999999999964,0.10000000000000142,0.09999999999999964,0.09999999999999964,0.09999999999999964,0.09999999999999964,0.10000000000000142,0.09999999999999964,0.09999999999999964,0.09999999999999964,0.10000000000000142,0.09999999999999964,0.09999999999999964,0.09999999999999964,0.09999999999999964,0.1,0.1,0.10000000000000003,0.09999999999999998,0.09999999999999998,0.10000000000000009,0.09999999999999998,0.09999999999999998,0.09999999999999998,0.09999999999999998,0.10000000000000009,0.10000000000000009,0.09999999999999987,0.10000000000000009,0.09999999999999987,0.10000000000000009,0.10000000000000009,0.09999999999999987,0.10000000000000009,0.09999999999999987,0.10000000000000009,0.10000000000000009,0.10000000000000009,0.10000000000000009,0.09999999999999964,0.10000000000000009,0.10000000000000009,0.10000000000000009,0.10000000000000009,0.09999999999999964,0.10000000000000009,0.10000000000000009,0.10000000000000009,0.10000000000000009,0.09999999999999964,0.10000000000000009,0.10000000000000009,0.10000000000000009,0.10000000000000009,0.09999999999999964,0.10000000000000053,0.09999999999999964,0.09999999999999964,0.10000000000000053,0.09999999999999964,0.10000000000000053,0.09999999999999964,0.10000000000000053,0.09999999999999964,0.09999999999999964,0.10000000000000053,0.09999999999999964,0.10000000000000053,0.09999999999999964,0.09999999999999964,0.10000000000000053,0.09999999999999964,0.10000000000000053,0.09999999999999964,0.09999999999999964,0.10000000000000053,0.09999999999999964,0.10000000000000053,0.09999999999999964,0.09999999999999964,0.10000000000000053,0.09999999999999964,0.10000000000000053,0.09999999999999964,0.09999999999999964,0.10000000000000053,0.09999999999999964,0.10000000000000053,0.09999999999999964,0.09999999999999964,0.10000000000000053,0.09999999999999964,0.10000000000000053,0.09999999999999964,0.09999999999999964,0.09999999999999964,0.10000000000000142,0.09999999999999964,0.09999999999999964,0.09999999999999964,0.09999999999999964,0.10000000000000142,0.09999999999999964,0.09999999999999964,0.09999999999999964,0.09999999999999964,0.10000000000000142,0.09999999999999964,0.09999999999999964,0.09999999999999964,0.10000000000000142,0.09999999999999964,0.09999999999999964,0.09999999999999964,0.09999999999999964,0.1,0.1,0.10000000000000003,0.09999999999999998,0.09999999999999998,0.10000000000000009,0.09999999999999998,0.09999999999999998,0.09999999999999998,0.09999999999999998,0.10000000000000009,0.10000000000000009,0.09999999999999987,0.10000000000000009,0.09999999999999987,0.10000000000000009,0.10000000000000009,0.09999999999999987,0.10000000000000009,0.09999999999999987,0.10000000000000009,0.10000000000000009,0.10000000000000009,0.10000000000000009,0.09999999999999964,0.10000000000000009,0.10000000000000009,0.10000000000000009,0.10000000000000009,0.09999999999999964,0.10000000000000009,0.10000000000000009,0.10000000000000009,0.10000000000000009,0.09999999999999964,0.10000000000000009,0.10000000000000009,0.10000000000000009,0.10000000000000009,0.09999999999999964,0.10000000000000053,0.09999999999999964,0.09999999999999964,0.10000000000000053,0.09999999999999964,0.10000000000000053,0.09999999999999964,0.10000000000000053,0.09999999999999964,0.09999999999999964,0.10000000000000053,0.09999999999999964,0.10000000000000053,0.09999999999999964,0.09999999999999964,0.10000000000000053,0.09999999999999964,0.10000000000000053,0.09999999999999964,0.09999999999999964,0.10000000000000053,0.09999999999999964,0.10000000000000053,0.09999999999999964,0.09999999999999964,0.10000000000000053,0.09999999999999964,0.10000000000000053,0.09999999999999964,0.09999999999999964,0.10000000000000053,0.09999999999999964,0.10000000000000053,0.09999999999999964,0.09999999999999964,0.10000000000000053,0.09999999999999964,0.10000000000000053,0.09999999999999964,0.09999999999999964,0.09999999999999964,0.10000000000000142,0.09999999999999964,0.09999999999999964,0.09999999999999964,0.09999999999999964,0.10000000000000142,0.09999999999999964,0.09999999999999964,0.09999999999999964,0.09999999999999964,0.10000000000000142,0.09999999999999964,0.09999999999999964,0.09999999999999964,0.10000000000000142,0.09999999999999964,0.09999999999999964,0.09999999999999964,0.09999999999999964,0.1,0.1,0.10000000000000003,0.09999999999999998,0.09999999999999998,0.10000000000000009,0.09999999999999998,0.09999999999999998,0.09999999999999998,0.09999999999999998,0.10000000000000009,0.10000000000000009,0.09999999999999987,0.10000000000000009,0.09999999999999987,0.10000000000000009,0.10000000000000009,0.09999999999999987,0.10000000000000009,0.09999999999999987,0.10000000000000009,0.10000000000000009,0.10000000000000009,0.10000000000000009,0.09999999999999964,0.10000000000000009,0.10000000000000009,0.10000000000000009,0.10000000000000009,0.09999999999999964,0.10000000000000009,0.10000000000000009,0.10000000000000009,0.10000000000000009,0.09999999999999964,0.10000000000000009,0.10000000000000009,0.10000000000000009,0.10000000000000009,0.09999999999999964,0.10000000000000053,0.09999999999999964,0.09999999999999964,0.10000000000000053,0.09999999999999964,0.10000000000000053,0.09999999999999964,0.10000000000000053,0.09999999999999964,0.09999999999999964,0.10000000000000053,0.09999999999999964,0.10000000000000053,0.09999999999999964,0.09999999999999964,0.10000000000000053,0.09999999999999964,0.10000000000000053,0.09999999999999964,0.09999999999999964,0.10000000000000053,0.09999999999999964,0.10000000000000053,0.09999999999999964,0.09999999999999964,0.10000000000000053,0.09999999999999964,0.10000000000000053,0.09999999999999964,0.09999999999999964,0.10000000000000053,0.09999999999999964,0.10000000000000053,0.09999999999999964,0.09999999999999964,0.10000000000000053,0.09999999999999964,0.10000000000000053,0.09999999999999964,0.09999999999999964,0.09999999999999964,0.10000000000000142,0.09999999999999964,0.09999999999999964,0.09999999999999964,0.09999999999999964,0.10000000000000142,0.09999999999999964,0.09999999999999964,0.09999999999999964,0.09999999999999964,0.10000000000000142,0.09999999999999964,0.09999999999999964,0.09999999999999964,0.10000000000000142,0.09999999999999964,0.09999999999999964,0.09999999999999964,0.09999999999999964,0.1,0.1,0.10000000000000003,0.09999999999999998,0.09999999999999998,0.10000000000000009,0.09999999999999998,0.09999999999999998,0.09999999999999998,0.09999999999999998,0.10000000000000009,0.10000000000000009,0.09999999999999987,0.10000000000000009,0.09999999999999987,0.10000000000000009,0.10000000000000009,0.09999999999999987,0.10000000000000009,0.09999999999999987,0.10000000000000009,0.10000000000000009,0.10000000000000009,0.10000000000000009,0.09999999999999964,0.10000000000000009,0.10000000000000009,0.10000000000000009,0.10000000000000009,0.09999999999999964,0.10000000000000009,0.10000000000000009,0.10000000000000009,0.10000000000000009,0.09999999999999964,0.10000000000000009,0.10000000000000009,0.10000000000000009,0.10000000000000009,0.09999999999999964,0.10000000000000053,0.09999999999999964,0.09999999999999964,0.10000000000000053,0.09999999999999964,0.10000000000000053,0.09999999999999964,0.10000000000000053,0.09999999999999964,0.09999999999999964,0.10000000000000053,0.09999999999999964,0.10000000000000053,0.09999999999999964,0.09999999999999964,0.10000000000000053,0.09999999999999964,0.10000000000000053,0.09999999999999964,0.09999999999999964,0.10000000000000053,0.09999999999999964,0.10000000000000053,0.09999999999999964,0.09999999999999964,0.10000000000000053,0.09999999999999964,0.10000000000000053,0.09999999999999964,0.09999999999999964,0.10000000000000053,0.09999999999999964,0.10000000000000053,0.09999999999999964,0.09999999999999964,0.10000000000000053,0.09999999999999964,0.10000000000000053,0.09999999999999964,0.09999999999999964,0.09999999999999964,0.10000000000000142,0.09999999999999964,0.09999999999999964,0.09999999999999964,0.09999999999999964,0.10000000000000142,0.09999999999999964,0.09999999999999964,0.09999999999999964,0.09999999999999964,0.10000000000000142,0.09999999999999964,0.09999999999999964,0.09999999999999964,0.10000000000000142,0.09999999999999964,0.09999999999999964,0.09999999999999964,0.09999999999999964,0.1,0.1,0.10000000000000003,0.09999999999999998,0.09999999999999998,0.10000000000000009,0.09999999999999998,0.09999999999999998,0.09999999999999998,0.09999999999999998,0.10000000000000009,0.10000000000000009,0.09999999999999987,0.10000000000000009,0.09999999999999987,0.10000000000000009,0.10000000000000009,0.09999999999999987,0.10000000000000009,0.09999999999999987,0.10000000000000009,0.10000000000000009,0.10000000000000009,0.10000000000000009,0.09999999999999964,0.10000000000000009,0.10000000000000009,0.10000000000000009,0.10000000000000009,0.09999999999999964,0.10000000000000009,0.10000000000000009,0.10000000000000009,0.10000000000000009,0.09999999999999964,0.10000000000000009,0.10000000000000009,0.10000000000000009,0.10000000000000009,0.09999999999999964,0.10000000000000053,0.09999999999999964,0.09999999999999964,0.10000000000000053,0.09999999999999964,0.10000000000000053,0.09999999999999964,0.10000000000000053,0.09999999999999964,0.09999999999999964,0.10000000000000053,0.09999999999999964,0.10000000000000053,0.09999999999999964,0.09999999999999964,0.10000000000000053,0.09999999999999964,0.10000000000000053,0.09999999999999964,0.09999999999999964,0.10000000000000053,0.09999999999999964,0.10000000000000053,0.09999999999999964,0.09999999999999964,0.10000000000000053,0.09999999999999964,0.10000000000000053,0.09999999999999964,0.09999999999999964,0.10000000000000053,0.09999999999999964,0.10000000000000053,0.09999999999999964,0.09999999999999964,0.10000000000000053,0.09999999999999964,0.10000000000000053,0.09999999999999964,0.09999999999999964,0.09999999999999964,0.10000000000000142,0.09999999999999964,0.09999999999999964,0.09999999999999964,0.09999999999999964,0.10000000000000142,0.09999999999999964,0.09999999999999964,0.09999999999999964,0.09999999999999964,0.10000000000000142,0.09999999999999964,0.09999999999999964,0.09999999999999964,0.10000000000000142,0.09999999999999964,0.09999999999999964,0.09999999999999964,0.09999999999999964,0.1,0.1,0.10000000000000003,0.09999999999999998,0.09999999999999998,0.10000000000000009,0.09999999999999998,0.09999999999999998,0.09999999999999998,0.09999999999999998,0.10000000000000009,0.10000000000000009,0.09999999999999987,0.10000000000000009,0.09999999999999987,0.10000000000000009,0.10000000000000009,0.09999999999999987,0.10000000000000009,0.09999999999999987,0.10000000000000009,0.10000000000000009,0.10000000000000009,0.10000000000000009,0.09999999999999964,0.10000000000000009,0.10000000000000009,0.10000000000000009,0.10000000000000009,0.09999999999999964,0.10000000000000009,0.10000000000000009,0.10000000000000009,0.10000000000000009,0.09999999999999964,0.10000000000000009,0.10000000000000009,0.10000000000000009,0.10000000000000009,0.09999999999999964,0.10000000000000053,0.09999999999999964,0.09999999999999964,0.10000000000000053,0.09999999999999964,0.10000000000000053,0.09999999999999964,0.10000000000000053,0.09999999999999964,0.09999999999999964,0.10000000000000053,0.09999999999999964,0.10000000000000053,0.09999999999999964,0.09999999999999964,0.10000000000000053,0.09999999999999964,0.10000000000000053,0.09999999999999964,0.09999999999999964,0.10000000000000053,0.09999999999999964,0.10000000000000053,0.09999999999999964,0.09999999999999964,0.10000000000000053,0.09999999999999964,0.10000000000000053,0.09999999999999964,0.09999999999999964,0.10000000000000053,0.09999999999999964,0.10000000000000053,0.09999999999999964,0.09999999999999964,0.10000000000000053,0.09999999999999964,0.10000000000000053,0.09999999999999964,0.09999999999999964,0.09999999999999964,0.10000000000000142,0.09999999999999964,0.09999999999999964,0.09999999999999964,0.09999999999999964,0.10000000000000142,0.09999999999999964,0.09999999999999964,0.09999999999999964,0.09999999999999964,0.10000000000000142,0.09999999999999964,0.09999999999999964,0.09999999999999964,0.10000000000000142,0.09999999999999964,0.09999999999999964,0.09999999999999964,0.09999999999999964,0.1,0.1,0.10000000000000003,0.09999999999999998,0.09999999999999998,0.10000000000000009,0.09999999999999998,0.09999999999999998,0.09999999999999998,0.09999999999999998,0.10000000000000009,0.10000000000000009,0.09999999999999987,0.10000000000000009,0.09999999999999987,0.10000000000000009,0.10000000000000009,0.09999999999999987,0.10000000000000009,0.09999999999999987,0.10000000000000009,0.10000000000000009,0.10000000000000009,0.10000000000000009,0.09999999999999964,0.10000000000000009,0.10000000000000009,0.10000000000000009,0.10000000000000009,0.09999999999999964,0.10000000000000009,0.10000000000000009,0.10000000000000009,0.10000000000000009,0.09999999999999964,0.10000000000000009,0.10000000000000009,0.10000000000000009,0.10000000000000009,0.09999999999999964,0.10000000000000053,0.09999999999999964,0.09999999999999964,0.10000000000000053,0.09999999999999964,0.10000000000000053,0.09999999999999964,0.10000000000000053,0.09999999999999964,0.09999999999999964,0.10000000000000053,0.09999999999999964,0.10000000000000053,0.09999999999999964,0.09999999999999964,0.10000000000000053,0.09999999999999964,0.10000000000000053,0.09999999999999964,0.09999999999999964,0.10000000000000053,0.09999999999999964,0.10000000000000053,0.09999999999999964,0.09999999999999964,0.10000000000000053,0.09999999999999964,0.10000000000000053,0.09999999999999964,0.09999999999999964,0.10000000000000053,0.09999999999999964,0.10000000000000053,0.09999999999999964,0.09999999999999964,0.10000000000000053,0.09999999999999964,0.10000000000000053,0.09999999999999964,0.09999999999999964,0.09999999999999964,0.10000000000000142,0.09999999999999964,0.09999999999999964,0.09999999999999964,0.09999999999999964,0.10000000000000142,0.09999999999999964,0.09999999999999964,0.09999999999999964,0.09999999999999964,0.10000000000000142,0.09999999999999964,0.09999999999999964,0.09999999999999964,0.10000000000000142,0.09999999999999964,0.09999999999999964,0.09999999999999964,0.09999999999999964
