,0,1,2,3,4,5,6,7,8,9,10,11,12,13,14,15,16,17,18,19,20,21,22,23,24,25,26,27,28,29,30,31,32,33,34,35,36,37,38,39,40,41,42,43,44,45,46,47,48,49,50,51,52,53,54,55,56,57,58,59,60,61,62,63,64,65,66,67,68,69,70,71,72,73,74,75,76,77,78,79,80,81,82,83,84,85,86,87,88,89,90,91,92,93,94,95,96,97,98,99,100,101,102,103,104,105,106,107,108,109,110,111,112,113,114,115,116,117,118,119,120,121,122,123,124,125,126,127,128,129,130,131,132,133,134,135,136,137,138,139,140,141,142,143,144,145,146,147,148,149,150,151,152,153,154,155,156,157,158,159,160,161,162,163,164,165,166,167,168,169,170,171,172,173,174,175,176,177,178,179,180,181,182,183,184,185,186,187,188,189,190,191,192,193,194,195,196,197,198,199,200,201,202,203,204,205,206,207,208,209,210,211,212,213,214,215,216,217,218,219,220,221,222,223,224,225,226,227,228,229,230,231,232,233,234,235,236,237,238,239,240,241,242,243,244,245,246,247,248,249,250,251,252,253,254,255,256,257,258,259,260,261,262,263,264,265,266,267,268,269,270,271,272,273,274,275,276,277,278,279,280,281,282,283,284,285,286,287,288,289,290,291,292,293,294,295,296,297,298,299,300,301,302,303,304,305,306,307,308,309,310,311,312,313,314,315,316,317,318,319,320,321,322,323,324,325,326,327,328,329,330,331,332,333,334,335,336,337,338,339,340,341,342,343,344,345,346,347,348,349,350,351,352,353,354,355,356,357,358,359,360,361,362,363,364,365,366,367,368,369,370,371,372,373,374,375,376,377,378,379,380,381,382,383,384,385,386,387,388,389,390,391,392,393,394,395,396,397,398,399,400,401,402,403,404,405,406,407,408,409,410,411,412,413,414,415,416,417,418,419,420,421,422,423,424,425,426,427,428,429,430,431,432,433,434,435,436,437,438,439,440,441,442,443,444,445,446,447,448,449,450,451,452,453,454,455,456,457,458,459,460,461,462,463,464,465,466,467,468,469,470,471,472,473,474,475,476,477,478,479,480,481,482,483,484,485,486,487,488,489,490,491,492,493,494,495,496,497,498,499,500,501,502,503,504,505,506,507,508,509,510,511,512,513,514,515,516,517,518,519,520,521,522,523,524,525,526,527,528,529,530,531,532,533,534,535,536,537,538,539,540,541,542,543,544,545,546,547,548,549,550,551,552,553,554,555,556,557,558,559,560,561,562,563,564,565,566,567,568,569,570,571,572,573,574,575,576,577,578,579,580,581,582,583,584,585,586,587,588,589,590,591,592,593,594,595,596,597,598,599,600,601,602,603,604,605,606,607,608,609,610,611,612,613,614,615,616,617,618,619,620,621,622,623,624,625,626,627,628,629,630,631,632,633,634,635,636,637,638,639,640,641,642,643,644,645,646,647,648,649,650,651,652,653,654,655,656,657,658,659,660,661,662,663,664,665,666,667,668,669,670,671,672,673,674,675,676,677,678,679,680,681,682,683,684,685,686,687,688,689,690,691,692,693,694,695,696,697,698,699,700,701,702,703,704,705,706,707,708,709,710,711,712,713,714,715,716,717,718,719,720,721,722,723,724,725,726,727,728,729,730,731,732,733,734,735,736,737,738,739,740,741,742,743,744,745,746,747,748,749,750,751,752,753,754,755,756,757,758,759,760,761,762,763,764,765,766,767,768,769,770,771,772,773,774,775,776,777,778,779,780,781,782,783,784,785,786,787,788,789,790,791,792,793,794,795,796,797,798,799
fxi,-0.0,-0.0,-0.0,-0.0,-0.0,-0.0,-0.0,-0.0,-0.0,-0.0,-0.0,-0.0,-0.0,-0.0,-0.0,-0.0,-0.0,-0.0,-0.0,-0.0,-0.0,-0.0,-0.0,-0.0,-0.0,-0.0,-0.0,-0.0,-0.0,-0.0,-0.0,-0.0,-0.0,-0.0,-0.0,-0.0,-0.0,-0.0,-0.0,-0.0,-0.0,-0.0,-0.0,-0.0,-0.0,-0.0,-0.0,-0.0,-0.0,-0.0,-0.0,-0.0,-0.0,-0.0,-0.0,-0.0,-0.0,-0.0,-0.0,-0.0,-0.0,-0.0,-0.0,-0.0,-0.0,-0.0,-0.0,-0.0,-0.0,-0.0,-0.0,-0.0,-0.0,-0.0,-0.0,-0.0,-0.0,-0.0,-0.0,-0.0,-0.0,-0.0,-0.0,-0.0,-0.0,-0.0,-0.0,-0.0,-0.0,-0.0,-0.0,-0.0,-0.0,-0.0,-0.0,-0.0,-0.0,-0.0,-0.0,-0.0,-0.0,-0.0,-0.0,-0.0,-0.0,-0.0,-0.0,-0.0,-0.0,-0.0,-0.0,-0.0,-0.0,-0.0,-0.0,-0.0,-0.0,-0.0,-0.0,-0.0,-0.0,-0.0,-0.0,-0.0,-0.0,-0.0,-0.0,-0.0,-0.0,-0.0,-0.0,-0.0,-0.0,-0.0,-0.0,-0.0,-0.0,-0.0,-0.0,-0.0,-0.0,-0.0,-0.0,-0.0,-0.0,-0.0,-0.0,-0.0,-0.0,-0.0,-0.0,-0.0,-0.0,-0.0,-0.0,-0.0,-0.0,-0.0,-0.0,-0.0,-0.0,-0.0,-0.0,-0.0,-0.0,-0.0,-0.0,-0.0,-0.0,-0.0,-0.0,-0.0,-0.0,-0.0,-0.0,-0.0,-0.0,-0.0,-0.0,-0.0,-0.0,-0.0,-0.0,-0.0,-0.0,-0.0,-0.0,-0.0,-0.0,-0.0,-0.0,-0.0,-0.0,-0.0,-0.0,-0.0,-0.0,-0.0,-0.0,-0.0,-0.0,-0.0,-0.0,-0.0,-0.0,-0.0,-0.0,-0.0,-0.0,-0.0,-0.0,-0.0,-0.0,-0.0,-0.0,-0.0,-0.0,-0.0,-0.0,-0.0,-0.0,-0.0,-0.0,-0.0,-0.0,-0.0,-0.0,-0.0,-0.0,-0.0,-0.0,-0.0,-0.0,-0.0,-0.0,-0.0,-0.0,-0.0,-0.0,-0.0,-0.0,-0.0,-0.0,-0.0,-0.0,-0.0,-0.0,-0.0,-0.0,-0.0,-0.0,-0.0,-0.0,-0.0,-0.0,-0.0,-0.0,-0.0,-0.0,-0.0,-0.0,-0.0,-0.0,-0.0,-0.0,-0.0,-0.0,-0.0,-0.0,-0.0,-0.0,-0.0,-0.0,-0.0,-0.0,-0.0,-0.0,-0.0,-0.0,-0.0,-0.0,-0.0,-0.0,-0.0,-0.0,-0.0,-0.0,-0.0,-0.0,-0.0,-0.0,-0.0,-0.0,-0.0,-0.0,-0.0,-0.0,-0.0,-0.0,-0.0,-0.0,-0.0,-0.0,-0.0,-0.0,-0.0,-0.0,-0.0,-0.0,-0.0,-0.0,-0.0,-0.0,-0.0,-0.0,-0.0,-0.0,-0.0,-0.0,-0.0,-0.0,-0.0,-0.0,-0.0,-0.0,-0.0,-0.0,-0.0,-0.0,-0.0,-0.0,-0.0,-0.0,-0.0,-0.0,-0.0,-0.0,-0.0,-0.0,-0.0,-0.0,-0.0,-0.0,-0.0,-0.0,-0.0,-0.0,-0.0,-0.0,-0.0,-0.0,-0.0,-0.0,-0.0,-0.0,-0.0,-0.0,-0.0,-0.0,-0.0,-0.0,-0.0,-0.0,-0.0,-0.0,-0.0,-0.0,-0.0,-0.0,-0.0,-0.0,-0.0,-0.0,-0.0,-0.0,-0.0,-0.0,-0.0,-0.0,-0.0,-0.0,-0.0,-0.0,-0.0,-0.0,-0.0,-0.0,-0.0,-0.0,-0.0,-0.0,-0.0,-0.0,-0.0,-0.0,-0.0,-0.0,-0.0,-0.0,-0.0,-0.0,-0.0,-0.0,-0.0,-0.0,-0.0,-0.0,-0.0,-0.0,-0.0,-0.0,-0.0,-0.0,-0.0,-0.0,-0.0,-0.0,-0.0,-0.0,-0.0,-0.0,-0.0,-0.0,-0.0,-0.0,-0.0,-0.0,-0.0,-0.0,-0.0,-0.0,-0.0,-0.0,-0.0,-0.0,-0.0,-0.0,-0.0,-0.0,-0.0,-0.0,-0.0,-0.0,-0.0,-0.0,-0.0,-0.0,-0.0,-0.0,-0.0,-0.0,-0.0,-0.0,-0.0,-0.0,-0.0,-0.0,-0.0,-0.0,-0.0,-0.0,-0.0,-0.0,-0.0,-0.0,-0.0,-0.0,-0.0,-0.0,-0.0,-0.0,-0.0,-0.0,-0.0,-0.0,-0.0,-0.0,-0.0,-0.0,-0.0,-0.0,-0.0,-0.0,-0.0,-0.0,-0.0,-0.0,-0.0,-0.0,-0.0,-0.0,-0.0,-0.0,-0.0,-0.0,-0.0,-0.0,-0.0,-0.0,-0.0,-0.0,-0.0,-0.0,-0.0,-0.0,-0.0,-0.0,-0.0,-0.0,-0.0,-0.0,-0.0,-0.0,-0.0,-0.0,-0.0,-0.0,-0.0,-0.0,-0.0,-0.0,-0.0,-0.0,-0.0,-0.0,-0.0,-0.0,-0.0,-0.0,-0.0,-0.0,-0.0,-0.0,-0.0,-0.0,-0.0,-0.0,-0.0,-0.0,-0.0,-0.0,-0.0,-0.0,-0.0,-0.0,-0.0,-0.0,-0.0,-0.0,-0.0,-0.0,-0.0,-0.0,-0.0,-0.0,-0.0,-0.0,-0.0,-0.0,-0.0,-0.0,-0.0,-0.0,-0.0,-0.0,-0.0,-0.0,-0.0,-0.0,-0.0,-0.0,-0.0,-0.0,-0.0,-0.0,-0.0,-0.0,-0.0,-0.0,-0.0,-0.0,-0.0,-0.0,-0.0,-0.0,-0.0,-0.0,-0.0,-0.0,-0.0,-0.0,-0.0,-0.0,-0.0,-0.0,-0.0,-0.0,-0.0,-0.0,-0.0,-0.0,-0.0,-0.0,-0.0,-0.0,-0.0,-0.0,-0.0,-0.0,-0.0,-0.0,-0.0,-0.0,-0.0,-0.0,-0.0,-0.0,-0.0,-0.0,-0.0,-0.0,-0.0,-0.0,-0.0,-0.0,-0.0,-0.0,-0.0,-0.0,-0.0,-0.0,-0.0,-0.0,-0.0,-0.0,-0.0,-0.0,-0.0,-0.0,-0.0,-0.0,-0.0,-0.0,-0.0,-0.0,-0.0,-0.0,-0.0,-0.0,-0.0,-0.0,-0.0,-0.0,-0.0,-0.0,-0.0,-0.0,-0.0,-0.0,-0.0,-0.0,-0.0,-0.0,-0.0,-0.0,-0.0,-0.0,-0.0,-0.0,-0.0,-0.0,-0.0,-0.0,-0.0,-0.0,-0.0,-0.0,-0.0,-0.0,-0.0,-0.0,-0.0,-0.0,-0.0,-0.0,-0.0,-0.0,-0.0,-0.0,-0.0,-0.0,-0.0,-0.0,-0.0,-0.0,-0.0,-0.0,-0.0,-0.0,-0.0,-0.0,-0.0,-0.0,-0.0,-0.0,-0.0,-0.0,-0.0,-0.0,-0.0,-0.0,-0.0,-0.0,-0.0,-0.0,-0.0,-0.0,-0.0,-0.0,-0.0,-0.0,-0.0,-0.0,-0.0,-0.0,-0.0,-0.0,-0.0,-0.0,-0.0,-0.0,-0.0,-0.0,-0.0,-0.0,-0.0,-0.0,-0.0,-0.0,-0.0,-0.0,-0.0,-0.0,-0.0,-0.0,-0.0,-0.0,-0.0,-0.0,-0.0,-0.0,-0.0,-0.0,-0.0,-0.0,-0.0,-0.0,-0.0,-0.0,-0.0,-0.0,-0.0,-0.0,-0.0,-0.0,-0.0,-0.0,-0.0,-0.0,-0.0,-0.0,-0.0,-0.0,-0.0,-0.0,-0.0,-0.0,-0.0,-0.0,-0.0,-0.0,-0.0,-0.0,-0.0,-0.0,-0.0,-0.0,-0.0,-0.0,-0.0,-0.0,-0.0,-0.0,-0.0,-0.0,-0.0,-0.0,-0.0,-0.0,-0.0
fyi,0.0,0.0,0.0,0.0,0.0,0.0,0.0,0.0,0.0,0.0,0.0,0.0,0.0,0.0,0.0,0.0,0.0,0.0,0.0,0.0,0.0,0.0,0.0,0.0,0.0,0.0,0.0,0.0,0.0,0.0,0.0,0.0,0.0,0.0,0.0,0.0,0.0,0.0,0.0,0.0,0.0,0.0,0.0,0.0,0.0,0.0,0.0,0.0,0.0,0.0,0.0,0.0,0.0,0.0,0.0,0.0,0.0,0.0,0.0,0.0,0.0,0.0,0.0,0.0,0.0,0.0,0.0,0.0,0.0,0.0,0.0,0.0,0.0,0.0,0.0,0.0,0.0,0.0,0.0,0.0,0.0,0.0,0.0,0.0,0.0,0.0,0.0,0.0,0.0,0.0,0.0,0.0,0.0,0.0,0.0,0.0,0.0,0.0,0.0,0.0,0.0,0.0,0.0,0.0,0.0,0.0,0.0,0.0,0.0,0.0,0.0,0.0,0.0,0.0,0.0,0.0,0.0,0.0,0.0,0.0,0.0,0.0,0.0,0.0,0.0,0.0,0.0,0.0,0.0,0.0,0.0,0.0,0.0,0.0,0.0,0.0,0.0,0.0,0.0,0.0,0.0,0.0,0.0,0.0,0.0,0.0,0.0,0.0,0.0,0.0,0.0,0.0,0.0,0.0,0.0,0.0,0.0,0.0,0.0,0.0,0.0,0.0,0.0,0.0,0.0,0.0,0.0,0.0,0.0,0.0,0.0,0.0,0.0,0.0,0.0,0.0,0.0,0.0,0.0,0.0,0.0,0.0,0.0,0.0,0.0,0.0,0.0,0.0,0.0,0.0,0.0,0.0,0.0,0.0,0.0,0.0,0.0,0.0,0.0,0.0,0.0,0.0,0.0,0.0,0.0,0.0,0.0,0.0,0.0,0.0,0.0,0.0,0.0,0.0,0.0,0.0,0.0,0.0,0.0,0.0,0.0,0.0,0.0,0.0,0.0,0.0,0.0,0.0,0.0,0.0,0.0,0.0,0.0,0.0,0.0,0.0,0.0,0.0,0.0,0.0,0.0,0.0,0.0,0.0,0.0,0.0,0.0,0.0,0.0,0.0,0.0,0.0,0.0,0.0,0.0,0.0,0.0,0.0,0.0,0.0,0.0,0.0,0.0,0.0,0.0,0.0,0.0,0.0,0.0,0.0,0.0,0.0,0.0,0.0,0.0,0.0,0.0,0.0,0.0,0.0,0.0,0.0,0.0,0.0,0.0,0.0,0.0,0.0,0.0,0.0,0.0,0.0,0.0,0.0,0.0,0.0,0.0,0.0,0.0,0.0,0.0,0.0,0.0,0.0,0.0,0.0,0.0,0.0,0.0,0.0,0.0,0.0,0.0,0.0,0.0,0.0,0.0,0.0,0.0,0.0,0.0,0.0,0.0,0.0,0.0,0.0,0.0,0.0,0.0,0.0,0.0,0.0,0.0,0.0,0.0,0.0,0.0,0.0,0.0,0.0,0.0,0.0,0.0,0.0,0.0,0.0,0.0,0.0,0.0,0.0,0.0,0.0,0.0,0.0,0.0,0.0,0.0,0.0,0.0,0.0,0.0,0.0,0.0,0.0,0.0,0.0,0.0,0.0,0.0,0.0,0.0,0.0,0.0,0.0,0.0,0.0,0.0,0.0,0.0,0.0,0.0,0.0,0.0,0.0,0.0,0.0,0.0,0.0,0.0,0.0,0.0,0.0,0.0,0.0,0.0,0.0,0.0,0.0,0.0,0.0,0.0,0.0,0.0,0.0,0.0,0.0,0.0,0.0,0.0,0.0,0.0,0.0,0.0,0.0,0.0,0.0,0.0,0.0,0.0,0.0,0.0,0.0,0.0,0.0,0.0,0.0,0.0,0.0,0.0,0.0,0.0,0.0,0.0,0.0,0.0,0.0,0.0,0.0,0.0,0.0,0.0,0.0,0.0,0.0,0.0,0.0,0.0,0.0,0.0,0.0,0.0,0.0,0.0,0.0,0.0,0.0,0.0,0.0,0.0,0.0,0.0,0.0,0.0,0.0,0.0,0.0,0.0,0.0,0.0,0.0,0.0,0.0,0.0,0.0,0.0,0.0,0.0,0.0,0.0,0.0,0.0,0.0,0.0,0.0,0.0,0.0,0.0,0.0,0.0,0.0,0.0,0.0,0.0,0.0,0.0,0.0,0.0,0.0,0.0,0.0,0.0,0.0,0.0,0.0,0.0,0.0,0.0,0.0,0.0,0.0,0.0,0.0,0.0,0.0,0.0,0.0,0.0,0.0,0.0,0.0,0.0,0.0,0.0,0.0,0.0,0.0,0.0,0.0,0.0,0.0,0.0,0.0,0.0,0.0,0.0,0.0,0.0,0.0,0.0,0.0,0.0,0.0,0.0,0.0,0.0,0.0,0.0,0.0,0.0,0.0,0.0,0.0,0.0,0.0,0.0,0.0,0.0,0.0,0.0,0.0,0.0,0.0,0.0,0.0,0.0,0.0,0.0,0.0,0.0,0.0,0.0,0.0,0.0,0.0,0.0,0.0,0.0,0.0,0.0,0.0,0.0,0.0,0.0,0.0,0.0,0.0,0.0,0.0,0.0,0.0,0.0,0.0,0.0,0.0,0.0,0.0,0.0,0.0,0.0,0.0,0.0,0.0,0.0,0.0,0.0,0.0,0.0,0.0,0.0,0.0,0.0,0.0,0.0,0.0,0.0,0.0,0.0,0.0,0.0,0.0,0.0,0.0,0.0,0.0,0.0,0.0,0.0,0.0,0.0,0.0,0.0,0.0,0.0,0.0,0.0,0.0,0.0,0.0,0.0,0.0,0.0,0.0,0.0,0.0,0.0,0.0,0.0,0.0,0.0,0.0,0.0,0.0,0.0,0.0,0.0,0.0,0.0,0.0,0.0,0.0,0.0,0.0,0.0,0.0,0.0,0.0,0.0,0.0,0.0,0.0,0.0,0.0,0.0,0.0,0.0,0.0,0.0,0.0,0.0,0.0,0.0,0.0,0.0,0.0,0.0,0.0,0.0,0.0,0.0,0.0,0.0,0.0,0.0,0.0,0.0,0.0,0.0,0.0,0.0,0.0,0.0,0.0,0.0,0.0,0.0,0.0,0.0,0.0,0.0,0.0,0.0,0.0,0.0,0.0,0.0,0.0,0.0,0.0,0.0,0.0,0.0,0.0,0.0,0.0,0.0,0.0,0.0,0.0,0.0,0.0,0.0,0.0,0.0,0.0,0.0,0.0,0.0,0.0,0.0,0.0,0.0,0.0,0.0,0.0,0.0,0.0,0.0,0.0,0.0,0.0,0.0,0.0,0.0,0.0,0.0,0.0,0.0,0.0,0.0,0.0,0.0,0.0,0.0,0.0,0.0,0.0,0.0,0.0,0.0,0.0,0.0,0.0,0.0,0.0,0.0,0.0,0.0,0.0,0.0,0.0,0.0,0.0,0.0,0.0,0.0,0.0,0.0,0.0,0.0,0.0,0.0,0.0,0.0,0.0,0.0,0.0,0.0,0.0,0.0,0.0
fzi,0.014106692547784405,0.018178981987603038,0.024443514060294547,0.0313271055417772,0.03783118193223345,0.04331403969308667,0.04736461748075271,0.04972267137077324,0.05022739747369087,0.04878334931390782,0.04533727871415749,0.03986208338483266,0.03234552018801651,0.02278222219669601,0.011168107995693788,-0.0025033608125042406,-0.01824334424202334,-0.036068240420604525,-0.05599852083071255,-0.0780552034404991,-0.10225285896058267,-0.12858719532709983,-0.1570138280884521,-0.18741234119568162,-0.21952527624102913,-0.2528534794605548,-0.28647393751339223,-0.31871521991797636,-0.3465792390225033,-0.364545513662506,0.3354582842439413,0.3325592752059947,0.32811838159705076,0.322611811299339,0.3163363643586763,0.3095365004855921,0.30240502341177944,0.2950905356749445,0.28770580211562446,0.28033584356035135,0.2730449149664764,0.2658822091028128,0.25888639207329334,0.25208917160045985,0.24551810806977414,0.23919885374891692,0.2331569702399392,0.22741943945666954,0.22201595198127677,0.21698003070727623,0.21235002566180583,0.20816999775342993,0.20449049301731748,0.2013691933506152,0.19887141289518695,0.19707038780222774,0.19604727681507939,0.19589074308828458,0.19669591161186872,0.19856236884095324,0.20159065390498654,0.20587631564762887,0.2114999532911952,0.21851049377869458,0.22689685533782722,0.2365392643416726,0.24712420232344812,0.2579927353988296,0.267868270546046,0.2743600432373796,0.009823809216982227,0.0052991474188957,-0.0017177724935208971,-0.0097784794004383,-0.018117076243129304,-0.026329536451498825,-0.034208729529893844,-0.04165388170963524,-0.0486211497289446,-0.05509630621565975,-0.06107959825982334,-0.0665774022591279,-0.0715977226281268,-0.07614788845152987,-0.08023352376622661,-0.08385827378560862,-0.08702400364649066,-0.08973132554626773,-0.0919803969522377,-0.0937719928301135,-0.09510890262174598,-0.09599775013919043,-0.09645138990515534,-0.09649210665691044,-0.09615594780893844,-0.09549866901818405,-0.09460399225008587,-0.09359522324984937,-0.09265146836878557,-0.09203264185543958,4.7381563387034475,4.738962308280861,4.740441819438274,4.742025570323676,4.743272924791199,4.743964979936209,4.7440159127454535,4.743405329978486,4.742134992539832,4.740203000199472,4.737588819976736,4.734244674882575,4.730090442202709,4.725010292090701,4.71884998736823,4.71141419912783,4.702463518785635,4.6917111380163306,4.678819556939288,4.663398303428039,4.645004765406611,4.623152289915197,4.597333520394386,4.567074065507768,4.532045018848294,4.49228826385297,4.448657337112309,4.403663941309787,4.363081557725309,4.337944691933444,-7.76770610083986,-7.887265547667994,-8.01216619351544,-8.037035798584839,-7.8939437127774,-7.549398949558963,-6.9994367072758905,-6.262620689922187,-5.372569928615121,-4.37098838948441,-3.3017916787011927,-2.2066317215039817,-1.121888812207544,-0.07702169391359348,0.905954865574131,1.8121566032541523,2.6329784708898387,3.3649689572338843,4.008635184243985,4.567318795456686,5.046223145271142,5.451625403489743,5.790274914648762,6.0689601140202285,6.294217534170457,6.472154619048524,6.608360383826039,6.707882319673445,6.775252985686166,6.81455465612089,6.829514769546222,6.823628514030133,6.8003074046082475,6.7630536156539165,6.715657891083538,6.662411265715491,6.608301396097886,6.559117370963577,6.521279467817294,6.5007855247076805,-2.00246029750906,-2.0013977434518893,-2.0000293666726066,-1.9985666101147217,-1.9970117186826428,-1.9953456929902131,-1.9935557521857845,-1.9916406990669202,-1.9896096868053519,-1.9874796049753058,-1.9852724852785286,-1.9830133001358945,-1.9807281865919464,-1.978443031217239,-1.9761823351365138,-1.9739682915455887,-1.971820023168675,-1.969752952219551,-1.96777829920984,-1.9659027405512006,-1.9641283042979012,-1.9624526596307987,-1.9608700771455005,-1.9593735333351106,-1.957958741382754,-1.9566313305858785,-1.9554188892943785,-1.9543889979590858,-1.9536690982231448,-1.9533740134415893,2.6479634735078434,2.6473709400797816,2.6463619270653,2.6448462752932755,2.642706933460431,2.6398937793510413,2.636401637464587,2.6322464477534595,2.6274481941054546,2.6220202089671147,2.615962853603378,2.609259863138959,2.601876109395562,2.5937559146259446,2.584821309542349,2.5749698086319768,2.56407141635799,2.5519647345824836,2.538452283223023,2.5232955921910616,2.5062114666336583,2.486872429424693,2.464917366582995,2.439984081674538,2.4117861908571285,2.3802771381942875,2.3459831870759444,2.310658888193757,2.2785486493339704,2.2581750888130045,-1.3357766980825545,-1.3218336208346955,-1.3037839009048184,-1.280585005741159,-1.2453302240701305,-1.1902127621797263,-1.1087645848638203,-0.9967826357169542,-0.8525362092805153,-0.6765930064930217,-0.4714510273106498,-0.24108734199853643,0.009507554909760074,0.2747667238922986,0.548929099751831,0.8263534034642817,1.1017589571672488,1.3703953343502349,1.6281473686826757,1.8715848985739285,2.0979680375305634,2.3052190409771356,2.4918712959197364,2.6570048945991402,2.8001769203942786,2.9213531864506876,3.020846876415817,3.0992684395837387,3.1574902369611664,3.1966288045150577,3.2180471292140282,3.2233788471603475,3.2145754517114256,3.19397579355973,3.1643931143626105,3.129206021194477,3.0924209277254704,3.058632485583985,3.032723651923334,3.01888233344107,-1.0565709085926756,-1.0588908744448418,-1.0626476298639318,-1.0669322441531222,-1.071218656932615,-1.0752404247737104,-1.078877204176024,-1.0820889631791033,-1.0848787836848715,-1.0872719765688998,-1.0893043580857125,-1.0910156862454699,-1.0924460126680486,-1.093633684132982,-1.094614275506217,-1.0954200491496522,-1.096079711971015,-1.0966183486842738,-1.0970574721118282,-1.0974151754385275,-1.0977064050725858,-1.097943402182409,-1.0981363982214134,-1.0982946822259692,-1.0984281855921836,-1.0985496841763052,-1.0986774185521426,-1.09883645644868,-1.0990521524270207,-1.0992765847572628,-0.016732846901732046,-0.013722508191676752,-0.009098872851154738,-0.0040210910777886966,0.0007899826659922837,0.004881157113914014,0.007968657836727289,0.009877269576293202,0.010501940176482094,0.009782792522400996,0.007688447700559209,0.00420466001389741,-0.0006735437524412191,-0.006947330331570356,-0.014617812369401406,-0.023688488615221104,-0.03416657105373133,-0.04606322581892641,-0.05939257245773888,-0.07416904998365226,-0.09040240687772894,-0.10808900631474216,-0.1271971853070113,-0.1476427528707518,-0.16924776967130128,-0.1916703528625021,-0.2142832069519045,-0.2359581526244483,-0.2546836700789754,-0.2667657386349447,0.22893474193313068,0.22576966340159288,0.2209090274935761,0.21507044427937672,0.208677499245141,0.20202272979327063,0.19530675623400384,0.18866571807620858,0.1821900581085174,0.17593798217910717,0.16994519749346182,0.1642320253903904,0.15880863921881883,0.15367895591884917,0.14884355579079056,0.14430189747558586,0.140054018829872,0.13610186041271177,0.13245030919234324,0.12910803179664754,0.12608814537586,0.12340875773082871,0.12109339489012427,0.11917132194696478,0.11767775042017092,0.11665391004862613,0.11614694205479736,0.116209539146098,0.11689920667288334,0.11827693450527477,0.12040492519975032,0.12334277520039905,0.12714107042432943,0.13183058368338152,0.13740386236662516,0.14378340956216107,0.1507658021939733,0.15792162178894387,0.16441523118874102,0.16867775080754654,0.021339330895671083,0.01835488671559915,0.013733219819243914,0.008427247437737151,0.0029414401105896104,-0.002456949709312539,-0.007630271973539493,-0.012511256040625085,-0.017070562520075327,-0.021298754946769805,-0.025196232122397078,-0.028767620754564405,-0.032018702424437606,-0.03495479828006154,-0.037580005128243776,-0.03989694195379201,-0.041906819610545654,-0.04360973849775007,-0.04500517744708077,-0.04609267881116352,-0.04687277045633209,-0.04734820359027481,-0.0475256344308832,-0.04741794865435622,-0.04704753697490105,-0.04645100716197703,-0.04568611061262118,-0.04484218602863166,-0.04405606302606202,-0.04353858983347436,0.3129500772108713,0.3118857897898124,0.3102799276184669,0.3083114885394025,0.30585660090946476,0.3026859256915486,0.29855843854602426,0.293260244292469,0.28661683219252154,0.2784933013936097,0.2687895646340621,0.2574338638369227,0.24437612509427709,0.22958180399655248,0.21302646231924882,0.19469115166793927,0.17455865415467997,0.15261070643464336,0.12882651076142793,0.10318315996482852,0.07565916111707338,0.04624320903531043,0.014952057335904101,-0.01813563861651346,-0.0528171312653285,-0.088652429780268,-0.12475825480214553,-0.1594287158213774,-0.18944114745863772,-0.20870670861904728,0.037981520419862136,0.04804382037855248,0.06335951471373846,0.08015093445465027,0.09651434762417921,0.11157676050424925,0.12501221001002705,0.13677925540469005,0.1469787782516505,0.15577636817033635,0.16335991844243836,0.16991671646246687,0.1756215039822564,0.18063081987929763,0.18508101795669063,0.1890884912609181,0.19275126263892162,0.19615144795534434,0.19935828963207314,0.202431563699065,0.20542521973402472,0.208391145341011,0.21138296106437338,0.21445975912502035,0.21768969728509546,0.2211533485315158,0.22494668102808646,0.22918349166138796,0.23399701861126232,0.23954028130538063,0.24598437441454735,0.2535133661367581,0.26231341222592164,0.27255181503278436,0.284338303757977,0.2976543653749104,0.31222424166662677,0.3272773943226639,0.34111173796554795,0.3503000527118729,0.029618865428801655,0.0164663548007411,-0.004035565283629694,-0.027707046954674297,-0.05234169324467075,-0.07678032698277093,-0.10042914647056023,-0.1229970571675949,-0.14435348172628437,-0.16445069166002213,-0.18328143946564524,-0.20085615479547414,-0.21719110844423994,-0.2323027813617955,-0.24620578130270587,-0.2589128269100911,-0.27043598748059594,-0.28078874979837565,-0.2899887020030292,-0.29806074130829074,-0.3050407534465194,-0.3109796769240347,-0.31594772078278766,-0.3200381682454463,-0.32336949623459077,-0.32608311120566214,-0.32833111158288375,-0.3302425612228035,-0.331845844160398,-0.33290569148857685,9.899487397811754,9.902344925510988,9.908155749886646,9.915978127275594,9.925040127818647,9.934984086066834,9.945702394732507,9.957215614922461,9.969597803297802,9.98293469172495,9.997301713592606,10.012753516202793,10.029319914523512,10.047005359228933,10.065790238266345,10.085633089649491,10.106473224819638,10.128233503404772,10.150823119358392,10.17414027362247,10.198074517014902,10.22250827998505,10.247316492255777,10.272361910960171,10.297480996203376,10.3224490624998,10.346899711948936,10.370136771001853,10.390696526228567,10.40480069250043,-51.09412132302168,-51.27413528021134,-51.503329720246256,-51.65431638585869,-51.62081916251918,-51.303809887729585,-50.59997487964574,-49.39219536597375,-47.54391711729113,-44.90107941220049,-41.30823512439383,-36.645416524261236,-30.883726156956982,-24.14081590308342,-16.70526419574162,-9.00501169799827,-1.5216598606202751,5.317792182904668,11.226585879805498,16.089623969164677,19.93883195926901,22.897236890916247,25.122655146580655,26.769680014287587,27.97178023168817,28.836669443466235,29.447960063174833,29.86906272021588,30.14740764297312,30.318221050547436,30.40764420153573,30.435221692954656,30.415872755285818,30.361478383274516,30.28220726858126,30.187678424612386,30.088013998174574,29.994736356267822,29.921211857683375,29.88086053072402,-7.695829204229085,-7.678495104835747,-7.652664221030136,-7.623759305293788,-7.594204067136161,-7.565135462384205,-7.53706625540508,-7.510208173975116,-7.4846309756539995,-7.460341855010483,-7.437324449507287,-7.4155570558214094,-7.395020076932269,-7.37569792062277,-7.357578088834998,-7.3406488959735725,-7.324896570717101,-7.310302147947368,-7.296838413138175,-7.284467149176635,-7.273137053940445,-7.262782971112756,-7.253327582264319,-7.244687596685253,-7.236787965637632,-7.229590009395906,-7.223142654780531,-7.217666841293976,-7.2136690295756125,-7.211752972596514,1.2129214184606099,1.210366804619298,1.206508105005014,1.2020849548880506,1.1973503835251904,1.1923541960131843,1.1870585772267077,1.1813910623422998,1.1752679739147425,1.1686040926724672,1.16131583729657,1.1533214375995158,1.1445397683673946,1.1348886307496286,1.1242828410977381,1.1126322945856373,1.0998401107572136,1.0858010043484683,1.0704001612866705,1.0535131835131324,1.0350081909564324,1.0147521284670802,0.9926250670141599,0.9685494745972392,0.9425473259980208,0.9148489739236538,0.8860987062653294,0.8577417683372914,0.8327450442948248,0.8167894308880932,-1.020879639658233,-1.021031715652498,-1.0256132898521173,-1.0339036990299064,-1.041963625975768,-1.045046485374769,-1.0387160624813987,-1.0193405166792218,-0.9842667207631166,-0.931835854316887,-0.8613211891861283,-0.7728294613407343,-0.6671871128710336,-0.5458224314934341,-0.41064937831106363,-0.26395623577263905,-0.10830086866189959,0.053586292546242476,0.21889081742119743,0.3847939242841676,0.5485429909822415,0.7075129745790036,0.8592590944899712,1.001561478638905,1.1324628428992582,1.250300651692669,1.3537355704029324,1.4417783414319274,1.5138174550738768,1.5696500761332572,1.6095185128579033,1.634153847626294,1.644826754265523,1.6434021649074566,1.6323876525711967,1.614951828843914,1.5948620314993605,1.576235337586695,1.56289377185567,1.5568475531297281,-0.6924889343783889,-0.7016947266092757,-0.7161377782285854,-0.7325695013823861,-0.7492747776286706,-0.7654064734560961,-0.7805797543187509,-0.7946519508877827,-0.8076044152076065,-0.819479162877542,-0.8303451206702448,-0.840280477055785,-0.8493638192448998,-0.8576700533631083,-0.8652689083428413,-0.8722248165940982,-0.8785975135942863,-0.884443004088098,-0.889814704987657,-0.8947646526976314,-0.899344674708118,-0.9036073725983442,-0.9076066133802669,-0.9113969050940796,-0.9150303781407274,-0.9185487529503007,-0.9219648920425243,-0.9252222816003268,-0.9281080344981092,-0.9300383611164307,-0.003875036482043015,-0.00383830961447984,-0.0037968378230743838,-0.0038178637778401026,-0.0039792760617274325,-0.00435305792507279,-0.0049985371178991045,-0.005961393740562926,-0.00727510267188336,-0.008963189883615996,-0.011041578670301533,-0.013520731135031383,-0.016407487770266016,-0.019706592835973424,-0.02342192360720219,-0.02755744362821133,-0.03211788543649163,-0.03710913916074787,-0.04253827558204648,-0.048413055025775975,-0.0547406458081241,-0.06152505913496498,-0.06876243256738235,-0.076432631174157,-0.08448443994348054,-0.09280940639791879,-0.10119523328262403,-0.10924123603308544,-0.11620540183480443,-0.12069444579844912,0.030064919306312277,0.03088345134881365,0.03214666893700269,0.033473449253733634,0.03467407705329606,0.035670636049417226,0.03644136712409818,0.03699166350679661,0.037339109594995534,0.03750591460538999,0.037515209259254334,0.037389358860309585,0.037149318612136994,0.036814516519370954,0.03640299280050385,0.03593165493748529,0.03541657677578769,0.03487330688221846,0.034317170428948884,0.033763558327336796,0.03322820184803277,0.03272743239267584,0.03227842637897993,0.031899433958642476,0.03160998854582431,0.031431090580554155,0.03138535322250391,0.031497087602474494,0.03179228749741014,0.03229844185807451,0.03304404752270784,0.034057594386922574,0.03536561477676514,0.036989061252825195,0.03893667382953936,0.04119286880677464,0.043695533382560825,0.046294985123722654,0.04867810310167897,0.050239022058406135,0.0650979812893695,0.062086247265256134,0.057412801171722094,0.0520211767152432,0.046410506967049514,0.04084652563369673,0.035467310017338605,0.030341413555561303,0.025499691458207963,0.02095298590757011,0.016702006572359096,0.012742835393964924,0.009069940313111147,0.005677750707491214,0.002561387821515382,-0.00028311522692092694,-0.0028589176927198423,-0.005168700063677534,-0.007215169085611706,-0.009001720457490592,-0.010533256553117099,-0.011817159852853365,-0.012864409855410486,-0.013690790605323855,-0.014318041835849726,-0.014774604701869976,-0.015095192252829293,-0.015317547532049502,-0.015473148492105793,-0.015567028526703552
mxi,1.4944384018467147,1.4968232533616384,1.4995218791613212,1.5023367472388003,1.505036955749219,1.5074196796246788,1.5093187236642507,1.5106030351158175,1.5111724555583912,1.5109531540665344,1.509893472442048,1.507960404559654,1.5051367536472675,1.501418957406642,1.496815563531058,1.49134635070142,1.4850421135803273,1.4779451617014132,1.470110623411962,1.4616086992767663,1.4525280793193929,1.442980827951125,1.4331091482185485,1.4230945414377203,1.4131698961488794,1.4036346494798977,1.3948714640155515,1.3873549041182898,1.3816196710627153,1.377932297382749,-1.1145242507631323,-1.1164067572940937,-1.1176516391036628,-1.1185169895740827,-1.1191000275627232,-1.1194469267167477,-1.119580062541381,-1.1195110191875344,-1.119246490648905,-1.118791136316716,-1.1181489007715726,-1.1173235446527983,-1.1163187609829492,-1.1151380772953772,-1.1137846536561895,-1.1122610389383212,-1.1105689222248074,-1.1087089030373463,-1.1066802978861787,-1.1044809985062258,-1.1021073974606637,-1.0995543986828906,-1.0968155335730074,-1.0938832073655895,-1.0907491057918648,-1.0874047989822486,-1.0838425887997047,-1.0800566584629223,-1.0760446010364078,-1.0718094284483044,-1.0673621982830923,-1.062725445530031,-1.0579376742873308,-1.0530592491523159,-1.0481801085932965,-1.0434297114153743,-1.0389892089235993,-1.0351034878794998,-1.032082032724249,-1.0302086864580033,-0.36277492610606465,-0.36225415532318195,-0.36244391693087863,-0.36323316291487373,-0.3644621637889447,-0.36599645682606763,-0.36773061117531114,-0.3695832339694096,-0.37149113851320337,-0.37340459792535263,-0.3752838068388886,-0.37709634199775977,-0.37881537944676147,-0.38041846999877293,-0.3818867256093217,-0.38320431184038206,-0.3843581737188604,-0.3853379456591073,-0.38613601276453746,-0.3867477024103252,-0.3871715927149548,-0.3874099286222288,-0.38746913623125856,-0.38736041949266653,-0.3871004045676152,-0.3867117509189031,-0.3862235382758037,-0.3856709278641324,-0.3850928291553175,-0.3845212695990661,-3.6037945443604773,-3.612945914870071,-3.6275973197522724,-3.6468573735994596,-3.6696740306860214,-3.6952431654250617,-3.7229955058841213,-3.7525393953806088,-3.783607290911604,-3.8160147782242433,-3.8496307372234995,-3.88435591299843,-3.920107431768919,-3.956807384043536,-3.994374102602322,-4.0327151363081555,-4.071721163515804,-4.11126023252487,-4.151171766971643,-4.191259739103344,-4.2312842812524565,-4.27095074696328,-4.309894797643111,-4.3476613973379585,-4.3836745473118555,-4.417193081332016,-4.447246392933991,-4.472543640262657,-4.491375731521188,-4.501599935706736,-3.4057866776421406,-3.3539219023452915,-3.2539220655900465,-3.0946476803514997,-2.8663368136426186,-2.564406776438858,-2.190220128321954,-1.7505175307966567,-1.2561508980699045,-0.7205641042087336,-0.15830748641266723,0.4162353692290708,0.9898158792984191,1.5509584653768798,2.090292020962778,2.6006288124665957,3.076857910216006,3.515719878013158,3.9155202956217465,4.275826344300754,4.597176766140905,4.880823295450881,5.128512195525147,5.342307955615695,5.524457135534703,5.677288209159883,5.803142469709002,5.904331128811208,5.98311429976242,6.041698347385207,6.082248942709967,6.106917961448346,6.117882999789828,6.117398574503646,6.107857639652835,6.091859818754969,6.072275894095334,6.052274730500315,6.0352114636281655,6.02378300719511,0.7753934590425615,0.7682876415560358,0.7607409342623974,0.7528443396112188,0.7447085359157803,0.7364284205757805,0.7280811327439842,0.7197286312759594,0.7114207171233851,0.7031975565320998,0.6950916322846084,0.6871292239157007,0.6793315382597243,0.6717155959588563,0.6642949596803902,0.657080375682698,0.6500803933606463,0.643302027844955,0.6367515395602652,0.6304354244306456,0.6243617394754395,0.6185419383891775,0.6129934619322572,0.607743423668273,0.6028338421780113,0.5983289314934108,0.5943247316005742,0.5909595822774807,0.5884170115255389,0.5868541802715672,2.5889961949560583,2.5958626274611145,2.606977726483322,2.621646284906703,2.63904908435574,2.658552090195897,2.679697147008106,2.7021590206349018,2.7257051519135658,2.7501647805372684,2.7754064501992914,2.801321865758368,2.8278142893587557,2.8547901045400224,2.882152562331598,2.9097970071860715,2.93760707121767,2.965451437181173,2.993180813364802,3.020624741152858,3.0475877547028603,3.0738442129300125,3.0991307856015453,3.1231350402706823,3.1454777806443417,3.1656857011680586,3.1831500075073222,3.1970675257399535,3.2063807546524146,3.209823133567596,0.14900699366181414,0.13604234130423265,0.10986648046383607,0.06910260005771818,0.012634959607709106,-0.06066702700165649,-0.15162969429596274,-0.2605381874448085,-0.3870218314614675,-0.5300418467418382,-0.6879513149903005,-0.8586007363470571,-1.0394675320004296,-1.2277927544167966,-1.420712689621638,-1.6153769246793814,-1.8090477782165806,-1.9991787305341404,-2.183471634337451,-2.3599140584609444,-2.526799164947292,-2.6827311179768856,-2.826619258792391,-2.957664245057444,-3.075339132317481,-3.1793680439935343,-3.269704694777701,-3.346512643345477,-3.410148780977387,-3.4611512234799306,-3.500232456980349,-3.5282782668659394,-3.546352589998037,-3.5557078474809245,-3.557799268691106,-3.5542995451695205,-3.5471052505451297,-3.5383126393086997,-3.5301043258738467,-3.524243530791715,-0.5893885100302825,-0.5848963247324335,-0.5796370478878963,-0.57376512526419,-0.5674511053419398,-0.5608345736593598,-0.554024685538911,-0.5471062687124171,-0.5401456608443151,-0.5331952394126471,-0.5262967537949397,-0.519483743680107,-0.5127833042947785,-0.5062174000310087,-0.4998038763751964,-0.49355728288891676,-0.4874895967383601,-0.4816109250470406,-0.4759302640461449,-0.47045640376514,-0.46519909041591134,-0.4601705976481405,-0.45538791642617227,-0.450875853866048,-0.4466714266191385,-0.44282999062642325,-0.43943336516237563,-0.436598730978746,-0.43448123198086464,-0.43321405211931285,-1.0669241503139375,-1.0686649652363922,-1.070680166596759,-1.0728232459319713,-1.074925459190574,-1.0768403240709006,-1.0784488892491844,-1.0796579340399823,-1.0803964263844144,-1.0806119374609722,-1.0802674772903451,-1.0793388659103584,-1.0778126410070499,-1.0756844742419673,-1.0729580696557228,-1.0696445303695334,-1.0657621982794154,-1.0613369943180828,-1.0564033150458023,-1.0510055768443891,-1.0452005443579893,-1.0390606369826116,-1.032678474344145,-1.0261729828835158,-1.0196973828590714,-1.0134490867343402,-1.0076803556876612,-1.002703111489467,-0.9988659279301118,-0.996329179270731,0.8036266913950882,0.8050785741016,0.8062268232579513,0.8072202803762067,0.8080829957862363,0.8088101636682836,0.8093888739946777,0.809806352089339,0.8100527282901808,0.8101217615970029,0.8100106798993352,0.8097196582330497,0.8092511703401613,0.8086093261856284,0.8077992495265498,0.8068265207411187,0.8056966961740812,0.8044149083791012,0.8029855490426918,0.8014120359105981,0.7996966659378764,0.7978405586629833,0.7958436962736215,0.7937050699840036,0.791422946316235,0.7889952719654829,0.7864202426176199,0.7836970701261308,0.7808269949473186,0.7778146082562536,0.7746695728774284,0.7714088667443448,0.7680597196437233,0.7646634733238002,0.7612806549081981,0.757997555438866,0.754934344837423,0.7522532440886245,0.7501595553796321,0.7488435491700347,0.27224612995989084,0.2718380836413594,0.2718801730525975,0.27230340146638277,0.27300492406912724,0.2738978087901742,0.2749138708901473,0.27600058897679425,0.27711736417164445,0.27823243887570914,0.2793205799198981,0.2803614027262613,0.2813381854321202,0.28223704761402235,0.28304640004487513,0.2837565986557138,0.2843597566854852,0.28484968406258204,0.28522193415133046,0.28547394604616727,0.2856052763977823,0.2856179186107841,0.28551670890906244,0.2853098167979784,0.2850093078227207,0.28463173796487107,0.2841986624790591,0.2837366994020716,0.28327613348390024,0.2828424164696921,-0.8200853011116438,-0.8209277476748973,-0.8210768962042216,-0.8205171059294791,-0.819226698194651,-0.8171668111377492,-0.8142925789649968,-0.8105621228258837,-0.8059420944317068,-0.8004106195250458,-0.7939585854783235,-0.7865899590383165,-0.7783215963298034,-0.7691828530226346,-0.7592152070608407,-0.7484720540156715,-0.7370188147236547,-0.724933500976892,-0.7123079154523779,-0.699249719991883,-0.6858856961395503,-0.6723666524865308,-0.6588746107774917,-0.6456331199524428,-0.6329217416841715,-0.6210956346671992,-0.6106098161070115,-0.6020402212639766,-0.5960685648230672,-0.5931741676902185,0.42348335442185814,0.4227575025459771,0.4196336362564743,0.4146294248623299,0.4082570221461843,0.4009028684017615,0.3928418850624169,0.384265102232181,0.3753038640864155,0.36604826637330135,0.3565606350003492,0.3468852165000449,0.3370550668363741,0.3270968742411142,0.3170342460808939,0.306889840857,0.2966866240904622,0.28644845829096965,0.2762001919776331,0.26596738319039304,0.25577577387241845,0.24565061948885614,0.2356159711684036,0.22569400438541365,0.2159044883963297,0.20626449465832408,0.19678845137413248,0.18748866707939627,0.1783764719040697,0.16946416539246556,0.16076802109432364,0.1523126892636668,0.14413747000678612,0.13630510638533266,0.12891395410688844,0.12211450488457487,0.1161308232976701,0.11128426704587113,0.10800368461440257,0.10670290600224064,0.37339970992474036,0.3748697480898393,0.3785321515397442,0.38404003344151505,0.3909164796796105,0.39876104743741436,0.40725836733163945,0.41616258886762303,0.42528013540920284,0.43445594718224,0.4435633875141054,0.4524971061663834,0.4611681014358968,0.4695003721053528,0.47742870885637956,0.4848973023329126,0.4918589379186624,0.4982746109034437,0.5041134358978994,0.5093527451051134,0.5139782729253728,0.5179843082169242,0.521373656162587,0.5241571815162471,0.5263525937921738,0.5279819789183575,0.5290674175797738,0.5296241993912094,0.5296529399215171,0.5291514654160165,1.6949950286209194,1.6994187169697152,1.7065903041115416,1.7160991378462107,1.727462915302878,1.7403247221961653,1.7544432662388232,1.7696628867043458,1.7858864665131584,1.8030551831003265,1.8211341609094482,1.8401025043167039,1.859946391208286,1.8806542330240994,1.902213179702553,1.9246064438058,1.9478110459682085,1.971795655925746,1.9965182301389746,2.0219231331274514,2.0479373751285905,2.0744655004720087,2.1013825152110286,2.1285240507240104,2.155672760234708,2.1825399102300125,2.2087418663101417,2.2337755460326747,2.2570139409530654,2.2778724035890434,16.78582129932424,16.772514464423338,16.734879447393396,16.649407429451884,16.48674584548081,16.21692854662342,15.809733913858224,15.234430261459295,14.459942742356702,13.456261657002642,12.197935433318492,10.670461223958341,8.879348927703944,6.859258529992502,4.677996431547967,2.4304202918462465,0.22191555459346546,-1.8526031038479687,-3.7251777623425255,-5.360823934519374,-6.753407713723391,-7.9163232611244325,-8.873171338226399,-9.651024249980622,-10.276491124431743,-10.773780350932242,-11.163984382728472,-11.465026939472295,-11.691934461123083,-11.857242364926549,-11.971437750336776,-12.043392739215392,-12.080771724867759,-12.090410872332626,-12.078674364477308,-12.051790198022658,-12.016154478579992,-11.978541404889349,-11.946008228145985,-11.92418151592279,-1.326098483498491,-1.3122289030574663,-1.2978694453592183,-1.2831108056995362,-1.2680926354654822,-1.252941572493107,-1.2377646022608815,-1.2226505460709056,-1.2076731573941473,-1.1928939744686744,-1.1783646047915575,-1.1641284665770826,-1.1502221016671506,-1.1366761788947635,-1.123516296825521,-1.1107636834078143,-1.098435886694208,-1.0865475557313076,-1.075111430072468,-1.064139690893919,-1.0536458820971735,-1.0436476953463227,-1.0341710350731574,-1.025255945099012,-1.0169651727915205,-1.00939626317144,-1.002697718229304,-0.9970868346273596,-0.992855376822618,-0.9902518629835653,-0.6189528342879664,-0.621492331031936,-0.6260887920479306,-0.632457326974528,-0.6402655534850616,-0.6492652759612962,-0.659284442940292,-0.6702060064455697,-0.681949240352635,-0.6944559085435689,-0.7076804974990907,-0.7215834029211479,-0.736126137877747,-0.7512678707713754,-0.7669627941958357,-0.7831579589225939,-0.7997912881026714,-0.8167895243379704,-0.834065861260818,-0.851516970616121,-0.8690190503481574,-0.8864223775448039,-0.9035436349708661,-0.9201549808111942,-0.9359684673414428,-0.9506141623031148,-0.9636109204051202,-0.9743337704063393,-0.9820041645605251,-0.9858977433632745,-1.1577251576354648,-1.1544801169075072,-1.146376157081093,-1.1325109217765323,-1.111835426073661,-1.083180899387088,-1.0454399996170665,-0.9977000660187727,-0.9393245849638845,-0.869994444089194,-0.7897204456125451,-0.6988356206531847,-0.5979734659996581,-0.4880365112775138,-0.37015847028911253,-0.24566245274379384,-0.11601717885003637,0.017207246466796278,0.15238274026496867,0.28786481827612675,0.42203155431005257,0.5533193456509409,0.6802551101344037,0.8014847330780341,0.9157977607704382,1.0221484920831116,1.11967374253706,1.207707631893392,1.2857937626144675,1.3536950915940764,1.4114016206882347,1.4591357025022766,1.497354200990081,1.5267458544781718,1.5482207733111544,1.5628867731874792,1.5720037922764156,1.5769027872137862,1.5788520672468849,1.5788828838574318,0.5978312270723691,0.5944624162860386,0.5888378698112149,0.5813831770709648,0.5725705257311056,0.5627808919651436,0.5523077643562218,0.5413763476239435,0.5301613363755084,0.518800403051582,0.507403892077722,0.49606166246148753,0.48484790710442205,0.47382457275428713,0.46304383004407157,0.45254991608411377,0.44238058748739384,0.43256837024514727,0.42314177000384134,0.4141266065825624,0.40554766266570663,0.39743088986801745,0.3898065030719735,0.3827134204356115,0.3762056639407918,0.37036145022188904,0.36529548235814646,0.3611728484757819,0.3582142338233889,0.3566088185163183,0.31200661290073795,0.3124230371510226,0.3127394670828103,0.31293932526599644,0.3130047756732717,0.31291776308583774,0.31266197015044206,0.31222395411028003,0.31159361952230036,0.3107642872954397,0.30973254782133,0.3084980184288444,0.3070630803923704,0.3054326435146244,0.30361397098899534,0.3016165899196048,0.29945231126744964,0.2971353859480974,0.2946828313747556,0.2921149751321437,0.2894562809522725,0.2867365479033577,0.2839926072403891,0.2812706789577817,0.2786295739939959,0.27614486347249034,0.27391376318145966,0.2720585956905328,0.27072091534097353,0.2699834686253233,-0.1295263642874609,-0.1296028086312191,-0.12930372417247327,-0.1287281725240419,-0.12795265581242532,-0.12703231464789333,-0.12600616875729642,-0.12490193601463595,-0.12373947847743594,-0.12253317872698233,-0.12129355574712619,-0.12002836331487998,-0.11874333914153645,-0.11744271853005728,-0.11612958878857604,-0.11480613567473874,-0.11347381674586643,-0.11213348581441096,-0.11078548582644387,-0.10942972311678467,-0.10806573332001079,-0.10669274770737402,-0.10530976806084169,-0.10391565822272675,-0.10250926112903791,-0.10108955151486221,-0.09965583676020984,-0.09820802186741062,-0.096746959873931,-0.09527491693849299,-0.0937961931073108,-0.09231795705664148,-0.09085137803188736,-0.08941317269009019,-0.0880277275860113,-0.08672999499433232,-0.08556932100153425,-0.08461394045986115,-0.083953707146315,-0.08368418163012414,-0.17615905746243588,-0.1764600646496861,-0.17719641631491534,-0.17830547484149495,-0.17968824408870265,-0.18126026846587173,-0.18295487586899206,-0.18472039372727878,-0.1865166062028596,-0.18831180751460863,-0.19008057541753942,-0.19180215464439154,-0.19345930761701613,-0.19503751240760536,-0.19652441710512125,-0.19790948483698578,-0.19918378236931122,-0.20033987852017265,-0.20137182725532998,-0.2022752153734393,-0.20304725627829745,-0.2036869094568643,-0.20419499911319994,-0.2045742934244963,-0.2048294856788777,-0.20496698756098786,-0.20499440482251474,-0.2049195542986899,-0.2047490942213308,-0.20448933998815955
myi,0.8206152583651658,0.824477414558288,0.8289776528134212,0.8343522448711838,0.8406370445982176,0.847758156319415,0.8555771255259259,0.8639175744816114,0.8725812034541747,0.8813576570946502,0.8900306021507305,0.8983813645170322,0.9061909335699259,0.9132408406667452,0.9193132424531001,0.9241904332126256,0.9276539465394835,0.9294833705966354,0.9294549877954807,0.9273403595294916,0.9229050182476577,0.9159075227633053,0.9060993213576509,0.8932262411969702,0.8770331723655005,0.8572751028702896,0.8337409783711109,0.8063056388278369,0.7750381308874381,0.7405038713573191,-0.9910999031013574,-0.960425832531925,-0.9298304050062711,-0.8995676685865561,-0.8697941645551168,-0.840615527925479,-0.8120989363394386,-0.7842847858423383,-0.7571946064714581,-0.7308366173534253,-0.7052095833757193,-0.6803054858331805,-0.6561113493545072,-0.6326104612828889,-0.6097831461584988,-0.5876072074032388,-0.5660581130822315,-0.5451089780320005,-0.5247303775647403,-0.5048900162537411,-0.48555226748718106,-0.46667759450905777,-0.44822186080027393,-0.4301355363955537,-0.4123628067775442,-0.39484059218743894,-0.377497487680472,-0.36025263847551514,-0.34301457222122167,-0.32568002197147905,-0.30813279544034344,-0.29024278643810675,-0.27186530125144515,-0.2528410236702996,-0.23299724791595366,-0.21215165867348418,-0.1901213595973772,-0.16674343885097898,-0.1419210790653409,-0.11574656834105923,0.5299125975942331,0.5310536935279018,0.5315800822870003,0.5312237144988217,0.5299081272215105,0.5276368124230899,0.5244490082064885,0.520398649177995,0.5155445838212174,0.5099460789431713,0.5036609270142627,0.49674483815646653,0.4892514568614761,0.4812326645307783,0.47273899181268186,0.4638200484480084,0.4545249212699103,0.4449025121110761,0.43500179615841006,0.42487198269977533,0.4145625562502424,0.4041231670308534,0.3936033248650901,0.3830518265399405,0.3725158079546418,0.36203924676158294,0.3516606289258064,0.3414092658445611,0.33129947787457326,0.32131996955784103,-1.0162491641187898,-0.544037363626046,-0.07177913102600542,0.4006646293552194,0.8733086902276455,1.346103268767365,1.8189757471677694,2.291848564001043,2.764646148286829,3.2372961853374704,3.70972804235592,4.1818697548085595,4.653644271371434,5.124965275865179,5.595732690857744,6.065827842222532,6.5351081776477,7.003401368749666,7.470498570379952,7.936146564260326,8.400038483934111,8.861802836825746,9.320990678170972,9.77706122270007,10.22936732312553,10.67714507549806,11.119519565721362,11.555557253919233,11.984472591043868,12.406195086369735,-1.6767565809396956,-2.4902513952397385,-3.3289475974945617,-4.191513086648342,-5.063529723617194,-5.922678713559435,-6.743370971291597,-7.500523013849943,-8.172227783753499,-8.741368576852665,-9.196319586663037,-9.530927512181847,-9.743985610006575,-9.838402976450652,-9.820243616871721,-9.697769697009278,-9.480579467458227,-9.178889730483295,-8.80297997556761,-8.362792318612804,-7.867667744581354,-7.32619309984463,-6.746132530059413,-6.134419467233101,-5.497189153133718,-4.839835906582778,-4.1670832286337145,-3.4830580729090457,-2.7913630848599382,-2.0951423519421724,-1.3971372751519766,-0.6997296476566817,-0.0049689695387655775,0.6854195169850072,1.3700505785043902,2.0479243352796175,2.718508211714891,3.3818612672152994,4.0388005652143875,4.691039256784677,5.512809419320831,5.313026017170387,5.113372756014172,4.9138610193732575,4.71449179237996,4.515274433267905,4.316222741568367,4.117352517841667,3.9186795425555943,3.720218196718733,3.5219805660387067,3.3239759107850126,3.126210404642618,2.928687073290469,2.731405884017903,2.5343639536699882,2.337555853024739,2.140973993525904,1.9446090872987014,1.7484506733389509,1.5524877013294542,1.3567091574025483,1.1611046989444276,0.9656652276759417,0.7703832505908963,0.5752527111771144,0.38026757097424024,0.1854176352807997,-0.00932320154092281,-0.20401962145700736,-0.26678673098072636,-0.0025743313843520355,0.2615138190801076,0.525473138902953,0.7892591757574792,1.0528042145491838,1.3160336228600613,1.5788729965852326,1.841250764944391,2.10309830201939,2.364348759930806,2.6249352572464346,2.884788744486997,3.143835684693215,3.4019955734481613,3.6591782436269256,3.9152808376414683,4.170184271742818,4.42374895883124,4.675809497025277,4.926167980775716,5.174585574552054,5.420772066007885,5.6643734301094355,5.904958329203907,6.142006756916544,6.3749101749749,6.603007698530234,6.825738773294688,7.043097373920489,-3.3258670495135334,-3.471031811736964,-3.615866171678249,-3.760072287738808,-3.9032800174775844,-4.044086442099115,-4.180036895492549,-4.30787432427752,-4.423872209693002,-4.524162250927105,-4.605018786618103,-4.663084126333985,-4.695530813172326,-4.700163573806705,-4.675467664141934,-4.620612467365504,-4.535420069325653,-4.420308463502798,-4.27621829737825,-4.104530898050463,-3.906983909377601,-3.685589399277177,-3.442557877233355,-3.180230380600051,-2.9010196886154063,-2.6073608185910473,-2.3016702385207566,-1.9863126668337259,-1.6635738850573603,-1.3356376175153741,-1.004564189076035,-0.6722683103811278,-0.3404929212468346,-0.01077552566829354,0.31559709755362064,0.6376503361094592,0.9548035477487815,1.2669728879484978,1.574684794344563,1.8791216557357586,3.1617282844832175,3.057136866161926,2.9521517700861466,2.8466290460983146,2.7405460873976324,2.633934996630842,2.526848893420791,2.419346764507935,2.311486424569921,2.203321388417635,2.0948996463360317,1.9862633781894523,1.8774491238970885,1.7684881665335848,1.6594070049022775,1.5502278548605872,1.4409691504894582,1.3316460324975594,1.222270818606475,1.112853452879051,1.0034019295126058,0.8939226813015893,0.7844209131497166,0.6749008423083183,0.5653657734258246,0.4558178740442145,0.3462573763358705,0.2366807326752678,0.1270760334674037,0.017417541725535557,0.5295398067574126,0.5295626333261083,0.5300594359438975,0.5312015140892541,0.5330130559644815,0.5354399428571028,0.5383832948148175,0.5417187440592102,0.5453077430734226,0.5490043743067652,0.5526594374044418,0.5561228151881519,0.5592447081955019,0.5618761022563401,0.5638687037905976,0.5650745007796054,0.5653450619913105,0.5645306622253639,0.5624793125905025,0.5590357823640382,0.5540407283546323,0.5473301124909078,0.5387352173022357,0.5280838225818272,0.5152036117691132,0.49992994176507466,0.48212231904868474,0.46169977800569484,0.43871368257755705,0.41355011515112494,-0.6034475637107661,-0.5824254438699086,-0.561616111584911,-0.5412641649054635,-0.521495274612036,-0.5023762191149501,-0.48393533764060237,-0.4661769260601396,-0.44909014269785175,-0.4326548042401086,-0.41684518661813996,-0.4016325266360088,-0.38698664559209917,-0.372876964112578,-0.3592730849470618,-0.3461450626311873,-0.33346344161182095,-0.32119911942966933,-0.3093230747187081,-0.2978059881411199,-0.28661777627763385,-0.27572705288126187,-0.2651005280390706,-0.25470235321949275,-0.24449341866047902,-0.2344306089138115,-0.2244660226693398,-0.2145461645048954,-0.20461111964197087,-0.19459372958199594,-0.18441879958752594,-0.17400239416996754,-0.16325132587621383,-0.1520630403661869,-0.1403263002488444,-0.12792349669464187,-0.11473635689085171,-0.10065918516353634,-0.0856289737987126,-0.06970621195455706,0.3032221186505595,0.3053751405833651,0.30712672666812324,0.30829970012931796,0.3088432999987596,0.30875969306999806,0.30807492459199537,0.30682497025867406,0.3050491984662127,0.30278732681878395,0.3000781129759513,0.29695891152746423,0.29346566010686725,0.28963306889109797,0.28549489516113785,0.28108424003370724,0.2764338332504357,0.2715762861284263,0.2665442989338409,0.26137081005967566,0.2560890717945181,0.25073263134767565,0.24533518501096907,0.23993025538369572,0.23455061111678788,0.2292272941696858,0.2239880199107347,0.21885449856280204,0.21383790269378267,0.2089297128833003,1.4945073323044795,1.5281213359171204,1.5616081160907243,1.5949336614547178,1.6280858971985026,1.6610278846281972,1.6936887805799188,1.7259662515006085,1.7577322373035713,1.7888389916645338,1.819124364919162,1.8484160515849908,1.8765348108890976,1.9032967634921079,1.9285148852573002,1.9519998075875264,1.9735600130518378,1.9930014952285546,2.010126939452448,2.024734483138218,2.0366161427505176,2.0455560724865336,2.0513289947032263,2.053699514450841,2.05242381803248,2.0472569860938847,2.0379729584900588,2.024414218535071,2.006607326007156,1.9850963760189018,-1.640125588204988,-1.6400472491265248,-1.6383171714901437,-1.6344549299086566,-1.628447091259659,-1.6204598173917475,-1.6107190254057286,-1.5994571256353538,-1.586889987578843,-1.5732079479641925,-1.558573540158477,-1.5431224361523164,-1.5269658638760575,-1.5101936149487756,-1.4928771805637098,-1.4750727667208139,-1.456824049457964,-1.4381645877849678,-1.4191198428040934,-1.3997087691957404,-1.3799449565576651,-1.359837306415102,-1.3393902373966284,-1.318603417037366,-1.2974710238759144,-1.2759805482451156,-1.2541111444691069,-1.2318315516922667,-1.20909760655627,-1.1858493814511348,-1.1620080032516853,-1.137472252403768,-1.1121151377305978,-1.0857808460669958,-1.0582829042158437,-1.0294053652639832,-0.998911048738762,-0.9665665530187653,-0.9322068792480138,-0.8959211226272004,1.7282746047726008,1.7331598345047894,1.7362321916942278,1.7367084015443766,1.7343556238478186,1.7291695838703163,1.7212471796730142,1.7107267032554319,1.697760453706337,1.6825023830073178,1.6651030166317469,1.645707873884021,1.6244575162149886,1.6014882737938478,1.5769331640722157,1.5509227513962287,1.5235858150982722,1.495049749836312,1.4654406442742811,1.4348829872461693,1.4034989418747728,1.3714071130059438,1.3387207162219283,1.3055450465280956,1.2719741620159084,1.2380867977466892,1.2039418530670218,1.1695748431639572,1.1349995184126556,1.1002319879760165,-2.491281034995893,-1.5052004042141789,-0.5189292810496227,0.4679956765398856,1.455801077889646,2.4445929048538346,3.4344386471839243,4.425401506871822,5.4175542882094305,6.410983377363664,7.405788185954407,8.402078617951702,9.399971827235277,10.399588878177383,11.401051596101752,12.404479731878382,13.409988485575013,14.417686402233812,15.42767364410065,16.44004065016452,17.4548672056917,18.472221959616036,19.49216243196952,20.514735521353032,21.539978399235224,22.56791925143989,23.598576457751733,24.63195043315045,25.668005777323287,26.70652211927961,28.830875914255444,23.703260035367293,18.53863114727119,13.327624542447666,8.07608785341381,2.8011907659347344,-2.4698677453579876,-7.699301965527411,-12.836550104977505,-17.81480186992121,-22.54704647478502,-26.923517469971557,-30.814213869794912,-34.0804045383702,-36.59629069548464,-38.275378530775924,-39.091197108307824,-39.082649240415776,-38.34173795650349,-36.99022729907301,-35.1554277676114,-32.95304878230672,-30.479060836649296,-27.80857661852133,-24.998329899590317,-22.090316630106827,-19.11529279856404,-16.095685625426995,-13.047855697452178,-9.983790020211018,-6.912339755361245,-3.840108332291493,-0.7720743319023313,2.287989632699464,5.337262305725744,8.373763242772839,11.396385065901995,14.405084508340678,17.401276444152245,20.388364734699735,20.31591668428848,19.544724608686693,18.776080909060056,18.010741605489784,17.24884089533316,16.490308121448834,15.734995333205006,14.982732891202431,14.233351040586058,13.486687419626833,12.742588498588702,12.000908620680093,11.26150829969174,10.524252521244307,9.789009366600112,9.055649081995398,8.324043629047083,7.594066717198075,6.865594309082553,6.138505587622603,5.412684369405724,4.688020928277183,3.964414137064523,3.2417737011210193,2.520021952663228,1.7990939996479938,1.0789333536333743,0.3594766718374558,-0.35939262701901953,-1.0779437275309078,0.6667180679636573,0.7884889958838528,0.9098710218729593,1.0307623998760391,1.1511426332748442,1.2710057554205605,1.390341445293302,1.509128743571864,1.6273348063637059,1.7449153216803097,1.8618153374898156,1.977970007911381,2.093305080955588,2.207737075193563,2.3211731360133854,2.433510570043609,2.544636049151677,2.654424462396946,2.7627373814859766,2.8694210979838317,2.974304199366088,3.0771946958147964,3.1778768332878826,3.2761080252735155,3.3716170175393927,3.464105975587131,3.5532629559999123,3.6388008130361413,3.720564723688426,3.7988394417599807,-1.3659506066574778,-1.4735807699167935,-1.581597694164543,-1.6907550964449456,-1.8016939318770255,-1.914461374174607,-2.0284645794113203,-2.142554019203317,-2.255150136696102,-2.364376208774729,-2.468183112568113,-2.564460523945854,-2.6511328566489283,-2.726239847062061,-2.7880023615721257,-2.8348742782409317,-2.865581408664184,-2.879148480360982,-2.874915237634468,-2.852542749517397,-2.812011037502998,-2.753609143853737,-2.677918744633189,-2.585792361233416,-2.4783271323649387,-2.3568349692613992,-2.2228097282040835,-2.077891792054743,-1.9238301582154236,-1.7624417821764382,-1.5955675268239702,-1.425023624361529,-1.252547091493625,-1.0797331089913769,-0.9079621457005942,-0.7383150310874953,-0.5714764294785937,-0.4076354795504358,-0.24641374376955127,-0.086962772022531,3.0025010062386457,2.9360696348358317,2.8681794101439095,2.798323519550422,2.726407420601163,2.6525043926707212,2.576751633436288,2.4993045126911966,2.420316627924194,2.339931629008106,2.258280493994789,2.1754812867231976,2.0916399690647722,2.006851578885062,1.9212014463289506,1.834766299931971,1.7476152005792756,1.6598102812522484,1.5714072862317607,1.482455906273799,1.3929999032997102,1.3030770124271385,1.2127186063398767,1.121949113176811,1.0307852138065527,0.9392349542858938,0.8472971989219786,0.7549628034072953,0.6622205946239603,0.5690865940344736,0.3845857180511185,0.3849069425378886,0.3852453984999471,0.38560408444980965,0.3859780558212407,0.3863523572831298,0.38670329259906566,0.38700041771176075,0.38720841371045367,0.3872886130892539,0.387200156477121,0.3869008200400117,0.3863475673034884,0.3854968759915778,0.384304882570774,0.3827273787753427,0.3807196873972316,0.3782364396140281,0.37523127395911615,0.3716564789619099,0.36746261015832715,0.362598132914286,0.357009186265401,0.3506396527589857,0.34343190418201175,0.33532899249483705,0.3262799101998297,0.31625181186926454,0.3052568430605831,0.2934287626369638,-0.30551904627407644,-0.30320388760458883,-0.3006998696011749,-0.29798098468224055,-0.295062962548883,-0.2919765061797648,-0.2887551653406035,-0.2854307859701919,-0.2820318910493427,-0.2785833180683426,-0.2751063643613918,-0.2716191129539709,-0.26813679315270633,-0.26467211405861235,-0.26123554779201186,-0.25783555666328084,-0.25447876586702023,-0.2511700858659083,-0.2479127890487689,-0.24470854477800685,-0.24155741616812065,-0.23845782113352243,-0.2354064595209593,-0.2323982075079698,-0.229425979907262,-0.2264805605475999,-0.2235504005160749,-0.2206213838126132,-0.2176765600774786,-0.21469584498598238,-0.21165569162516817,-0.20852874278475042,-0.20528348903002325,-0.20188399012479863,-0.19828978909751527,-0.19445630909095257,-0.1903363997186318,-0.18588464686570205,-0.18106859085626326,-0.17589983615679472,0.26226045130875875,0.2689562377476946,0.27525240445695687,0.2809677873072616,0.2860469270967627,0.2904870130622186,0.294309249626167,0.2975450318188564,0.3002294320165504,0.30239813198355137,0.30408606771217706,0.30532693086354357,0.3061530954734337,0.30659574595139816,0.30668508791819704,0.3064505778532691,0.3059211355773641,0.3051253174901376,0.30409143451842624,0.3028476001995841,0.30142169276720665,0.29984121165531974,0.29813300392623887,0.2963228308410919,0.2944347416601971,0.29249022803654157,0.2905071694587207,0.28849871851616626,0.2864727080771061,0.28443399082453524
mzi,-0.0,-0.0,-0.0,-0.0,-0.0,-0.0,-0.0,-0.0,-0.0,-0.0,-0.0,-0.0,-0.0,-0.0,-0.0,-0.0,-0.0,-0.0,-0.0,-0.0,-0.0,-0.0,-0.0,-0.0,-0.0,-0.0,-0.0,-0.0,-0.0,-0.0,-0.0,-0.0,-0.0,-0.0,-0.0,-0.0,-0.0,-0.0,-0.0,-0.0,-0.0,-0.0,-0.0,-0.0,-0.0,-0.0,-0.0,-0.0,-0.0,-0.0,-0.0,-0.0,-0.0,-0.0,-0.0,-0.0,-0.0,-0.0,-0.0,-0.0,-0.0,-0.0,-0.0,-0.0,-0.0,-0.0,-0.0,-0.0,-0.0,-0.0,-0.0,-0.0,-0.0,-0.0,-0.0,-0.0,-0.0,-0.0,-0.0,-0.0,-0.0,-0.0,-0.0,-0.0,-0.0,-0.0,-0.0,-0.0,-0.0,-0.0,-0.0,-0.0,-0.0,-0.0,-0.0,-0.0,-0.0,-0.0,-0.0,-0.0,-0.0,-0.0,-0.0,-0.0,-0.0,-0.0,-0.0,-0.0,-0.0,-0.0,-0.0,-0.0,-0.0,-0.0,-0.0,-0.0,-0.0,-0.0,-0.0,-0.0,-0.0,-0.0,-0.0,-0.0,-0.0,-0.0,-0.0,-0.0,-0.0,-0.0,-0.0,-0.0,-0.0,-0.0,-0.0,-0.0,-0.0,-0.0,-0.0,-0.0,-0.0,-0.0,-0.0,-0.0,-0.0,-0.0,-0.0,-0.0,-0.0,-0.0,-0.0,-0.0,-0.0,-0.0,-0.0,-0.0,-0.0,-0.0,-0.0,-0.0,-0.0,-0.0,-0.0,-0.0,-0.0,-0.0,-0.0,-0.0,-0.0,-0.0,-0.0,-0.0,-0.0,-0.0,-0.0,-0.0,-0.0,-0.0,-0.0,-0.0,-0.0,-0.0,-0.0,-0.0,-0.0,-0.0,-0.0,-0.0,-0.0,-0.0,-0.0,-0.0,-0.0,-0.0,-0.0,-0.0,-0.0,-0.0,-0.0,-0.0,-0.0,-0.0,-0.0,-0.0,-0.0,-0.0,-0.0,-0.0,-0.0,-0.0,-0.0,-0.0,-0.0,-0.0,-0.0,-0.0,-0.0,-0.0,-0.0,-0.0,-0.0,-0.0,-0.0,-0.0,-0.0,-0.0,-0.0,-0.0,-0.0,-0.0,-0.0,-0.0,-0.0,-0.0,-0.0,-0.0,-0.0,-0.0,-0.0,-0.0,-0.0,-0.0,-0.0,-0.0,-0.0,-0.0,-0.0,-0.0,-0.0,-0.0,-0.0,-0.0,-0.0,-0.0,-0.0,-0.0,-0.0,-0.0,-0.0,-0.0,-0.0,-0.0,-0.0,-0.0,-0.0,-0.0,-0.0,-0.0,-0.0,-0.0,-0.0,-0.0,-0.0,-0.0,-0.0,-0.0,-0.0,-0.0,-0.0,-0.0,-0.0,-0.0,-0.0,-0.0,-0.0,-0.0,-0.0,-0.0,-0.0,-0.0,-0.0,-0.0,-0.0,-0.0,-0.0,-0.0,-0.0,-0.0,-0.0,-0.0,-0.0,-0.0,-0.0,-0.0,-0.0,-0.0,-0.0,-0.0,-0.0,-0.0,-0.0,-0.0,-0.0,-0.0,-0.0,-0.0,-0.0,-0.0,-0.0,-0.0,-0.0,-0.0,-0.0,-0.0,-0.0,-0.0,-0.0,-0.0,-0.0,-0.0,-0.0,-0.0,-0.0,-0.0,-0.0,-0.0,-0.0,-0.0,-0.0,-0.0,-0.0,-0.0,-0.0,-0.0,-0.0,-0.0,-0.0,-0.0,-0.0,-0.0,-0.0,-0.0,-0.0,-0.0,-0.0,-0.0,-0.0,-0.0,-0.0,-0.0,-0.0,-0.0,-0.0,-0.0,-0.0,-0.0,-0.0,-0.0,-0.0,-0.0,-0.0,-0.0,-0.0,-0.0,-0.0,-0.0,-0.0,-0.0,-0.0,-0.0,-0.0,-0.0,-0.0,-0.0,-0.0,-0.0,-0.0,-0.0,-0.0,-0.0,-0.0,-0.0,-0.0,-0.0,-0.0,-0.0,-0.0,-0.0,-0.0,-0.0,-0.0,-0.0,-0.0,-0.0,-0.0,-0.0,-0.0,-0.0,-0.0,-0.0,-0.0,-0.0,-0.0,-0.0,-0.0,-0.0,-0.0,-0.0,-0.0,-0.0,-0.0,-0.0,-0.0,-0.0,-0.0,-0.0,-0.0,-0.0,-0.0,-0.0,-0.0,-0.0,-0.0,-0.0,-0.0,-0.0,-0.0,-0.0,-0.0,-0.0,-0.0,-0.0,-0.0,-0.0,-0.0,-0.0,-0.0,-0.0,-0.0,-0.0,-0.0,-0.0,-0.0,-0.0,-0.0,-0.0,-0.0,-0.0,-0.0,-0.0,-0.0,-0.0,-0.0,-0.0,-0.0,-0.0,-0.0,-0.0,-0.0,-0.0,-0.0,-0.0,-0.0,-0.0,-0.0,-0.0,-0.0,-0.0,-0.0,-0.0,-0.0,-0.0,-0.0,-0.0,-0.0,-0.0,-0.0,-0.0,-0.0,-0.0,-0.0,-0.0,-0.0,-0.0,-0.0,-0.0,-0.0,-0.0,-0.0,-0.0,-0.0,-0.0,-0.0,-0.0,-0.0,-0.0,-0.0,-0.0,-0.0,-0.0,-0.0,-0.0,-0.0,-0.0,-0.0,-0.0,-0.0,-0.0,-0.0,-0.0,-0.0,-0.0,-0.0,-0.0,-0.0,-0.0,-0.0,-0.0,-0.0,-0.0,-0.0,-0.0,-0.0,-0.0,-0.0,-0.0,-0.0,-0.0,-0.0,-0.0,-0.0,-0.0,-0.0,-0.0,-0.0,-0.0,-0.0,-0.0,-0.0,-0.0,-0.0,-0.0,-0.0,-0.0,-0.0,-0.0,-0.0,-0.0,-0.0,-0.0,-0.0,-0.0,-0.0,-0.0,-0.0,-0.0,-0.0,-0.0,-0.0,-0.0,-0.0,-0.0,-0.0,-0.0,-0.0,-0.0,-0.0,-0.0,-0.0,-0.0,-0.0,-0.0,-0.0,-0.0,-0.0,-0.0,-0.0,-0.0,-0.0,-0.0,-0.0,-0.0,-0.0,-0.0,-0.0,-0.0,-0.0,-0.0,-0.0,-0.0,-0.0,-0.0,-0.0,-0.0,-0.0,-0.0,-0.0,-0.0,-0.0,-0.0,-0.0,-0.0,-0.0,-0.0,-0.0,-0.0,-0.0,-0.0,-0.0,-0.0,-0.0,-0.0,-0.0,-0.0,-0.0,-0.0,-0.0,-0.0,-0.0,-0.0,-0.0,-0.0,-0.0,-0.0,-0.0,-0.0,-0.0,-0.0,-0.0,-0.0,-0.0,-0.0,-0.0,-0.0,-0.0,-0.0,-0.0,-0.0,-0.0,-0.0,-0.0,-0.0,-0.0,-0.0,-0.0,-0.0,-0.0,-0.0,-0.0,-0.0,-0.0,-0.0,-0.0,-0.0,-0.0,-0.0,-0.0,-0.0,-0.0,-0.0,-0.0,-0.0,-0.0,-0.0,-0.0,-0.0,-0.0,-0.0,-0.0,-0.0,-0.0,-0.0,-0.0,-0.0,-0.0,-0.0,-0.0,-0.0,-0.0,-0.0,-0.0,-0.0,-0.0,-0.0,-0.0,-0.0,-0.0,-0.0,-0.0,-0.0,-0.0,-0.0,-0.0,-0.0,-0.0,-0.0,-0.0,-0.0,-0.0,-0.0,-0.0,-0.0,-0.0,-0.0,-0.0,-0.0,-0.0,-0.0,-0.0,-0.0,-0.0,-0.0,-0.0,-0.0,-0.0,-0.0,-0.0,-0.0,-0.0,-0.0,-0.0,-0.0,-0.0,-0.0,-0.0,-0.0,-0.0,-0.0,-0.0,-0.0,-0.0,-0.0,-0.0,-0.0,-0.0,-0.0,-0.0,-0.0,-0.0,-0.0,-0.0,-0.0,-0.0,-0.0,-0.0,-0.0,-0.0,-0.0,-0.0,-0.0,-0.0,-0.0,-0.0,-0.0,-0.0,-0.0,-0.0,-0.0,-0.0,-0.0,-0.0,-0.0,-0.0,-0.0,-0.0,-0.0,-0.0,-0.0,-0.0,-0.0,-0.0,-0.0,-0.0,-0.0,-0.0,-0.0,-0.0,-0.0,-0.0,-0.0,-0.0,-0.0,-0.0,-0.0,-0.0,-0.0,-0.0,-0.0,-0.0,-0.0
fxj,0.0,0.0,0.0,0.0,0.0,0.0,0.0,0.0,0.0,0.0,0.0,0.0,0.0,0.0,0.0,0.0,0.0,0.0,0.0,0.0,0.0,0.0,0.0,0.0,0.0,0.0,0.0,0.0,0.0,0.0,0.0,0.0,0.0,0.0,0.0,0.0,0.0,0.0,0.0,0.0,0.0,0.0,0.0,0.0,0.0,0.0,0.0,0.0,0.0,0.0,0.0,0.0,0.0,0.0,0.0,0.0,0.0,0.0,0.0,0.0,0.0,0.0,0.0,0.0,0.0,0.0,0.0,0.0,0.0,0.0,0.0,0.0,0.0,0.0,0.0,0.0,0.0,0.0,0.0,0.0,0.0,0.0,0.0,0.0,0.0,0.0,0.0,0.0,0.0,0.0,0.0,0.0,0.0,0.0,0.0,0.0,0.0,0.0,0.0,0.0,0.0,0.0,0.0,0.0,0.0,0.0,0.0,0.0,0.0,0.0,0.0,0.0,0.0,0.0,0.0,0.0,0.0,0.0,0.0,0.0,0.0,0.0,0.0,0.0,0.0,0.0,0.0,0.0,0.0,0.0,0.0,0.0,0.0,0.0,0.0,0.0,0.0,0.0,0.0,0.0,0.0,0.0,0.0,0.0,0.0,0.0,0.0,0.0,0.0,0.0,0.0,0.0,0.0,0.0,0.0,0.0,0.0,0.0,0.0,0.0,0.0,0.0,0.0,0.0,0.0,0.0,0.0,0.0,0.0,0.0,0.0,0.0,0.0,0.0,0.0,0.0,0.0,0.0,0.0,0.0,0.0,0.0,0.0,0.0,0.0,0.0,0.0,0.0,0.0,0.0,0.0,0.0,0.0,0.0,0.0,0.0,0.0,0.0,0.0,0.0,0.0,0.0,0.0,0.0,0.0,0.0,0.0,0.0,0.0,0.0,0.0,0.0,0.0,0.0,0.0,0.0,0.0,0.0,0.0,0.0,0.0,0.0,0.0,0.0,0.0,0.0,0.0,0.0,0.0,0.0,0.0,0.0,0.0,0.0,0.0,0.0,0.0,0.0,0.0,0.0,0.0,0.0,0.0,0.0,0.0,0.0,0.0,0.0,0.0,0.0,0.0,0.0,0.0,0.0,0.0,0.0,0.0,0.0,0.0,0.0,0.0,0.0,0.0,0.0,0.0,0.0,0.0,0.0,0.0,0.0,0.0,0.0,0.0,0.0,0.0,0.0,0.0,0.0,0.0,0.0,0.0,0.0,0.0,0.0,0.0,0.0,0.0,0.0,0.0,0.0,0.0,0.0,0.0,0.0,0.0,0.0,0.0,0.0,0.0,0.0,0.0,0.0,0.0,0.0,0.0,0.0,0.0,0.0,0.0,0.0,0.0,0.0,0.0,0.0,0.0,0.0,0.0,0.0,0.0,0.0,0.0,0.0,0.0,0.0,0.0,0.0,0.0,0.0,0.0,0.0,0.0,0.0,0.0,0.0,0.0,0.0,0.0,0.0,0.0,0.0,0.0,0.0,0.0,0.0,0.0,0.0,0.0,0.0,0.0,0.0,0.0,0.0,0.0,0.0,0.0,0.0,0.0,0.0,0.0,0.0,0.0,0.0,0.0,0.0,0.0,0.0,0.0,0.0,0.0,0.0,0.0,0.0,0.0,0.0,0.0,0.0,0.0,0.0,0.0,0.0,0.0,0.0,0.0,0.0,0.0,0.0,0.0,0.0,0.0,0.0,0.0,0.0,0.0,0.0,0.0,0.0,0.0,0.0,0.0,0.0,0.0,0.0,0.0,0.0,0.0,0.0,0.0,0.0,0.0,0.0,0.0,0.0,0.0,0.0,0.0,0.0,0.0,0.0,0.0,0.0,0.0,0.0,0.0,0.0,0.0,0.0,0.0,0.0,0.0,0.0,0.0,0.0,0.0,0.0,0.0,0.0,0.0,0.0,0.0,0.0,0.0,0.0,0.0,0.0,0.0,0.0,0.0,0.0,0.0,0.0,0.0,0.0,0.0,0.0,0.0,0.0,0.0,0.0,0.0,0.0,0.0,0.0,0.0,0.0,0.0,0.0,0.0,0.0,0.0,0.0,0.0,0.0,0.0,0.0,0.0,0.0,0.0,0.0,0.0,0.0,0.0,0.0,0.0,0.0,0.0,0.0,0.0,0.0,0.0,0.0,0.0,0.0,0.0,0.0,0.0,0.0,0.0,0.0,0.0,0.0,0.0,0.0,0.0,0.0,0.0,0.0,0.0,0.0,0.0,0.0,0.0,0.0,0.0,0.0,0.0,0.0,0.0,0.0,0.0,0.0,0.0,0.0,0.0,0.0,0.0,0.0,0.0,0.0,0.0,0.0,0.0,0.0,0.0,0.0,0.0,0.0,0.0,0.0,0.0,0.0,0.0,0.0,0.0,0.0,0.0,0.0,0.0,0.0,0.0,0.0,0.0,0.0,0.0,0.0,0.0,0.0,0.0,0.0,0.0,0.0,0.0,0.0,0.0,0.0,0.0,0.0,0.0,0.0,0.0,0.0,0.0,0.0,0.0,0.0,0.0,0.0,0.0,0.0,0.0,0.0,0.0,0.0,0.0,0.0,0.0,0.0,0.0,0.0,0.0,0.0,0.0,0.0,0.0,0.0,0.0,0.0,0.0,0.0,0.0,0.0,0.0,0.0,0.0,0.0,0.0,0.0,0.0,0.0,0.0,0.0,0.0,0.0,0.0,0.0,0.0,0.0,0.0,0.0,0.0,0.0,0.0,0.0,0.0,0.0,0.0,0.0,0.0,0.0,0.0,0.0,0.0,0.0,0.0,0.0,0.0,0.0,0.0,0.0,0.0,0.0,0.0,0.0,0.0,0.0,0.0,0.0,0.0,0.0,0.0,0.0,0.0,0.0,0.0,0.0,0.0,0.0,0.0,0.0,0.0,0.0,0.0,0.0,0.0,0.0,0.0,0.0,0.0,0.0,0.0,0.0,0.0,0.0,0.0,0.0,0.0,0.0,0.0,0.0,0.0,0.0,0.0,0.0,0.0,0.0,0.0,0.0,0.0,0.0,0.0,0.0,0.0,0.0,0.0,0.0,0.0,0.0,0.0,0.0,0.0,0.0,0.0,0.0,0.0,0.0,0.0,0.0,0.0,0.0,0.0,0.0,0.0,0.0,0.0,0.0,0.0,0.0,0.0,0.0,0.0,0.0,0.0,0.0,0.0,0.0,0.0,0.0,0.0,0.0,0.0,0.0,0.0,0.0,0.0,0.0,0.0,0.0,0.0,0.0,0.0,0.0,0.0,0.0,0.0,0.0,0.0,0.0,0.0,0.0,0.0,0.0,0.0,0.0,0.0,0.0,0.0,0.0,0.0,0.0,0.0,0.0,0.0,0.0,0.0,0.0,0.0,0.0,0.0,0.0,0.0,0.0,0.0,0.0,0.0,0.0,0.0,0.0,0.0,0.0,0.0,0.0,0.0,0.0,0.0,0.0,0.0,0.0,0.0,0.0,0.0,0.0,0.0,0.0,0.0,0.0,0.0,0.0,0.0,0.0,0.0,0.0
fyj,-0.0,-0.0,-0.0,-0.0,-0.0,-0.0,-0.0,-0.0,-0.0,-0.0,-0.0,-0.0,-0.0,-0.0,-0.0,-0.0,-0.0,-0.0,-0.0,-0.0,-0.0,-0.0,-0.0,-0.0,-0.0,-0.0,-0.0,-0.0,-0.0,-0.0,-0.0,-0.0,-0.0,-0.0,-0.0,-0.0,-0.0,-0.0,-0.0,-0.0,-0.0,-0.0,-0.0,-0.0,-0.0,-0.0,-0.0,-0.0,-0.0,-0.0,-0.0,-0.0,-0.0,-0.0,-0.0,-0.0,-0.0,-0.0,-0.0,-0.0,-0.0,-0.0,-0.0,-0.0,-0.0,-0.0,-0.0,-0.0,-0.0,-0.0,-0.0,-0.0,-0.0,-0.0,-0.0,-0.0,-0.0,-0.0,-0.0,-0.0,-0.0,-0.0,-0.0,-0.0,-0.0,-0.0,-0.0,-0.0,-0.0,-0.0,-0.0,-0.0,-0.0,-0.0,-0.0,-0.0,-0.0,-0.0,-0.0,-0.0,-0.0,-0.0,-0.0,-0.0,-0.0,-0.0,-0.0,-0.0,-0.0,-0.0,-0.0,-0.0,-0.0,-0.0,-0.0,-0.0,-0.0,-0.0,-0.0,-0.0,-0.0,-0.0,-0.0,-0.0,-0.0,-0.0,-0.0,-0.0,-0.0,-0.0,-0.0,-0.0,-0.0,-0.0,-0.0,-0.0,-0.0,-0.0,-0.0,-0.0,-0.0,-0.0,-0.0,-0.0,-0.0,-0.0,-0.0,-0.0,-0.0,-0.0,-0.0,-0.0,-0.0,-0.0,-0.0,-0.0,-0.0,-0.0,-0.0,-0.0,-0.0,-0.0,-0.0,-0.0,-0.0,-0.0,-0.0,-0.0,-0.0,-0.0,-0.0,-0.0,-0.0,-0.0,-0.0,-0.0,-0.0,-0.0,-0.0,-0.0,-0.0,-0.0,-0.0,-0.0,-0.0,-0.0,-0.0,-0.0,-0.0,-0.0,-0.0,-0.0,-0.0,-0.0,-0.0,-0.0,-0.0,-0.0,-0.0,-0.0,-0.0,-0.0,-0.0,-0.0,-0.0,-0.0,-0.0,-0.0,-0.0,-0.0,-0.0,-0.0,-0.0,-0.0,-0.0,-0.0,-0.0,-0.0,-0.0,-0.0,-0.0,-0.0,-0.0,-0.0,-0.0,-0.0,-0.0,-0.0,-0.0,-0.0,-0.0,-0.0,-0.0,-0.0,-0.0,-0.0,-0.0,-0.0,-0.0,-0.0,-0.0,-0.0,-0.0,-0.0,-0.0,-0.0,-0.0,-0.0,-0.0,-0.0,-0.0,-0.0,-0.0,-0.0,-0.0,-0.0,-0.0,-0.0,-0.0,-0.0,-0.0,-0.0,-0.0,-0.0,-0.0,-0.0,-0.0,-0.0,-0.0,-0.0,-0.0,-0.0,-0.0,-0.0,-0.0,-0.0,-0.0,-0.0,-0.0,-0.0,-0.0,-0.0,-0.0,-0.0,-0.0,-0.0,-0.0,-0.0,-0.0,-0.0,-0.0,-0.0,-0.0,-0.0,-0.0,-0.0,-0.0,-0.0,-0.0,-0.0,-0.0,-0.0,-0.0,-0.0,-0.0,-0.0,-0.0,-0.0,-0.0,-0.0,-0.0,-0.0,-0.0,-0.0,-0.0,-0.0,-0.0,-0.0,-0.0,-0.0,-0.0,-0.0,-0.0,-0.0,-0.0,-0.0,-0.0,-0.0,-0.0,-0.0,-0.0,-0.0,-0.0,-0.0,-0.0,-0.0,-0.0,-0.0,-0.0,-0.0,-0.0,-0.0,-0.0,-0.0,-0.0,-0.0,-0.0,-0.0,-0.0,-0.0,-0.0,-0.0,-0.0,-0.0,-0.0,-0.0,-0.0,-0.0,-0.0,-0.0,-0.0,-0.0,-0.0,-0.0,-0.0,-0.0,-0.0,-0.0,-0.0,-0.0,-0.0,-0.0,-0.0,-0.0,-0.0,-0.0,-0.0,-0.0,-0.0,-0.0,-0.0,-0.0,-0.0,-0.0,-0.0,-0.0,-0.0,-0.0,-0.0,-0.0,-0.0,-0.0,-0.0,-0.0,-0.0,-0.0,-0.0,-0.0,-0.0,-0.0,-0.0,-0.0,-0.0,-0.0,-0.0,-0.0,-0.0,-0.0,-0.0,-0.0,-0.0,-0.0,-0.0,-0.0,-0.0,-0.0,-0.0,-0.0,-0.0,-0.0,-0.0,-0.0,-0.0,-0.0,-0.0,-0.0,-0.0,-0.0,-0.0,-0.0,-0.0,-0.0,-0.0,-0.0,-0.0,-0.0,-0.0,-0.0,-0.0,-0.0,-0.0,-0.0,-0.0,-0.0,-0.0,-0.0,-0.0,-0.0,-0.0,-0.0,-0.0,-0.0,-0.0,-0.0,-0.0,-0.0,-0.0,-0.0,-0.0,-0.0,-0.0,-0.0,-0.0,-0.0,-0.0,-0.0,-0.0,-0.0,-0.0,-0.0,-0.0,-0.0,-0.0,-0.0,-0.0,-0.0,-0.0,-0.0,-0.0,-0.0,-0.0,-0.0,-0.0,-0.0,-0.0,-0.0,-0.0,-0.0,-0.0,-0.0,-0.0,-0.0,-0.0,-0.0,-0.0,-0.0,-0.0,-0.0,-0.0,-0.0,-0.0,-0.0,-0.0,-0.0,-0.0,-0.0,-0.0,-0.0,-0.0,-0.0,-0.0,-0.0,-0.0,-0.0,-0.0,-0.0,-0.0,-0.0,-0.0,-0.0,-0.0,-0.0,-0.0,-0.0,-0.0,-0.0,-0.0,-0.0,-0.0,-0.0,-0.0,-0.0,-0.0,-0.0,-0.0,-0.0,-0.0,-0.0,-0.0,-0.0,-0.0,-0.0,-0.0,-0.0,-0.0,-0.0,-0.0,-0.0,-0.0,-0.0,-0.0,-0.0,-0.0,-0.0,-0.0,-0.0,-0.0,-0.0,-0.0,-0.0,-0.0,-0.0,-0.0,-0.0,-0.0,-0.0,-0.0,-0.0,-0.0,-0.0,-0.0,-0.0,-0.0,-0.0,-0.0,-0.0,-0.0,-0.0,-0.0,-0.0,-0.0,-0.0,-0.0,-0.0,-0.0,-0.0,-0.0,-0.0,-0.0,-0.0,-0.0,-0.0,-0.0,-0.0,-0.0,-0.0,-0.0,-0.0,-0.0,-0.0,-0.0,-0.0,-0.0,-0.0,-0.0,-0.0,-0.0,-0.0,-0.0,-0.0,-0.0,-0.0,-0.0,-0.0,-0.0,-0.0,-0.0,-0.0,-0.0,-0.0,-0.0,-0.0,-0.0,-0.0,-0.0,-0.0,-0.0,-0.0,-0.0,-0.0,-0.0,-0.0,-0.0,-0.0,-0.0,-0.0,-0.0,-0.0,-0.0,-0.0,-0.0,-0.0,-0.0,-0.0,-0.0,-0.0,-0.0,-0.0,-0.0,-0.0,-0.0,-0.0,-0.0,-0.0,-0.0,-0.0,-0.0,-0.0,-0.0,-0.0,-0.0,-0.0,-0.0,-0.0,-0.0,-0.0,-0.0,-0.0,-0.0,-0.0,-0.0,-0.0,-0.0,-0.0,-0.0,-0.0,-0.0,-0.0,-0.0,-0.0,-0.0,-0.0,-0.0,-0.0,-0.0,-0.0,-0.0,-0.0,-0.0,-0.0,-0.0,-0.0,-0.0,-0.0,-0.0,-0.0,-0.0,-0.0,-0.0,-0.0,-0.0,-0.0,-0.0,-0.0,-0.0,-0.0,-0.0,-0.0,-0.0,-0.0,-0.0,-0.0,-0.0,-0.0,-0.0,-0.0,-0.0,-0.0,-0.0,-0.0,-0.0,-0.0,-0.0,-0.0,-0.0,-0.0,-0.0,-0.0,-0.0,-0.0,-0.0,-0.0,-0.0,-0.0,-0.0,-0.0,-0.0,-0.0,-0.0,-0.0,-0.0,-0.0,-0.0,-0.0,-0.0,-0.0,-0.0,-0.0,-0.0,-0.0,-0.0,-0.0,-0.0,-0.0,-0.0,-0.0,-0.0,-0.0,-0.0,-0.0,-0.0,-0.0,-0.0,-0.0,-0.0,-0.0,-0.0,-0.0,-0.0,-0.0,-0.0,-0.0,-0.0,-0.0,-0.0,-0.0,-0.0,-0.0,-0.0,-0.0,-0.0,-0.0,-0.0,-0.0,-0.0,-0.0,-0.0,-0.0,-0.0,-0.0,-0.0,-0.0,-0.0,-0.0,-0.0,-0.0,-0.0,-0.0,-0.0,-0.0
fzj,0.014106692547784405,0.018178981987603038,0.024443514060294547,0.0313271055417772,0.03783118193223345,0.04331403969308667,0.04736461748075271,0.04972267137077324,0.05022739747369087,0.04878334931390782,0.04533727871415749,0.03986208338483266,0.03234552018801651,0.02278222219669601,0.011168107995693788,-0.0025033608125042406,-0.01824334424202334,-0.036068240420604525,-0.05599852083071255,-0.0780552034404991,-0.10225285896058267,-0.12858719532709983,-0.1570138280884521,-0.18741234119568162,-0.21952527624102913,-0.2528534794605548,-0.28647393751339223,-0.31871521991797636,-0.3465792390225033,-0.364545513662506,0.3354582842439413,0.3325592752059947,0.32811838159705076,0.322611811299339,0.3163363643586763,0.3095365004855921,0.30240502341177944,0.2950905356749445,0.28770580211562446,0.28033584356035135,0.2730449149664764,0.2658822091028128,0.25888639207329334,0.25208917160045985,0.24551810806977414,0.23919885374891692,0.2331569702399392,0.22741943945666954,0.22201595198127677,0.21698003070727623,0.21235002566180583,0.20816999775342993,0.20449049301731748,0.2013691933506152,0.19887141289518695,0.19707038780222774,0.19604727681507939,0.19589074308828458,0.19669591161186872,0.19856236884095324,0.20159065390498654,0.20587631564762887,0.2114999532911952,0.21851049377869458,0.22689685533782722,0.2365392643416726,0.24712420232344812,0.2579927353988296,0.267868270546046,0.2743600432373796,0.009823809216982227,0.0052991474188957,-0.0017177724935208971,-0.0097784794004383,-0.018117076243129304,-0.026329536451498825,-0.034208729529893844,-0.04165388170963524,-0.0486211497289446,-0.05509630621565975,-0.06107959825982334,-0.0665774022591279,-0.0715977226281268,-0.07614788845152987,-0.08023352376622661,-0.08385827378560862,-0.08702400364649066,-0.08973132554626773,-0.0919803969522377,-0.0937719928301135,-0.09510890262174598,-0.09599775013919043,-0.09645138990515534,-0.09649210665691044,-0.09615594780893844,-0.09549866901818405,-0.09460399225008587,-0.09359522324984937,-0.09265146836878557,-0.09203264185543958,4.7381563387034475,4.738962308280861,4.740441819438274,4.742025570323676,4.743272924791199,4.743964979936209,4.7440159127454535,4.743405329978486,4.742134992539832,4.740203000199472,4.737588819976736,4.734244674882575,4.730090442202709,4.725010292090701,4.71884998736823,4.71141419912783,4.702463518785635,4.6917111380163306,4.678819556939288,4.663398303428039,4.645004765406611,4.623152289915197,4.597333520394386,4.567074065507768,4.532045018848294,4.49228826385297,4.448657337112309,4.403663941309787,4.363081557725309,4.337944691933444,-7.76770610083986,-7.887265547667994,-8.01216619351544,-8.037035798584839,-7.8939437127774,-7.549398949558963,-6.9994367072758905,-6.262620689922187,-5.372569928615121,-4.37098838948441,-3.3017916787011927,-2.2066317215039817,-1.121888812207544,-0.07702169391359348,0.905954865574131,1.8121566032541523,2.6329784708898387,3.3649689572338843,4.008635184243985,4.567318795456686,5.046223145271142,5.451625403489743,5.790274914648762,6.0689601140202285,6.294217534170457,6.472154619048524,6.608360383826039,6.707882319673445,6.775252985686166,6.81455465612089,6.829514769546222,6.823628514030133,6.8003074046082475,6.7630536156539165,6.715657891083538,6.662411265715491,6.608301396097886,6.559117370963577,6.521279467817294,6.5007855247076805,-2.00246029750906,-2.0013977434518893,-2.0000293666726066,-1.9985666101147217,-1.9970117186826428,-1.9953456929902131,-1.9935557521857845,-1.9916406990669202,-1.9896096868053519,-1.9874796049753058,-1.9852724852785286,-1.9830133001358945,-1.9807281865919464,-1.978443031217239,-1.9761823351365138,-1.9739682915455887,-1.971820023168675,-1.969752952219551,-1.96777829920984,-1.9659027405512006,-1.9641283042979012,-1.9624526596307987,-1.9608700771455005,-1.9593735333351106,-1.957958741382754,-1.9566313305858785,-1.9554188892943785,-1.9543889979590858,-1.9536690982231448,-1.9533740134415893,2.6479634735078434,2.6473709400797816,2.6463619270653,2.6448462752932755,2.642706933460431,2.6398937793510413,2.636401637464587,2.6322464477534595,2.6274481941054546,2.6220202089671147,2.615962853603378,2.609259863138959,2.601876109395562,2.5937559146259446,2.584821309542349,2.5749698086319768,2.56407141635799,2.5519647345824836,2.538452283223023,2.5232955921910616,2.5062114666336583,2.486872429424693,2.464917366582995,2.439984081674538,2.4117861908571285,2.3802771381942875,2.3459831870759444,2.310658888193757,2.2785486493339704,2.2581750888130045,-1.3357766980825545,-1.3218336208346955,-1.3037839009048184,-1.280585005741159,-1.2453302240701305,-1.1902127621797263,-1.1087645848638203,-0.9967826357169542,-0.8525362092805153,-0.6765930064930217,-0.4714510273106498,-0.24108734199853643,0.009507554909760074,0.2747667238922986,0.548929099751831,0.8263534034642817,1.1017589571672488,1.3703953343502349,1.6281473686826757,1.8715848985739285,2.0979680375305634,2.3052190409771356,2.4918712959197364,2.6570048945991402,2.8001769203942786,2.9213531864506876,3.020846876415817,3.0992684395837387,3.1574902369611664,3.1966288045150577,3.2180471292140282,3.2233788471603475,3.2145754517114256,3.19397579355973,3.1643931143626105,3.129206021194477,3.0924209277254704,3.058632485583985,3.032723651923334,3.01888233344107,-1.0565709085926756,-1.0588908744448418,-1.0626476298639318,-1.0669322441531222,-1.071218656932615,-1.0752404247737104,-1.078877204176024,-1.0820889631791033,-1.0848787836848715,-1.0872719765688998,-1.0893043580857125,-1.0910156862454699,-1.0924460126680486,-1.093633684132982,-1.094614275506217,-1.0954200491496522,-1.096079711971015,-1.0966183486842738,-1.0970574721118282,-1.0974151754385275,-1.0977064050725858,-1.097943402182409,-1.0981363982214134,-1.0982946822259692,-1.0984281855921836,-1.0985496841763052,-1.0986774185521426,-1.09883645644868,-1.0990521524270207,-1.0992765847572628,-0.016732846901732046,-0.013722508191676752,-0.009098872851154738,-0.0040210910777886966,0.0007899826659922837,0.004881157113914014,0.007968657836727289,0.009877269576293202,0.010501940176482094,0.009782792522400996,0.007688447700559209,0.00420466001389741,-0.0006735437524412191,-0.006947330331570356,-0.014617812369401406,-0.023688488615221104,-0.03416657105373133,-0.04606322581892641,-0.05939257245773888,-0.07416904998365226,-0.09040240687772894,-0.10808900631474216,-0.1271971853070113,-0.1476427528707518,-0.16924776967130128,-0.1916703528625021,-0.2142832069519045,-0.2359581526244483,-0.2546836700789754,-0.2667657386349447,0.22893474193313068,0.22576966340159288,0.2209090274935761,0.21507044427937672,0.208677499245141,0.20202272979327063,0.19530675623400384,0.18866571807620858,0.1821900581085174,0.17593798217910717,0.16994519749346182,0.1642320253903904,0.15880863921881883,0.15367895591884917,0.14884355579079056,0.14430189747558586,0.140054018829872,0.13610186041271177,0.13245030919234324,0.12910803179664754,0.12608814537586,0.12340875773082871,0.12109339489012427,0.11917132194696478,0.11767775042017092,0.11665391004862613,0.11614694205479736,0.116209539146098,0.11689920667288334,0.11827693450527477,0.12040492519975032,0.12334277520039905,0.12714107042432943,0.13183058368338152,0.13740386236662516,0.14378340956216107,0.1507658021939733,0.15792162178894387,0.16441523118874102,0.16867775080754654,0.021339330895671083,0.01835488671559915,0.013733219819243914,0.008427247437737151,0.0029414401105896104,-0.002456949709312539,-0.007630271973539493,-0.012511256040625085,-0.017070562520075327,-0.021298754946769805,-0.025196232122397078,-0.028767620754564405,-0.032018702424437606,-0.03495479828006154,-0.037580005128243776,-0.03989694195379201,-0.041906819610545654,-0.04360973849775007,-0.04500517744708077,-0.04609267881116352,-0.04687277045633209,-0.04734820359027481,-0.0475256344308832,-0.04741794865435622,-0.04704753697490105,-0.04645100716197703,-0.04568611061262118,-0.04484218602863166,-0.04405606302606202,-0.04353858983347436,0.3129500772108713,0.3118857897898124,0.3102799276184669,0.3083114885394025,0.30585660090946476,0.3026859256915486,0.29855843854602426,0.293260244292469,0.28661683219252154,0.2784933013936097,0.2687895646340621,0.2574338638369227,0.24437612509427709,0.22958180399655248,0.21302646231924882,0.19469115166793927,0.17455865415467997,0.15261070643464336,0.12882651076142793,0.10318315996482852,0.07565916111707338,0.04624320903531043,0.014952057335904101,-0.01813563861651346,-0.0528171312653285,-0.088652429780268,-0.12475825480214553,-0.1594287158213774,-0.18944114745863772,-0.20870670861904728,0.037981520419862136,0.04804382037855248,0.06335951471373846,0.08015093445465027,0.09651434762417921,0.11157676050424925,0.12501221001002705,0.13677925540469005,0.1469787782516505,0.15577636817033635,0.16335991844243836,0.16991671646246687,0.1756215039822564,0.18063081987929763,0.18508101795669063,0.1890884912609181,0.19275126263892162,0.19615144795534434,0.19935828963207314,0.202431563699065,0.20542521973402472,0.208391145341011,0.21138296106437338,0.21445975912502035,0.21768969728509546,0.2211533485315158,0.22494668102808646,0.22918349166138796,0.23399701861126232,0.23954028130538063,0.24598437441454735,0.2535133661367581,0.26231341222592164,0.27255181503278436,0.284338303757977,0.2976543653749104,0.31222424166662677,0.3272773943226639,0.34111173796554795,0.3503000527118729,0.029618865428801655,0.0164663548007411,-0.004035565283629694,-0.027707046954674297,-0.05234169324467075,-0.07678032698277093,-0.10042914647056023,-0.1229970571675949,-0.14435348172628437,-0.16445069166002213,-0.18328143946564524,-0.20085615479547414,-0.21719110844423994,-0.2323027813617955,-0.24620578130270587,-0.2589128269100911,-0.27043598748059594,-0.28078874979837565,-0.2899887020030292,-0.29806074130829074,-0.3050407534465194,-0.3109796769240347,-0.31594772078278766,-0.3200381682454463,-0.32336949623459077,-0.32608311120566214,-0.32833111158288375,-0.3302425612228035,-0.331845844160398,-0.33290569148857685,9.899487397811754,9.902344925510988,9.908155749886646,9.915978127275594,9.925040127818647,9.934984086066834,9.945702394732507,9.957215614922461,9.969597803297802,9.98293469172495,9.997301713592606,10.012753516202793,10.029319914523512,10.047005359228933,10.065790238266345,10.085633089649491,10.106473224819638,10.128233503404772,10.150823119358392,10.17414027362247,10.198074517014902,10.22250827998505,10.247316492255777,10.272361910960171,10.297480996203376,10.3224490624998,10.346899711948936,10.370136771001853,10.390696526228567,10.40480069250043,-51.09412132302168,-51.27413528021134,-51.503329720246256,-51.65431638585869,-51.62081916251918,-51.303809887729585,-50.59997487964574,-49.39219536597375,-47.54391711729113,-44.90107941220049,-41.30823512439383,-36.645416524261236,-30.883726156956982,-24.14081590308342,-16.70526419574162,-9.00501169799827,-1.5216598606202751,5.317792182904668,11.226585879805498,16.089623969164677,19.93883195926901,22.897236890916247,25.122655146580655,26.769680014287587,27.97178023168817,28.836669443466235,29.447960063174833,29.86906272021588,30.14740764297312,30.318221050547436,30.40764420153573,30.435221692954656,30.415872755285818,30.361478383274516,30.28220726858126,30.187678424612386,30.088013998174574,29.994736356267822,29.921211857683375,29.88086053072402,-7.695829204229085,-7.678495104835747,-7.652664221030136,-7.623759305293788,-7.594204067136161,-7.565135462384205,-7.53706625540508,-7.510208173975116,-7.4846309756539995,-7.460341855010483,-7.437324449507287,-7.4155570558214094,-7.395020076932269,-7.37569792062277,-7.357578088834998,-7.3406488959735725,-7.324896570717101,-7.310302147947368,-7.296838413138175,-7.284467149176635,-7.273137053940445,-7.262782971112756,-7.253327582264319,-7.244687596685253,-7.236787965637632,-7.229590009395906,-7.223142654780531,-7.217666841293976,-7.2136690295756125,-7.211752972596514,1.2129214184606099,1.210366804619298,1.206508105005014,1.2020849548880506,1.1973503835251904,1.1923541960131843,1.1870585772267077,1.1813910623422998,1.1752679739147425,1.1686040926724672,1.16131583729657,1.1533214375995158,1.1445397683673946,1.1348886307496286,1.1242828410977381,1.1126322945856373,1.0998401107572136,1.0858010043484683,1.0704001612866705,1.0535131835131324,1.0350081909564324,1.0147521284670802,0.9926250670141599,0.9685494745972392,0.9425473259980208,0.9148489739236538,0.8860987062653294,0.8577417683372914,0.8327450442948248,0.8167894308880932,-1.020879639658233,-1.021031715652498,-1.0256132898521173,-1.0339036990299064,-1.041963625975768,-1.045046485374769,-1.0387160624813987,-1.0193405166792218,-0.9842667207631166,-0.931835854316887,-0.8613211891861283,-0.7728294613407343,-0.6671871128710336,-0.5458224314934341,-0.41064937831106363,-0.26395623577263905,-0.10830086866189959,0.053586292546242476,0.21889081742119743,0.3847939242841676,0.5485429909822415,0.7075129745790036,0.8592590944899712,1.001561478638905,1.1324628428992582,1.250300651692669,1.3537355704029324,1.4417783414319274,1.5138174550738768,1.5696500761332572,1.6095185128579033,1.634153847626294,1.644826754265523,1.6434021649074566,1.6323876525711967,1.614951828843914,1.5948620314993605,1.576235337586695,1.56289377185567,1.5568475531297281,-0.6924889343783889,-0.7016947266092757,-0.7161377782285854,-0.7325695013823861,-0.7492747776286706,-0.7654064734560961,-0.7805797543187509,-0.7946519508877827,-0.8076044152076065,-0.819479162877542,-0.8303451206702448,-0.840280477055785,-0.8493638192448998,-0.8576700533631083,-0.8652689083428413,-0.8722248165940982,-0.8785975135942863,-0.884443004088098,-0.889814704987657,-0.8947646526976314,-0.899344674708118,-0.9036073725983442,-0.9076066133802669,-0.9113969050940796,-0.9150303781407274,-0.9185487529503007,-0.9219648920425243,-0.9252222816003268,-0.9281080344981092,-0.9300383611164307,-0.003875036482043015,-0.00383830961447984,-0.0037968378230743838,-0.0038178637778401026,-0.0039792760617274325,-0.00435305792507279,-0.0049985371178991045,-0.005961393740562926,-0.00727510267188336,-0.008963189883615996,-0.011041578670301533,-0.013520731135031383,-0.016407487770266016,-0.019706592835973424,-0.02342192360720219,-0.02755744362821133,-0.03211788543649163,-0.03710913916074787,-0.04253827558204648,-0.048413055025775975,-0.0547406458081241,-0.06152505913496498,-0.06876243256738235,-0.076432631174157,-0.08448443994348054,-0.09280940639791879,-0.10119523328262403,-0.10924123603308544,-0.11620540183480443,-0.12069444579844912,0.030064919306312277,0.03088345134881365,0.03214666893700269,0.033473449253733634,0.03467407705329606,0.035670636049417226,0.03644136712409818,0.03699166350679661,0.037339109594995534,0.03750591460538999,0.037515209259254334,0.037389358860309585,0.037149318612136994,0.036814516519370954,0.03640299280050385,0.03593165493748529,0.03541657677578769,0.03487330688221846,0.034317170428948884,0.033763558327336796,0.03322820184803277,0.03272743239267584,0.03227842637897993,0.031899433958642476,0.03160998854582431,0.031431090580554155,0.03138535322250391,0.031497087602474494,0.03179228749741014,0.03229844185807451,0.03304404752270784,0.034057594386922574,0.03536561477676514,0.036989061252825195,0.03893667382953936,0.04119286880677464,0.043695533382560825,0.046294985123722654,0.04867810310167897,0.050239022058406135,0.0650979812893695,0.062086247265256134,0.057412801171722094,0.0520211767152432,0.046410506967049514,0.04084652563369673,0.035467310017338605,0.030341413555561303,0.025499691458207963,0.02095298590757011,0.016702006572359096,0.012742835393964924,0.009069940313111147,0.005677750707491214,0.002561387821515382,-0.00028311522692092694,-0.0028589176927198423,-0.005168700063677534,-0.007215169085611706,-0.009001720457490592,-0.010533256553117099,-0.011817159852853365,-0.012864409855410486,-0.013690790605323855,-0.014318041835849726,-0.014774604701869976,-0.015095192252829293,-0.015317547532049502,-0.015473148492105793,-0.015567028526703552
mxj,1.4944384018467147,1.4968232533616384,1.4995218791613212,1.5023367472388003,1.505036955749219,1.5074196796246788,1.5093187236642507,1.5106030351158175,1.5111724555583912,1.5109531540665344,1.509893472442048,1.507960404559654,1.5051367536472675,1.501418957406642,1.496815563531058,1.49134635070142,1.4850421135803273,1.4779451617014132,1.470110623411962,1.4616086992767663,1.4525280793193929,1.442980827951125,1.4331091482185485,1.4230945414377203,1.4131698961488794,1.4036346494798977,1.3948714640155515,1.3873549041182898,1.3816196710627153,1.377932297382749,-1.1145242507631323,-1.1164067572940937,-1.1176516391036628,-1.1185169895740827,-1.1191000275627232,-1.1194469267167477,-1.119580062541381,-1.1195110191875344,-1.119246490648905,-1.118791136316716,-1.1181489007715726,-1.1173235446527983,-1.1163187609829492,-1.1151380772953772,-1.1137846536561895,-1.1122610389383212,-1.1105689222248074,-1.1087089030373463,-1.1066802978861787,-1.1044809985062258,-1.1021073974606637,-1.0995543986828906,-1.0968155335730074,-1.0938832073655895,-1.0907491057918648,-1.0874047989822486,-1.0838425887997047,-1.0800566584629223,-1.0760446010364078,-1.0718094284483044,-1.0673621982830923,-1.062725445530031,-1.0579376742873308,-1.0530592491523159,-1.0481801085932965,-1.0434297114153743,-1.0389892089235993,-1.0351034878794998,-1.032082032724249,-1.0302086864580033,-0.36277492610606465,-0.36225415532318195,-0.36244391693087863,-0.36323316291487373,-0.3644621637889447,-0.36599645682606763,-0.36773061117531114,-0.3695832339694096,-0.37149113851320337,-0.37340459792535263,-0.3752838068388886,-0.37709634199775977,-0.37881537944676147,-0.38041846999877293,-0.3818867256093217,-0.38320431184038206,-0.3843581737188604,-0.3853379456591073,-0.38613601276453746,-0.3867477024103252,-0.3871715927149548,-0.3874099286222288,-0.38746913623125856,-0.38736041949266653,-0.3871004045676152,-0.3867117509189031,-0.3862235382758037,-0.3856709278641324,-0.3850928291553175,-0.3845212695990661,-3.6037945443604773,-3.612945914870071,-3.6275973197522724,-3.6468573735994596,-3.6696740306860214,-3.6952431654250617,-3.7229955058841213,-3.7525393953806088,-3.783607290911604,-3.8160147782242433,-3.8496307372234995,-3.88435591299843,-3.920107431768919,-3.956807384043536,-3.994374102602322,-4.0327151363081555,-4.071721163515804,-4.11126023252487,-4.151171766971643,-4.191259739103344,-4.2312842812524565,-4.27095074696328,-4.309894797643111,-4.3476613973379585,-4.3836745473118555,-4.417193081332016,-4.447246392933991,-4.472543640262657,-4.491375731521188,-4.501599935706736,-3.4057866776421406,-3.3539219023452915,-3.2539220655900465,-3.0946476803514997,-2.8663368136426186,-2.564406776438858,-2.190220128321954,-1.7505175307966567,-1.2561508980699045,-0.7205641042087336,-0.15830748641266723,0.4162353692290708,0.9898158792984191,1.5509584653768798,2.090292020962778,2.6006288124665957,3.076857910216006,3.515719878013158,3.9155202956217465,4.275826344300754,4.597176766140905,4.880823295450881,5.128512195525147,5.342307955615695,5.524457135534703,5.677288209159883,5.803142469709002,5.904331128811208,5.98311429976242,6.041698347385207,6.082248942709967,6.106917961448346,6.117882999789828,6.117398574503646,6.107857639652835,6.091859818754969,6.072275894095334,6.052274730500315,6.0352114636281655,6.02378300719511,0.7753934590425615,0.7682876415560358,0.7607409342623974,0.7528443396112188,0.7447085359157803,0.7364284205757805,0.7280811327439842,0.7197286312759594,0.7114207171233851,0.7031975565320998,0.6950916322846084,0.6871292239157007,0.6793315382597243,0.6717155959588563,0.6642949596803902,0.657080375682698,0.6500803933606463,0.643302027844955,0.6367515395602652,0.6304354244306456,0.6243617394754395,0.6185419383891775,0.6129934619322572,0.607743423668273,0.6028338421780113,0.5983289314934108,0.5943247316005742,0.5909595822774807,0.5884170115255389,0.5868541802715672,2.5889961949560583,2.5958626274611145,2.606977726483322,2.621646284906703,2.63904908435574,2.658552090195897,2.679697147008106,2.7021590206349018,2.7257051519135658,2.7501647805372684,2.7754064501992914,2.801321865758368,2.8278142893587557,2.8547901045400224,2.882152562331598,2.9097970071860715,2.93760707121767,2.965451437181173,2.993180813364802,3.020624741152858,3.0475877547028603,3.0738442129300125,3.0991307856015453,3.1231350402706823,3.1454777806443417,3.1656857011680586,3.1831500075073222,3.1970675257399535,3.2063807546524146,3.209823133567596,0.14900699366181414,0.13604234130423265,0.10986648046383607,0.06910260005771818,0.012634959607709106,-0.06066702700165649,-0.15162969429596274,-0.2605381874448085,-0.3870218314614675,-0.5300418467418382,-0.6879513149903005,-0.8586007363470571,-1.0394675320004296,-1.2277927544167966,-1.420712689621638,-1.6153769246793814,-1.8090477782165806,-1.9991787305341404,-2.183471634337451,-2.3599140584609444,-2.526799164947292,-2.6827311179768856,-2.826619258792391,-2.957664245057444,-3.075339132317481,-3.1793680439935343,-3.269704694777701,-3.346512643345477,-3.410148780977387,-3.4611512234799306,-3.500232456980349,-3.5282782668659394,-3.546352589998037,-3.5557078474809245,-3.557799268691106,-3.5542995451695205,-3.5471052505451297,-3.5383126393086997,-3.5301043258738467,-3.524243530791715,-0.5893885100302825,-0.5848963247324335,-0.5796370478878963,-0.57376512526419,-0.5674511053419398,-0.5608345736593598,-0.554024685538911,-0.5471062687124171,-0.5401456608443151,-0.5331952394126471,-0.5262967537949397,-0.519483743680107,-0.5127833042947785,-0.5062174000310087,-0.4998038763751964,-0.49355728288891676,-0.4874895967383601,-0.4816109250470406,-0.4759302640461449,-0.47045640376514,-0.46519909041591134,-0.4601705976481405,-0.45538791642617227,-0.450875853866048,-0.4466714266191385,-0.44282999062642325,-0.43943336516237563,-0.436598730978746,-0.43448123198086464,-0.43321405211931285,-1.0669241503139375,-1.0686649652363922,-1.070680166596759,-1.0728232459319713,-1.074925459190574,-1.0768403240709006,-1.0784488892491844,-1.0796579340399823,-1.0803964263844144,-1.0806119374609722,-1.0802674772903451,-1.0793388659103584,-1.0778126410070499,-1.0756844742419673,-1.0729580696557228,-1.0696445303695334,-1.0657621982794154,-1.0613369943180828,-1.0564033150458023,-1.0510055768443891,-1.0452005443579893,-1.0390606369826116,-1.032678474344145,-1.0261729828835158,-1.0196973828590714,-1.0134490867343402,-1.0076803556876612,-1.002703111489467,-0.9988659279301118,-0.996329179270731,0.8036266913950882,0.8050785741016,0.8062268232579513,0.8072202803762067,0.8080829957862363,0.8088101636682836,0.8093888739946777,0.809806352089339,0.8100527282901808,0.8101217615970029,0.8100106798993352,0.8097196582330497,0.8092511703401613,0.8086093261856284,0.8077992495265498,0.8068265207411187,0.8056966961740812,0.8044149083791012,0.8029855490426918,0.8014120359105981,0.7996966659378764,0.7978405586629833,0.7958436962736215,0.7937050699840036,0.791422946316235,0.7889952719654829,0.7864202426176199,0.7836970701261308,0.7808269949473186,0.7778146082562536,0.7746695728774284,0.7714088667443448,0.7680597196437233,0.7646634733238002,0.7612806549081981,0.757997555438866,0.754934344837423,0.7522532440886245,0.7501595553796321,0.7488435491700347,0.27224612995989084,0.2718380836413594,0.2718801730525975,0.27230340146638277,0.27300492406912724,0.2738978087901742,0.2749138708901473,0.27600058897679425,0.27711736417164445,0.27823243887570914,0.2793205799198981,0.2803614027262613,0.2813381854321202,0.28223704761402235,0.28304640004487513,0.2837565986557138,0.2843597566854852,0.28484968406258204,0.28522193415133046,0.28547394604616727,0.2856052763977823,0.2856179186107841,0.28551670890906244,0.2853098167979784,0.2850093078227207,0.28463173796487107,0.2841986624790591,0.2837366994020716,0.28327613348390024,0.2828424164696921,-0.8200853011116438,-0.8209277476748973,-0.8210768962042216,-0.8205171059294791,-0.819226698194651,-0.8171668111377492,-0.8142925789649968,-0.8105621228258837,-0.8059420944317068,-0.8004106195250458,-0.7939585854783235,-0.7865899590383165,-0.7783215963298034,-0.7691828530226346,-0.7592152070608407,-0.7484720540156715,-0.7370188147236547,-0.724933500976892,-0.7123079154523779,-0.699249719991883,-0.6858856961395503,-0.6723666524865308,-0.6588746107774917,-0.6456331199524428,-0.6329217416841715,-0.6210956346671992,-0.6106098161070115,-0.6020402212639766,-0.5960685648230672,-0.5931741676902185,0.42348335442185814,0.4227575025459771,0.4196336362564743,0.4146294248623299,0.4082570221461843,0.4009028684017615,0.3928418850624169,0.384265102232181,0.3753038640864155,0.36604826637330135,0.3565606350003492,0.3468852165000449,0.3370550668363741,0.3270968742411142,0.3170342460808939,0.306889840857,0.2966866240904622,0.28644845829096965,0.2762001919776331,0.26596738319039304,0.25577577387241845,0.24565061948885614,0.2356159711684036,0.22569400438541365,0.2159044883963297,0.20626449465832408,0.19678845137413248,0.18748866707939627,0.1783764719040697,0.16946416539246556,0.16076802109432364,0.1523126892636668,0.14413747000678612,0.13630510638533266,0.12891395410688844,0.12211450488457487,0.1161308232976701,0.11128426704587113,0.10800368461440257,0.10670290600224064,0.37339970992474036,0.3748697480898393,0.3785321515397442,0.38404003344151505,0.3909164796796105,0.39876104743741436,0.40725836733163945,0.41616258886762303,0.42528013540920284,0.43445594718224,0.4435633875141054,0.4524971061663834,0.4611681014358968,0.4695003721053528,0.47742870885637956,0.4848973023329126,0.4918589379186624,0.4982746109034437,0.5041134358978994,0.5093527451051134,0.5139782729253728,0.5179843082169242,0.521373656162587,0.5241571815162471,0.5263525937921738,0.5279819789183575,0.5290674175797738,0.5296241993912094,0.5296529399215171,0.5291514654160165,1.6949950286209194,1.6994187169697152,1.7065903041115416,1.7160991378462107,1.727462915302878,1.7403247221961653,1.7544432662388232,1.7696628867043458,1.7858864665131584,1.8030551831003265,1.8211341609094482,1.8401025043167039,1.859946391208286,1.8806542330240994,1.902213179702553,1.9246064438058,1.9478110459682085,1.971795655925746,1.9965182301389746,2.0219231331274514,2.0479373751285905,2.0744655004720087,2.1013825152110286,2.1285240507240104,2.155672760234708,2.1825399102300125,2.2087418663101417,2.2337755460326747,2.2570139409530654,2.2778724035890434,16.78582129932424,16.772514464423338,16.734879447393396,16.649407429451884,16.48674584548081,16.21692854662342,15.809733913858224,15.234430261459295,14.459942742356702,13.456261657002642,12.197935433318492,10.670461223958341,8.879348927703944,6.859258529992502,4.677996431547967,2.4304202918462465,0.22191555459346546,-1.8526031038479687,-3.7251777623425255,-5.360823934519374,-6.753407713723391,-7.9163232611244325,-8.873171338226399,-9.651024249980622,-10.276491124431743,-10.773780350932242,-11.163984382728472,-11.465026939472295,-11.691934461123083,-11.857242364926549,-11.971437750336776,-12.043392739215392,-12.080771724867759,-12.090410872332626,-12.078674364477308,-12.051790198022658,-12.016154478579992,-11.978541404889349,-11.946008228145985,-11.92418151592279,-1.326098483498491,-1.3122289030574663,-1.2978694453592183,-1.2831108056995362,-1.2680926354654822,-1.252941572493107,-1.2377646022608815,-1.2226505460709056,-1.2076731573941473,-1.1928939744686744,-1.1783646047915575,-1.1641284665770826,-1.1502221016671506,-1.1366761788947635,-1.123516296825521,-1.1107636834078143,-1.098435886694208,-1.0865475557313076,-1.075111430072468,-1.064139690893919,-1.0536458820971735,-1.0436476953463227,-1.0341710350731574,-1.025255945099012,-1.0169651727915205,-1.00939626317144,-1.002697718229304,-0.9970868346273596,-0.992855376822618,-0.9902518629835653,-0.6189528342879664,-0.621492331031936,-0.6260887920479306,-0.632457326974528,-0.6402655534850616,-0.6492652759612962,-0.659284442940292,-0.6702060064455697,-0.681949240352635,-0.6944559085435689,-0.7076804974990907,-0.7215834029211479,-0.736126137877747,-0.7512678707713754,-0.7669627941958357,-0.7831579589225939,-0.7997912881026714,-0.8167895243379704,-0.834065861260818,-0.851516970616121,-0.8690190503481574,-0.8864223775448039,-0.9035436349708661,-0.9201549808111942,-0.9359684673414428,-0.9506141623031148,-0.9636109204051202,-0.9743337704063393,-0.9820041645605251,-0.9858977433632745,-1.1577251576354648,-1.1544801169075072,-1.146376157081093,-1.1325109217765323,-1.111835426073661,-1.083180899387088,-1.0454399996170665,-0.9977000660187727,-0.9393245849638845,-0.869994444089194,-0.7897204456125451,-0.6988356206531847,-0.5979734659996581,-0.4880365112775138,-0.37015847028911253,-0.24566245274379384,-0.11601717885003637,0.017207246466796278,0.15238274026496867,0.28786481827612675,0.42203155431005257,0.5533193456509409,0.6802551101344037,0.8014847330780341,0.9157977607704382,1.0221484920831116,1.11967374253706,1.207707631893392,1.2857937626144675,1.3536950915940764,1.4114016206882347,1.4591357025022766,1.497354200990081,1.5267458544781718,1.5482207733111544,1.5628867731874792,1.5720037922764156,1.5769027872137862,1.5788520672468849,1.5788828838574318,0.5978312270723691,0.5944624162860386,0.5888378698112149,0.5813831770709648,0.5725705257311056,0.5627808919651436,0.5523077643562218,0.5413763476239435,0.5301613363755084,0.518800403051582,0.507403892077722,0.49606166246148753,0.48484790710442205,0.47382457275428713,0.46304383004407157,0.45254991608411377,0.44238058748739384,0.43256837024514727,0.42314177000384134,0.4141266065825624,0.40554766266570663,0.39743088986801745,0.3898065030719735,0.3827134204356115,0.3762056639407918,0.37036145022188904,0.36529548235814646,0.3611728484757819,0.3582142338233889,0.3566088185163183,0.31200661290073795,0.3124230371510226,0.3127394670828103,0.31293932526599644,0.3130047756732717,0.31291776308583774,0.31266197015044206,0.31222395411028003,0.31159361952230036,0.3107642872954397,0.30973254782133,0.3084980184288444,0.3070630803923704,0.3054326435146244,0.30361397098899534,0.3016165899196048,0.29945231126744964,0.2971353859480974,0.2946828313747556,0.2921149751321437,0.2894562809522725,0.2867365479033577,0.2839926072403891,0.2812706789577817,0.2786295739939959,0.27614486347249034,0.27391376318145966,0.2720585956905328,0.27072091534097353,0.2699834686253233,-0.1295263642874609,-0.1296028086312191,-0.12930372417247327,-0.1287281725240419,-0.12795265581242532,-0.12703231464789333,-0.12600616875729642,-0.12490193601463595,-0.12373947847743594,-0.12253317872698233,-0.12129355574712619,-0.12002836331487998,-0.11874333914153645,-0.11744271853005728,-0.11612958878857604,-0.11480613567473874,-0.11347381674586643,-0.11213348581441096,-0.11078548582644387,-0.10942972311678467,-0.10806573332001079,-0.10669274770737402,-0.10530976806084169,-0.10391565822272675,-0.10250926112903791,-0.10108955151486221,-0.09965583676020984,-0.09820802186741062,-0.096746959873931,-0.09527491693849299,-0.0937961931073108,-0.09231795705664148,-0.09085137803188736,-0.08941317269009019,-0.0880277275860113,-0.08672999499433232,-0.08556932100153425,-0.08461394045986115,-0.083953707146315,-0.08368418163012414,-0.17615905746243588,-0.1764600646496861,-0.17719641631491534,-0.17830547484149495,-0.17968824408870265,-0.18126026846587173,-0.18295487586899206,-0.18472039372727878,-0.1865166062028596,-0.18831180751460863,-0.19008057541753942,-0.19180215464439154,-0.19345930761701613,-0.19503751240760536,-0.19652441710512125,-0.19790948483698578,-0.19918378236931122,-0.20033987852017265,-0.20137182725532998,-0.2022752153734393,-0.20304725627829745,-0.2036869094568643,-0.20419499911319994,-0.2045742934244963,-0.2048294856788777,-0.20496698756098786,-0.20499440482251474,-0.2049195542986899,-0.2047490942213308,-0.20448933998815955
myj,0.8220259276199187,0.8262953127570256,0.8314220042194052,0.8374849554253814,0.8444201627914651,0.8520895602886469,0.8603135872741206,0.8688898416186674,0.8776039432014926,0.8862359920259877,0.8945643300221917,0.9023675728555745,0.9094254855885815,0.9155190628862631,0.9204300532525411,0.9239400971313794,0.9258296121151588,0.9258765465548144,0.9238551357124933,0.9195348391854736,0.9126797323516982,0.9030488032305399,0.8903979385489293,0.8744850070772614,0.8550806447413493,0.8319897549241659,0.8050935846198399,0.7744341168360052,0.7403802069852077,0.7040493199910856,-0.9575540746769491,-0.9271699050113114,-0.8970185668465831,-0.8673064874566663,-0.8381605281192748,-0.8096618778768772,-0.7818584339983516,-0.7547757322747657,-0.7284240262599297,-0.702803032997366,-0.6779050918789835,-0.6537172649229106,-0.6302227101471161,-0.607401544122883,-0.5852313353512706,-0.5636873220285539,-0.5427424160582124,-0.5223670340863832,-0.5025287823667242,-0.48319201318292304,-0.46431726492110137,-0.4458605947338121,-0.42777281149860613,-0.4099986170606016,-0.39247566548816337,-0.3751335534071849,-0.35789275999902515,-0.34066356416661137,-0.3233449810598543,-0.3058237850875045,-0.2879737300498988,-0.2696551548732913,-0.25071530592235547,-0.23098997429251256,-0.21030756238218373,-0.18849773223927713,-0.16540893936506507,-0.1409441653110548,-0.11513425201074767,-0.08831056401731985,0.5308949785159598,0.5315836082697984,0.531408305037651,0.5302458665587935,0.5280964195971976,0.5250038587779144,0.5210281352534594,0.5162332610070095,0.5106824688483869,0.5044364483214974,0.4975529671883123,0.49008709793050276,0.4820916845987,0.4736178756855276,0.4647156394361238,0.4554342210694684,0.4458225209052058,0.43592937955650335,0.42580375646329216,0.4154947834167366,0.405051665988033,0.39452339201690734,0.38395818587463637,0.3734026158742303,0.3629002131737771,0.3524893798597297,0.3422002297008042,0.3320497435195975,0.3220343310377132,0.31211670537228287,-0.5424335302485588,-0.07014113279802814,0.40226505091777653,0.8748671863874051,1.3476359827066062,1.8204997667605767,2.293377338442724,2.7661890969996534,3.238859647540778,3.7113164853572016,4.183486924353218,4.655294222297897,5.126653315590545,5.597466305074363,6.067617689593931,6.536969262133368,7.0053545295265565,7.47257248255095,7.93838052607358,8.402486394603429,8.864538960472998,9.324118065818936,9.780724030209456,10.233768629251927,10.682571825010541,11.126373901883653,11.56438529943216,11.995923648050052,12.420780746816831,12.839989555563193,-2.453527191023568,-3.2789779500063787,-4.130164216846197,-4.99521666650719,-5.852924094894547,-6.677618608515786,-7.443314642018095,-8.12678508284273,-8.709484776614943,-9.178467415802743,-9.526498754533236,-9.751590684333053,-9.85617449122742,-9.846105145843495,-9.729648130317543,-9.516554036686216,-9.21728162037055,-8.842392834759437,-8.402116457143421,-7.906060439065527,-7.363045430054996,-6.7810305594966565,-6.167105038592581,-5.527523455828998,-4.867767399716513,-4.192620444679051,-3.5062471902505763,-2.812269840943088,-2.1138377862922653,-1.4136868863285486,-0.714185798198173,-0.017366796254350447,0.6750617709220137,1.3617248785506604,2.041616367612164,2.7141654618512803,3.3793383513244635,4.037773004311589,4.690928511995878,5.3411178092553655,5.3125633895699025,5.112886242825255,4.9133698193471105,4.714004358361649,4.514790620511718,4.315739863968815,4.116867166350076,3.9181884479351794,3.719718573874786,3.5214702362212407,3.32345331751128,3.125674580771779,2.928137585983042,2.730842770169609,2.533787650503811,2.336967124515624,2.1403738507078316,1.9439986983037443,1.747831257377726,1.5518603992841093,1.3560748708993344,1.1604638914394911,0.9650176912301447,0.7697278743425784,0.574587376452655,0.37958957811864025,0.18472568204489903,-0.010021264515103212,-0.2046901113633055,-0.3993570228011265,-0.001990383629902226,0.26216276262371707,0.526150011786342,0.7899577664319679,1.0535298691035564,1.3167935924843448,1.579673786606719,1.8420976413600556,2.103995584354948,2.3653003229165677,2.625945045291644,2.885861243560271,3.1449763554267918,3.403211276156213,3.6604777044018277,3.9166752244904046,4.17168797927777,4.425380745201425,4.6775941871532325,4.928139056244781,5.176789127439065,5.4232728174949045,5.667263802665531,5.908371838277816,6.146136948289438,6.38003447073595,6.609508493682483,6.834073587349565,7.053593638228165,7.26891488280188,-3.459444719321823,-3.6032151738202742,-3.74624456176889,-3.8881307883127647,-4.0278130398845065,-4.163107718317519,-4.290913353978965,-4.407552587849523,-4.50912583062069,-4.591821551577368,-4.652163889348628,-4.687192860534594,-4.694580057680753,-4.672686901417308,-4.620574754166526,-4.537977127018422,-4.425244173608689,-4.283268930067873,-4.113403560508651,-3.917372408193387,-3.697187105624863,-3.455067495179435,-3.193370747641609,-2.9145298911411146,-2.621001996575586,-2.3152254999460524,-1.9995855508794875,-1.676385822875318,-1.347824861361346,-1.0159747370643117,-0.6827594761549562,-0.34993042566526356,-0.019035376075350996,0.3086220536877988,0.6320364089899044,0.9505709382289922,1.2640456405213456,1.5728361365069645,1.877957159536919,2.1810098890798315,3.0560711936240352,2.951247778717544,2.845887007099833,2.7399358216829484,2.6334242217042743,2.5264109541533912,2.418961173002984,2.3111378681900305,2.2029985462015134,2.094594190760631,1.9859692105275357,1.8771618095644698,1.7682045226305618,1.6591247981201285,1.54994557735143,1.4406858499457371,1.3313611792925641,1.221984197629098,1.1125650713954656,1.003111935335042,0.8936312890053415,0.7841283410833739,0.6746072733277231,0.5650713740857469,0.45552295486652383,0.34596290562656407,0.23638963448063066,0.1267970870303543,0.017170818224755635,-0.09251011675019072,0.5278665220672423,0.528190382506935,0.5291495486587792,0.5307994049815292,0.5330920542310622,0.535928058568441,0.5391801605984874,0.5427064710168068,0.5463579370910558,0.5499826535590664,0.55342828217454,0.5565432811894766,0.5591773538202576,0.561181369223176,0.5624069225535246,0.5627056519180864,0.5619284048859692,0.5599243396435405,0.5565400553447741,0.551618877365561,0.5450004876668899,0.5365212118594229,0.5260154987714856,0.5133195472947989,0.49827883480197244,0.48076290647887276,0.46069399835349856,0.4381039627432557,0.41324531556966093,0.38687354128763474,-0.5805540895174488,-0.5598484775297408,-0.5395252088355846,-0.5197571204774647,-0.5006275246875518,-0.4821739461356067,-0.46440466201715225,-0.4473103542525827,-0.43087113688696377,-0.41506100602229523,-0.39985066686883997,-0.38520932409696584,-0.3711057816702201,-0.3575090685207014,-0.34438872936797793,-0.33171487288356705,-0.31945803972886844,-0.3075889333882411,-0.29607804379941394,-0.28489518496156574,-0.2740089617399697,-0.26338617710815093,-0.2529911885500802,-0.24278522102472522,-0.2327256436184939,-0.2227652179088615,-0.2128513284637812,-0.20292521059026924,-0.19292119897460935,-0.18276603613147557,-0.17237830706759638,-0.16166811664994185,-0.15053721883380078,-0.138879981997853,-0.12658591401217478,-0.11354515573840729,-0.09965977667148351,-0.08486702298466398,-0.06918745067984844,-0.05283843687380596,0.30535605174013014,0.3072106292549144,0.3085000486500782,0.3091424248730874,0.30913744400981713,0.3085139980990519,0.3073118973946727,0.3055738446546066,0.30334214221423395,0.30065745132409916,0.29755848976373844,0.2940821494519401,0.2902637898643907,0.28613758906312636,0.28173689464829,0.27709454583829274,0.27224315128939836,0.26721531227871687,0.26204378118911986,0.2567615421785341,0.25140179474889734,0.24599781098859275,0.24058262156792765,0.23518846051821996,0.22984585741931696,0.22458219345349306,0.21941940884948252,0.21437027995993674,0.209432296391185,0.20457585389995359,1.5258023400255354,1.5593099148960619,1.5926361088525596,1.6257648103087377,1.6586715572894946,1.6912964771972838,1.7235446244346804,1.7552922759296052,1.7863939205226416,1.8166883218038947,1.8460033213825682,1.8741594379687285,1.9009724233985708,1.9262549438915357,1.9498175314890887,1.9714689227544113,1.991015878467124,2.0082625658719735,2.023009590528318,2.0350527991347462,2.044182058862134,2.050180393390292,2.0528242004371577,2.0518859505892806,2.0471421049060154,2.0383917431159944,2.025497133009935,2.0084713469529447,1.9876632112613208,1.964225705157034,-1.636327436162972,-1.6352428670887207,-1.631981220018588,-1.6264398364633053,-1.618795656497241,-1.6093021413415727,-1.5982178044043849,-1.5857792000952031,-1.5721921097538143,-1.5576303111472498,-1.5422375483140058,-1.526130764506206,-1.5094037134776954,-1.4921305329610277,-1.4743690787681771,-1.4561639175949495,-1.4375489231938445,-1.4185494429898426,-1.3991840138407952,-1.3794656128256975,-1.3594024345843536,-1.3389981918810463,-1.3182519412901001,-1.2971574411244546,-1.2757020541473594,-1.2538652133923733,-1.2316164763665256,-1.2089132025259914,-1.1856979046951892,-1.1618953533206877,-1.1374095658102306,-1.1121209157898875,-1.0858837965079147,-1.0585256645636036,-1.029849073839955,-0.9996399287266513,-0.9676886245720766,-0.9338388135863624,-0.8980957054515102,-0.8608911173560188,1.7312364913155278,1.7348064699848749,1.7358286351659444,1.7339376968488978,1.7291214545233515,1.72149155117188,1.7112042650256853,1.6984269975386042,1.6833251055337541,1.6660573138411792,1.6467748726852278,1.6256222584044053,1.6027384053701326,1.5782579956578502,1.5523125859424454,1.525031468705265,1.496542216350008,1.466970874856429,1.4364417740738418,1.4050769131150673,1.3729948665301208,1.3403091453137677,1.3071259441437633,1.2735412297034827,1.2396372123923811,1.2054784866260206,1.1711087419088244,1.1365505870416541,1.1018149339965646,1.0669414188271489,-1.5013322952148087,-0.5149659116630119,0.47188629393917836,1.459593489267263,2.4483050906719654,3.4380913134614275,4.429008886656447,5.421123068364068,6.414514068538665,7.409276846535249,8.405518357312758,9.403353969571072,10.402903818687264,11.404289414098457,12.40763061992402,13.41304304084042,14.420635808057341,15.430509752573926,16.4427559560354,17.457454677525675,18.474674657391006,19.49447278761636,20.51689408119819,21.541971712451414,22.569726498856653,23.600164157689505,24.633266428947536,25.66896411025209,26.707075429946826,27.747002188529734,23.721463781953616,18.57584650734634,13.388298175247655,8.162192903861978,2.9140059371620737,-2.3291902228374965,-7.529865233324017,-12.638521502129151,-17.590941816706618,-22.304909811136895,-26.677869987222948,-30.58805912240132,-33.9025864854957,-36.49448612868218,-38.26681711506171,-39.1758797005823,-39.24336309437422,-38.55087002212167,-37.21907936853677,-35.381264902156545,-33.16154457167795,-30.66332509321728,-27.96679532199414,-25.131608617091842,-22.201151876422955,-19.206649685766024,-16.170496792245103,-13.108779353398859,-10.033114933161414,-6.951967915159912,-3.8715753352062166,-0.7965861629945721,2.269512943628797,5.324137471028735,8.365483032583143,11.392531085234623,14.405186465719453,17.404558143968643,20.393397629921083,23.37645078777166,19.546333763865846,18.77687509820339,18.01081448695777,17.248365674961406,16.48942048862,15.733794575209686,14.981288707664135,14.231712073806193,13.484887943021931,12.740653234124693,11.99885605363852,11.259352915097224,10.522006291998878,9.786682729181848,9.053251557716067,8.321584192400223,7.591553971975372,6.863036502403702,6.135910467769463,5.410058872706941,4.6853706640122255,3.961742631166544,3.2390813788392734,2.517304941452039,1.7963431561006473,1.0761349987078574,0.35661908815495735,-0.36229001229207825,-1.0807595299761488,-1.7991190247905422,0.7880102098096984,0.9095256763457655,1.0305218323736085,1.1509708953649351,1.2708776716274315,1.3902411750218562,1.5090473030163594,1.6272678498066853,1.7448616037559077,1.8617757309475564,1.977946921219882,2.0933021516714234,2.207759057792373,2.3212259382687535,2.4336014201230682,2.5447737995018542,2.6546200602272165,2.7630045628313837,2.869777397615053,2.974772416335327,3.0778050184612766,3.178669908661732,3.277139339989162,3.372962972733376,3.4658717501392857,3.5555908729793373,3.641872826626468,3.724574989870007,3.803839228117795,3.88051838484877,-1.4680385706232357,-1.575683941481941,-1.684159023149732,-1.7941454663480272,-1.9058902944746023,-2.0189660227115382,-2.1323361856595966,-2.244488070871739,-2.3535768087722317,-2.457559794206645,-2.5543152314867257,-2.6417434700797457,-2.7178515679365773,-2.780822090210677,-2.8290672994021406,-2.8612699018185594,-2.8764114955297373,-2.8737898511062667,-2.8530261558921666,-2.8140633570887985,-2.7571567384056834,-2.682857846395109,-2.5919928351845556,-2.4856362133700713,-2.3650808480742853,-2.2318049040918595,-2.0874361711635174,-1.9337139579120048,-1.7724484127074902,-1.60547677456384,-1.43461567553868,-1.2616082395988997,-1.0880644160667998,-0.9153928925006767,-0.7447233804437019,-0.5768198482030584,-0.41199022632872584,-0.2500119457916412,-0.09012436658395018,0.06872198329044465,2.9332521128008864,2.86590016217491,2.796565632321119,2.7250665694120926,2.6514799428381366,2.5759637453251116,2.4986936580042993,2.4198393176027366,2.3395561864040246,2.2579837127204883,2.175245981927901,2.0914532390174827,2.0067035871406915,1.9210845735483417,1.8346745554947574,1.7475438182727885,1.6597554492198014,1.571365980843666,1.4824258157327677,1.3929794410039449,1.3030654358288984,1.2127162751671676,1.1219579450021229,1.0308094226672893,0.9392821759923891,0.8473800789907955,0.7551007097177944,0.6624405752471034,0.5694097911741665,0.47608275792286037,0.384198214402911,0.38452311157644203,0.3848657147176482,0.3852222980720228,0.3855801282150537,0.3859170514906225,0.3862034388872928,0.3864042783377215,0.3864809034432426,0.38639229410082976,0.38609599861010224,0.3855487469265313,0.38470681852652433,0.38352621670804865,0.3819626902099742,0.3799716344124988,0.37750789885365066,0.3745255256978339,0.37097744640090013,0.36681517345934367,0.36198854557758864,0.35644562700076676,0.35013294300870257,0.34299638964157,0.3349834601876296,0.32604805185499686,0.316160386871573,0.3053276882659617,0.2936363028771183,0.2813593180571221,-0.30251255434344415,-0.3001155424697046,-0.2974852027074917,-0.29463363975685297,-0.2915955548435818,-0.2884094425748458,-0.28511102862822213,-0.28173161961950655,-0.2782979800898602,-0.2748327266079116,-0.27135484343554594,-0.2678801770679513,-0.26442186129145284,-0.26099066240675484,-0.2575952485120183,-0.2542423911693845,-0.2509371081894187,-0.24768275517772054,-0.2444810720059536,-0.2413321889451936,-0.23823459598344243,-0.23518507789418663,-0.23217861688317498,-0.22920826411217377,-0.22626498105267956,-0.22333745148955586,-0.22041186519376765,-0.21747167505236575,-0.21449733132760684,-0.21146600080027156,-0.20835128687295423,-0.20512298334605816,-0.2017469275523638,-0.19818508399956158,-0.19439612171457554,-0.19033702221028648,-0.18596684638040983,-0.1812551483533298,-0.17620078054610389,-0.17087593395095269,0.2687702494377078,0.2751648624742131,0.28099368457414187,0.28616990497877737,0.2906879777934819,0.29457166562555415,0.29785598062790086,0.3005791731743841,0.30277940116238256,0.30449343057432543,0.3057562683694073,0.30660121440294574,0.30706008950477326,0.3071635210221473,0.3069412267003315,0.3064222663305429,0.3056352438080694,0.3046084474837585,0.30336991760984233,0.30194742815390896,0.3003683671118722,0.2986594956699946,0.2968465629407433,0.29495375178055383,0.2930029374766008,0.29101276756640004,0.2889976502334548,0.28696696376294284,0.28492539322790833,0.2828772879718642
mzj,0.0,0.0,0.0,0.0,0.0,0.0,0.0,0.0,0.0,0.0,0.0,0.0,0.0,0.0,0.0,0.0,0.0,0.0,0.0,0.0,0.0,0.0,0.0,0.0,0.0,0.0,0.0,0.0,0.0,0.0,0.0,0.0,0.0,0.0,0.0,0.0,0.0,0.0,0.0,0.0,0.0,0.0,0.0,0.0,0.0,0.0,0.0,0.0,0.0,0.0,0.0,0.0,0.0,0.0,0.0,0.0,0.0,0.0,0.0,0.0,0.0,0.0,0.0,0.0,0.0,0.0,0.0,0.0,0.0,0.0,0.0,0.0,0.0,0.0,0.0,0.0,0.0,0.0,0.0,0.0,0.0,0.0,0.0,0.0,0.0,0.0,0.0,0.0,0.0,0.0,0.0,0.0,0.0,0.0,0.0,0.0,0.0,0.0,0.0,0.0,0.0,0.0,0.0,0.0,0.0,0.0,0.0,0.0,0.0,0.0,0.0,0.0,0.0,0.0,0.0,0.0,0.0,0.0,0.0,0.0,0.0,0.0,0.0,0.0,0.0,0.0,0.0,0.0,0.0,0.0,0.0,0.0,0.0,0.0,0.0,0.0,0.0,0.0,0.0,0.0,0.0,0.0,0.0,0.0,0.0,0.0,0.0,0.0,0.0,0.0,0.0,0.0,0.0,0.0,0.0,0.0,0.0,0.0,0.0,0.0,0.0,0.0,0.0,0.0,0.0,0.0,0.0,0.0,0.0,0.0,0.0,0.0,0.0,0.0,0.0,0.0,0.0,0.0,0.0,0.0,0.0,0.0,0.0,0.0,0.0,0.0,0.0,0.0,0.0,0.0,0.0,0.0,0.0,0.0,0.0,0.0,0.0,0.0,0.0,0.0,0.0,0.0,0.0,0.0,0.0,0.0,0.0,0.0,0.0,0.0,0.0,0.0,0.0,0.0,0.0,0.0,0.0,0.0,0.0,0.0,0.0,0.0,0.0,0.0,0.0,0.0,0.0,0.0,0.0,0.0,0.0,0.0,0.0,0.0,0.0,0.0,0.0,0.0,0.0,0.0,0.0,0.0,0.0,0.0,0.0,0.0,0.0,0.0,0.0,0.0,0.0,0.0,0.0,0.0,0.0,0.0,0.0,0.0,0.0,0.0,0.0,0.0,0.0,0.0,0.0,0.0,0.0,0.0,0.0,0.0,0.0,0.0,0.0,0.0,0.0,0.0,0.0,0.0,0.0,0.0,0.0,0.0,0.0,0.0,0.0,0.0,0.0,0.0,0.0,0.0,0.0,0.0,0.0,0.0,0.0,0.0,0.0,0.0,0.0,0.0,0.0,0.0,0.0,0.0,0.0,0.0,0.0,0.0,0.0,0.0,0.0,0.0,0.0,0.0,0.0,0.0,0.0,0.0,0.0,0.0,0.0,0.0,0.0,0.0,0.0,0.0,0.0,0.0,0.0,0.0,0.0,0.0,0.0,0.0,0.0,0.0,0.0,0.0,0.0,0.0,0.0,0.0,0.0,0.0,0.0,0.0,0.0,0.0,0.0,0.0,0.0,0.0,0.0,0.0,0.0,0.0,0.0,0.0,0.0,0.0,0.0,0.0,0.0,0.0,0.0,0.0,0.0,0.0,0.0,0.0,0.0,0.0,0.0,0.0,0.0,0.0,0.0,0.0,0.0,0.0,0.0,0.0,0.0,0.0,0.0,0.0,0.0,0.0,0.0,0.0,0.0,0.0,0.0,0.0,0.0,0.0,0.0,0.0,0.0,0.0,0.0,0.0,0.0,0.0,0.0,0.0,0.0,0.0,0.0,0.0,0.0,0.0,0.0,0.0,0.0,0.0,0.0,0.0,0.0,0.0,0.0,0.0,0.0,0.0,0.0,0.0,0.0,0.0,0.0,0.0,0.0,0.0,0.0,0.0,0.0,0.0,0.0,0.0,0.0,0.0,0.0,0.0,0.0,0.0,0.0,0.0,0.0,0.0,0.0,0.0,0.0,0.0,0.0,0.0,0.0,0.0,0.0,0.0,0.0,0.0,0.0,0.0,0.0,0.0,0.0,0.0,0.0,0.0,0.0,0.0,0.0,0.0,0.0,0.0,0.0,0.0,0.0,0.0,0.0,0.0,0.0,0.0,0.0,0.0,0.0,0.0,0.0,0.0,0.0,0.0,0.0,0.0,0.0,0.0,0.0,0.0,0.0,0.0,0.0,0.0,0.0,0.0,0.0,0.0,0.0,0.0,0.0,0.0,0.0,0.0,0.0,0.0,0.0,0.0,0.0,0.0,0.0,0.0,0.0,0.0,0.0,0.0,0.0,0.0,0.0,0.0,0.0,0.0,0.0,0.0,0.0,0.0,0.0,0.0,0.0,0.0,0.0,0.0,0.0,0.0,0.0,0.0,0.0,0.0,0.0,0.0,0.0,0.0,0.0,0.0,0.0,0.0,0.0,0.0,0.0,0.0,0.0,0.0,0.0,0.0,0.0,0.0,0.0,0.0,0.0,0.0,0.0,0.0,0.0,0.0,0.0,0.0,0.0,0.0,0.0,0.0,0.0,0.0,0.0,0.0,0.0,0.0,0.0,0.0,0.0,0.0,0.0,0.0,0.0,0.0,0.0,0.0,0.0,0.0,0.0,0.0,0.0,0.0,0.0,0.0,0.0,0.0,0.0,0.0,0.0,0.0,0.0,0.0,0.0,0.0,0.0,0.0,0.0,0.0,0.0,0.0,0.0,0.0,0.0,0.0,0.0,0.0,0.0,0.0,0.0,0.0,0.0,0.0,0.0,0.0,0.0,0.0,0.0,0.0,0.0,0.0,0.0,0.0,0.0,0.0,0.0,0.0,0.0,0.0,0.0,0.0,0.0,0.0,0.0,0.0,0.0,0.0,0.0,0.0,0.0,0.0,0.0,0.0,0.0,0.0,0.0,0.0,0.0,0.0,0.0,0.0,0.0,0.0,0.0,0.0,0.0,0.0,0.0,0.0,0.0,0.0,0.0,0.0,0.0,0.0,0.0,0.0,0.0,0.0,0.0,0.0,0.0,0.0,0.0,0.0,0.0,0.0,0.0,0.0,0.0,0.0,0.0,0.0,0.0,0.0,0.0,0.0,0.0,0.0,0.0,0.0,0.0,0.0,0.0,0.0,0.0,0.0,0.0,0.0,0.0,0.0,0.0,0.0,0.0,0.0,0.0,0.0,0.0,0.0,0.0,0.0,0.0,0.0,0.0,0.0,0.0,0.0,0.0,0.0,0.0,0.0,0.0,0.0,0.0,0.0,0.0,0.0,0.0,0.0,0.0,0.0,0.0,0.0,0.0,0.0,0.0,0.0,0.0,0.0,0.0,0.0,0.0,0.0,0.0,0.0,0.0,0.0,0.0,0.0,0.0,0.0,0.0,0.0,0.0,0.0,0.0,0.0,0.0,0.0,0.0,0.0,0.0,0.0,0.0,0.0,0.0,0.0,0.0,0.0,0.0,0.0,0.0,0.0,0.0,0.0,0.0,0.0,0.0,0.0,0.0,0.0,0.0,0.0,0.0,0.0
L,0.1,0.1,0.10000000000000003,0.09999999999999998,0.09999999999999998,0.10000000000000009,0.09999999999999998,0.09999999999999998,0.09999999999999998,0.09999999999999998,0.10000000000000009,0.10000000000000009,0.09999999999999987,0.10000000000000009,0.09999999999999987,0.10000000000000009,0.10000000000000009,0.09999999999999987,0.10000000000000009,0.09999999999999987,0.10000000000000009,0.10000000000000009,0.10000000000000009,0.10000000000000009,0.09999999999999964,0.10000000000000009,0.10000000000000009,0.10000000000000009,0.10000000000000009,0.09999999999999964,0.10000000000000009,0.10000000000000009,0.10000000000000009,0.10000000000000009,0.09999999999999964,0.10000000000000009,0.10000000000000009,0.10000000000000009,0.10000000000000009,0.09999999999999964,0.10000000000000053,0.09999999999999964,0.09999999999999964,0.10000000000000053,0.09999999999999964,0.10000000000000053,0.09999999999999964,0.10000000000000053,0.09999999999999964,0.09999999999999964,0.10000000000000053,0.09999999999999964,0.10000000000000053,0.09999999999999964,0.09999999999999964,0.10000000000000053,0.09999999999999964,0.10000000000000053,0.09999999999999964,0.09999999999999964,0.10000000000000053,0.09999999999999964,0.10000000000000053,0.09999999999999964,0.09999999999999964,0.10000000000000053,0.09999999999999964,0.10000000000000053,0.09999999999999964,0.09999999999999964,0.10000000000000053,0.09999999999999964,0.10000000000000053,0.09999999999999964,0.09999999999999964,0.10000000000000053,0.09999999999999964,0.10000000000000053,0.09999999999999964,0.09999999999999964,0.09999999999999964,0.10000000000000142,0.09999999999999964,0.09999999999999964,0.09999999999999964,0.09999999999999964,0.10000000000000142,0.09999999999999964,0.09999999999999964,0.09999999999999964,0.09999999999999964,0.10000000000000142,0.09999999999999964,0.09999999999999964,0.09999999999999964,0.10000000000000142,0.09999999999999964,0.09999999999999964,0.09999999999999964,0.09999999999999964,0.1,0.1,0.10000000000000003,0.09999999999999998,0.09999999999999998,0.10000000000000009,0.09999999999999998,0.09999999999999998,0.09999999999999998,0.09999999999999998,0.10000000000000009,0.10000000000000009,0.09999999999999987,0.10000000000000009,0.09999999999999987,0.10000000000000009,0.10000000000000009,0.09999999999999987,0.10000000000000009,0.09999999999999987,0.10000000000000009,0.10000000000000009,0.10000000000000009,0.10000000000000009,0.09999999999999964,0.10000000000000009,0.10000000000000009,0.10000000000000009,0.10000000000000009,0.09999999999999964,0.10000000000000009,0.10000000000000009,0.10000000000000009,0.10000000000000009,0.09999999999999964,0.10000000000000009,0.10000000000000009,0.10000000000000009,0.10000000000000009,0.09999999999999964,0.10000000000000053,0.09999999999999964,0.09999999999999964,0.10000000000000053,0.09999999999999964,0.10000000000000053,0.09999999999999964,0.10000000000000053,0.09999999999999964,0.09999999999999964,0.10000000000000053,0.09999999999999964,0.10000000000000053,0.09999999999999964,0.09999999999999964,0.10000000000000053,0.09999999999999964,0.10000000000000053,0.09999999999999964,0.09999999999999964,0.10000000000000053,0.09999999999999964,0.10000000000000053,0.09999999999999964,0.09999999999999964,0.10000000000000053,0.09999999999999964,0.10000000000000053,0.09999999999999964,0.09999999999999964,0.10000000000000053,0.09999999999999964,0.10000000000000053,0.09999999999999964,0.09999999999999964,0.10000000000000053,0.09999999999999964,0.10000000000000053,0.09999999999999964,0.09999999999999964,0.09999999999999964,0.10000000000000142,0.09999999999999964,0.09999999999999964,0.09999999999999964,0.09999999999999964,0.10000000000000142,0.09999999999999964,0.09999999999999964,0.09999999999999964,0.09999999999999964,0.10000000000000142,0.09999999999999964,0.09999999999999964,0.09999999999999964,0.10000000000000142,0.09999999999999964,0.09999999999999964,0.09999999999999964,0.09999999999999964,0.1,0.1,0.10000000000000003,0.09999999999999998,0.09999999999999998,0.10000000000000009,0.09999999999999998,0.09999999999999998,0.09999999999999998,0.09999999999999998,0.10000000000000009,0.10000000000000009,0.09999999999999987,0.10000000000000009,0.09999999999999987,0.10000000000000009,0.10000000000000009,0.09999999999999987,0.10000000000000009,0.09999999999999987,0.10000000000000009,0.10000000000000009,0.10000000000000009,0.10000000000000009,0.09999999999999964,0.10000000000000009,0.10000000000000009,0.10000000000000009,0.10000000000000009,0.09999999999999964,0.10000000000000009,0.10000000000000009,0.10000000000000009,0.10000000000000009,0.09999999999999964,0.10000000000000009,0.10000000000000009,0.10000000000000009,0.10000000000000009,0.09999999999999964,0.10000000000000053,0.09999999999999964,0.09999999999999964,0.10000000000000053,0.09999999999999964,0.10000000000000053,0.09999999999999964,0.10000000000000053,0.09999999999999964,0.09999999999999964,0.10000000000000053,0.09999999999999964,0.10000000000000053,0.09999999999999964,0.09999999999999964,0.10000000000000053,0.09999999999999964,0.10000000000000053,0.09999999999999964,0.09999999999999964,0.10000000000000053,0.09999999999999964,0.10000000000000053,0.09999999999999964,0.09999999999999964,0.10000000000000053,0.09999999999999964,0.10000000000000053,0.09999999999999964,0.09999999999999964,0.10000000000000053,0.09999999999999964,0.10000000000000053,0.09999999999999964,0.09999999999999964,0.10000000000000053,0.09999999999999964,0.10000000000000053,0.09999999999999964,0.09999999999999964,0.09999999999999964,0.10000000000000142,0.09999999999999964,0.09999999999999964,0.09999999999999964,0.09999999999999964,0.10000000000000142,0.09999999999999964,0.09999999999999964,0.09999999999999964,0.09999999999999964,0.10000000000000142,0.09999999999999964,0.09999999999999964,0.09999999999999964,0.10000000000000142,0.09999999999999964,0.09999999999999964,0.09999999999999964,0.09999999999999964,0.1,0.1,0.10000000000000003,0.09999999999999998,0.09999999999999998,0.10000000000000009,0.09999999999999998,0.09999999999999998,0.09999999999999998,0.09999999999999998,0.10000000000000009,0.10000000000000009,0.09999999999999987,0.10000000000000009,0.09999999999999987,0.10000000000000009,0.10000000000000009,0.09999999999999987,0.10000000000000009,0.09999999999999987,0.10000000000000009,0.10000000000000009,0.10000000000000009,0.10000000000000009,0.09999999999999964,0.10000000000000009,0.10000000000000009,0.10000000000000009,0.10000000000000009,0.09999999999999964,0.10000000000000009,0.10000000000000009,0.10000000000000009,0.10000000000000009,0.09999999999999964,0.10000000000000009,0.10000000000000009,0.10000000000000009,0.10000000000000009,0.09999999999999964,0.10000000000000053,0.09999999999999964,0.09999999999999964,0.10000000000000053,0.09999999999999964,0.10000000000000053,0.09999999999999964,0.10000000000000053,0.09999999999999964,0.09999999999999964,0.10000000000000053,0.09999999999999964,0.10000000000000053,0.09999999999999964,0.09999999999999964,0.10000000000000053,0.09999999999999964,0.10000000000000053,0.09999999999999964,0.09999999999999964,0.10000000000000053,0.09999999999999964,0.10000000000000053,0.09999999999999964,0.09999999999999964,0.10000000000000053,0.09999999999999964,0.10000000000000053,0.09999999999999964,0.09999999999999964,0.10000000000000053,0.09999999999999964,0.10000000000000053,0.09999999999999964,0.09999999999999964,0.10000000000000053,0.09999999999999964,0.10000000000000053,0.09999999999999964,0.09999999999999964,0.09999999999999964,0.10000000000000142,0.09999999999999964,0.09999999999999964,0.09999999999999964,0.09999999999999964,0.10000000000000142,0.09999999999999964,0.09999999999999964,0.09999999999999964,0.09999999999999964,0.10000000000000142,0.09999999999999964,0.09999999999999964,0.09999999999999964,0.10000000000000142,0.09999999999999964,0.09999999999999964,0.09999999999999964,0.09999999999999964,0.1,0.1,0.10000000000000003,0.09999999999999998,0.09999999999999998,0.10000000000000009,0.09999999999999998,0.09999999999999998,0.09999999999999998,0.09999999999999998,0.10000000000000009,0.10000000000000009,0.09999999999999987,0.10000000000000009,0.09999999999999987,0.10000000000000009,0.10000000000000009,0.09999999999999987,0.10000000000000009,0.09999999999999987,0.10000000000000009,0.10000000000000009,0.10000000000000009,0.10000000000000009,0.09999999999999964,0.10000000000000009,0.10000000000000009,0.10000000000000009,0.10000000000000009,0.09999999999999964,0.10000000000000009,0.10000000000000009,0.10000000000000009,0.10000000000000009,0.09999999999999964,0.10000000000000009,0.10000000000000009,0.10000000000000009,0.10000000000000009,0.09999999999999964,0.10000000000000053,0.09999999999999964,0.09999999999999964,0.10000000000000053,0.09999999999999964,0.10000000000000053,0.09999999999999964,0.10000000000000053,0.09999999999999964,0.09999999999999964,0.10000000000000053,0.09999999999999964,0.10000000000000053,0.09999999999999964,0.09999999999999964,0.10000000000000053,0.09999999999999964,0.10000000000000053,0.09999999999999964,0.09999999999999964,0.10000000000000053,0.09999999999999964,0.10000000000000053,0.09999999999999964,0.09999999999999964,0.10000000000000053,0.09999999999999964,0.10000000000000053,0.09999999999999964,0.09999999999999964,0.10000000000000053,0.09999999999999964,0.10000000000000053,0.09999999999999964,0.09999999999999964,0.10000000000000053,0.09999999999999964,0.10000000000000053,0.09999999999999964,0.09999999999999964,0.09999999999999964,0.10000000000000142,0.09999999999999964,0.09999999999999964,0.09999999999999964,0.09999999999999964,0.10000000000000142,0.09999999999999964,0.09999999999999964,0.09999999999999964,0.09999999999999964,0.10000000000000142,0.09999999999999964,0.09999999999999964,0.09999999999999964,0.10000000000000142,0.09999999999999964,0.09999999999999964,0.09999999999999964,0.09999999999999964,0.1,0.1,0.10000000000000003,0.09999999999999998,0.09999999999999998,0.10000000000000009,0.09999999999999998,0.09999999999999998,0.09999999999999998,0.09999999999999998,0.10000000000000009,0.10000000000000009,0.09999999999999987,0.10000000000000009,0.09999999999999987,0.10000000000000009,0.10000000000000009,0.09999999999999987,0.10000000000000009,0.09999999999999987,0.10000000000000009,0.10000000000000009,0.10000000000000009,0.10000000000000009,0.09999999999999964,0.10000000000000009,0.10000000000000009,0.10000000000000009,0.10000000000000009,0.09999999999999964,0.10000000000000009,0.10000000000000009,0.10000000000000009,0.10000000000000009,0.09999999999999964,0.10000000000000009,0.10000000000000009,0.10000000000000009,0.10000000000000009,0.09999999999999964,0.10000000000000053,0.09999999999999964,0.09999999999999964,0.10000000000000053,0.09999999999999964,0.10000000000000053,0.09999999999999964,0.10000000000000053,0.09999999999999964,0.09999999999999964,0.10000000000000053,0.09999999999999964,0.10000000000000053,0.09999999999999964,0.09999999999999964,0.10000000000000053,0.09999999999999964,0.10000000000000053,0.09999999999999964,0.09999999999999964,0.10000000000000053,0.09999999999999964,0.10000000000000053,0.09999999999999964,0.09999999999999964,0.10000000000000053,0.09999999999999964,0.10000000000000053,0.09999999999999964,0.09999999999999964,0.10000000000000053,0.09999999999999964,0.10000000000000053,0.09999999999999964,0.09999999999999964,0.10000000000000053,0.09999999999999964,0.10000000000000053,0.09999999999999964,0.09999999999999964,0.09999999999999964,0.10000000000000142,0.09999999999999964,0.09999999999999964,0.09999999999999964,0.09999999999999964,0.10000000000000142,0.09999999999999964,0.09999999999999964,0.09999999999999964,0.09999999999999964,0.10000000000000142,0.09999999999999964,0.09999999999999964,0.09999999999999964,0.10000000000000142,0.09999999999999964,0.09999999999999964,0.09999999999999964,0.09999999999999964,0.1,0.1,0.10000000000000003,0.09999999999999998,0.09999999999999998,0.10000000000000009,0.09999999999999998,0.09999999999999998,0.09999999999999998,0.09999999999999998,0.10000000000000009,0.10000000000000009,0.09999999999999987,0.10000000000000009,0.09999999999999987,0.10000000000000009,0.10000000000000009,0.09999999999999987,0.10000000000000009,0.09999999999999987,0.10000000000000009,0.10000000000000009,0.10000000000000009,0.10000000000000009,0.09999999999999964,0.10000000000000009,0.10000000000000009,0.10000000000000009,0.10000000000000009,0.09999999999999964,0.10000000000000009,0.10000000000000009,0.10000000000000009,0.10000000000000009,0.09999999999999964,0.10000000000000009,0.10000000000000009,0.10000000000000009,0.10000000000000009,0.09999999999999964,0.10000000000000053,0.09999999999999964,0.09999999999999964,0.10000000000000053,0.09999999999999964,0.10000000000000053,0.09999999999999964,0.10000000000000053,0.09999999999999964,0.09999999999999964,0.10000000000000053,0.09999999999999964,0.10000000000000053,0.09999999999999964,0.09999999999999964,0.10000000000000053,0.09999999999999964,0.10000000000000053,0.09999999999999964,0.09999999999999964,0.10000000000000053,0.09999999999999964,0.10000000000000053,0.09999999999999964,0.09999999999999964,0.10000000000000053,0.09999999999999964,0.10000000000000053,0.09999999999999964,0.09999999999999964,0.10000000000000053,0.09999999999999964,0.10000000000000053,0.09999999999999964,0.09999999999999964,0.10000000000000053,0.09999999999999964,0.10000000000000053,0.09999999999999964,0.09999999999999964,0.09999999999999964,0.10000000000000142,0.09999999999999964,0.09999999999999964,0.09999999999999964,0.09999999999999964,0.10000000000000142,0.09999999999999964,0.09999999999999964,0.09999999999999964,0.09999999999999964,0.10000000000000142,0.09999999999999964,0.09999999999999964,0.09999999999999964,0.10000000000000142,0.09999999999999964,0.09999999999999964,0.09999999999999964,0.09999999999999964,0.1,0.1,0.10000000000000003,0.09999999999999998,0.09999999999999998,0.10000000000000009,0.09999999999999998,0.09999999999999998,0.09999999999999998,0.09999999999999998,0.10000000000000009,0.10000000000000009,0.09999999999999987,0.10000000000000009,0.09999999999999987,0.10000000000000009,0.10000000000000009,0.09999999999999987,0.10000000000000009,0.09999999999999987,0.10000000000000009,0.10000000000000009,0.10000000000000009,0.10000000000000009,0.09999999999999964,0.10000000000000009,0.10000000000000009,0.10000000000000009,0.10000000000000009,0.09999999999999964,0.10000000000000009,0.10000000000000009,0.10000000000000009,0.10000000000000009,0.09999999999999964,0.10000000000000009,0.10000000000000009,0.10000000000000009,0.10000000000000009,0.09999999999999964,0.10000000000000053,0.09999999999999964,0.09999999999999964,0.10000000000000053,0.09999999999999964,0.10000000000000053,0.09999999999999964,0.10000000000000053,0.09999999999999964,0.09999999999999964,0.10000000000000053,0.09999999999999964,0.10000000000000053,0.09999999999999964,0.09999999999999964,0.10000000000000053,0.09999999999999964,0.10000000000000053,0.09999999999999964,0.09999999999999964,0.10000000000000053,0.09999999999999964,0.10000000000000053,0.09999999999999964,0.09999999999999964,0.10000000000000053,0.09999999999999964,0.10000000000000053,0.09999999999999964,0.09999999999999964,0.10000000000000053,0.09999999999999964,0.10000000000000053,0.09999999999999964,0.09999999999999964,0.10000000000000053,0.09999999999999964,0.10000000000000053,0.09999999999999964,0.09999999999999964,0.09999999999999964,0.10000000000000142,0.09999999999999964,0.09999999999999964,0.09999999999999964,0.09999999999999964,0.10000000000000142,0.09999999999999964,0.09999999999999964,0.09999999999999964,0.09999999999999964,0.10000000000000142,0.09999999999999964,0.09999999999999964,0.09999999999999964,0.10000000000000142,0.09999999999999964,0.09999999999999964,0.09999999999999964,0.09999999999999964
